R1,2203,2359,50,30,90,100,0,50,100,40,0,1000,100E
R2,2218,2371,50,30,90,100,0,50,100,40,0,1000,100E
R3,2225,2380,50,30,90,100,0,50,100,40,0,1000,100E
R4,2239,2396,50,30,90,100,0,50,100,40,0,1000,100E
R5,2248,2406,50,30,90,100,0,50,100,40,0,1000,100E
R6,2255,2413,50,30,90,100,0,50,100,40,0,1000,100E
R7,2257,2418,50,30,90,100,0,50,100,40,0,1000,100E
R8,2256,2418,50,30,90,100,0,50,100,40,0,1000,100E
R9,2247,2415,50,30,90,100,0,50,100,40,0,1000,100E
R10,2224,2408,50,30,90,100,0,50,100,40,0,1000,100E
R11,2186,2380,50,30,90,100,0,50,100,40,0,1000,100E
R12,2163,2356,50,30,90,100,0,50,100,40,0,1000,100E
R13,2107,2315,50,30,90,100,0,50,100,40,0,1000,100E
R14,2064,2259,50,30,90,100,0,50,100,40,0,1000,100E
R15,2040,2229,50,30,90,100,0,50,100,40,0,1000,100E
R16,2001,2173,50,30,90,100,0,50,100,40,0,1000,100E
R17,1961,2114,50,30,90,100,0,50,100,40,0,1000,100E
R18,1919,2067,50,30,90,100,0,50,100,40,0,1000,100E
R19,1881,2020,50,30,90,100,0,50,100,40,0,1000,100E
R20,1855,1978,50,30,90,100,0,50,100,40,0,1000,100E
R21,1830,1934,50,30,90,100,0,50,100,40,0,1000,100E
R22,1788,1895,50,30,90,100,0,50,100,40,0,1000,100E
R23,1769,1858,50,30,90,100,0,50,100,40,0,1000,100E
R24,1744,1820,50,30,90,100,0,50,100,40,0,1000,100E
R25,1704,1793,50,30,90,100,0,50,100,40,0,1000,100E
R26,1680,1754,50,30,90,100,0,50,100,40,0,1000,100E
R27,1653,1712,50,100,90,100,0,50,100,40,0,1000,100E
R28,1629,1689,50,100,90,100,0,50,100,40,0,1000,100E
R29,1605,1646,50,100,90,100,0,50,100,40,0,1000,100E
R30,1579,1620,50,100,90,100,0,50,100,40,0,1000,100E
R31,1553,1596,50,100,90,100,0,50,100,40,0,1000,100E
R32,1526,1557,50,100,90,100,0,50,100,40,0,1000,100E
R33,1505,1549,50,100,90,100,0,50,100,40,0,1000,100E
R34,1495,1521,50,100,90,100,0,50,100,40,0,1000,100E
R35,1470,1495,50,100,90,100,0,50,100,40,0,1000,100E
R36,1444,1466,50,100,90,100,0,50,100,40,0,1000,100E
R37,1436,1457,50,100,90,100,0,50,100,40,0,1000,100E
R38,1410,1430,50,100,90,100,0,50,100,40,0,1000,100E
R39,1387,1417,50,100,90,100,0,50,100,40,0,1000,100E
R40,1363,1390,50,100,90,100,0,50,100,40,0,1000,100E
R41,1353,1368,50,100,90,100,0,50,100,40,0,1000,100E
R42,1334,1361,50,100,90,100,0,50,100,40,0,1000,100E
R43,1323,1345,50,100,90,100,0,50,100,40,0,1000,100E
R44,1305,1321,50,100,90,100,0,50,100,40,0,1000,100E
R45,1283,1313,50,100,90,100,0,50,100,40,0,1000,100E
R46,1271,1297,50,100,90,100,0,50,100,40,0,1000,100E
R47,1258,1282,50,100,90,100,0,50,100,40,0,1000,100E
R48,1235,1271,50,100,90,100,0,50,100,40,0,1000,100E
R49,1223,1257,50,100,90,100,0,50,100,40,0,1000,100E
R50,1210,1243,50,100,90,100,0,50,100,40,0,1000,100E
R51,1194,1231,50,100,90,100,0,50,100,40,0,1000,100E
R52,1185,1222,50,100,90,100,0,50,100,40,0,1000,100E
R53,1173,1212,50,100,90,100,0,50,100,40,0,1000,100E
R54,1158,1203,50,100,90,100,0,50,100,40,0,1000,100E
R55,1145,1194,50,100,90,100,0,50,100,40,0,1000,100E
R56,1133,1184,50,100,90,100,0,50,100,40,0,1000,100E
R57,1120,1176,50,100,90,100,0,50,100,40,0,1000,100E
R58,1108,1168,50,100,90,100,0,50,100,40,0,1000,100E
R59,1097,1161,50,100,90,100,0,50,100,40,0,1000,100E
R60,1087,1154,50,100,90,100,0,50,100,40,0,1000,100E
R61,1075,1148,50,100,90,100,0,50,100,40,0,1000,100E
R62,1069,1144,50,100,90,100,0,50,100,40,0,1000,100E
R63,1060,1139,50,100,90,100,0,50,100,40,0,1000,100E
R64,1050,1134,50,100,90,100,0,50,100,40,0,1000,100E
R65,1041,1130,50,100,90,100,0,50,100,40,0,1000,100E
R66,1033,1125,50,100,90,100,0,50,100,40,0,1000,100E
R67,1022,1121,50,100,90,100,0,50,100,40,0,1000,100E
R68,1014,1117,50,100,90,100,0,50,100,40,0,1000,100E
R69,1007,1113,50,100,90,100,0,50,100,40,0,1000,100E
R70,1000,1110,50,100,90,100,0,50,100,40,0,1000,100E
R71,991,1107,50,100,90,100,0,50,100,40,0,1000,100E
R72,988,1105,50,100,90,100,0,50,100,40,0,1000,100E
R73,980,1102,50,100,90,100,0,50,100,40,0,1000,100E
R74,973,1099,50,100,90,100,0,50,100,40,0,1000,100E
R75,966,1097,50,100,90,100,0,50,100,40,0,1000,100E
R76,960,1094,50,100,90,100,0,50,100,40,0,1000,100E
R77,954,1092,50,100,90,100,0,50,100,40,0,1000,100E
R78,948,1090,50,100,90,100,0,50,100,40,0,1000,100E
R79,943,1088,50,100,90,100,0,50,100,40,0,1000,100E
R80,938,1086,50,100,90,100,0,50,100,40,0,1000,100E
R81,933,1085,50,100,90,100,0,50,100,40,0,1000,100E
R82,930,1084,50,100,90,100,0,50,100,40,0,1000,100E
R83,925,1083,50,100,90,100,0,50,100,40,0,1000,100E
R84,921,1082,50,100,90,100,0,50,100,40,0,1000,100E
R85,917,1080,50,100,90,100,0,50,100,40,0,1000,100E
R86,913,1079,50,100,90,100,0,50,100,40,0,1000,100E
R87,908,1078,50,100,90,100,0,50,100,40,0,1000,100E
R88,905,1077,50,100,90,100,0,50,100,40,0,1000,100E
R89,901,1076,50,100,90,100,0,50,100,40,0,1000,100E
R90,898,1076,50,100,90,100,0,50,100,40,0,1000,100E
R91,896,1075,50,100,90,100,0,50,100,40,0,1000,100E
R92,893,1075,50,100,90,100,0,50,100,40,0,1000,100E
R93,890,1075,50,100,90,100,0,50,100,40,0,1000,100E
R94,888,1074,50,100,90,100,0,50,100,40,0,1000,100E
R95,885,1074,50,100,90,100,0,50,100,40,0,1000,100E
R96,883,1074,50,100,90,100,0,50,100,40,0,1000,100E
R97,881,1074,50,100,90,100,0,50,100,40,0,1000,100E
R98,879,1074,50,100,90,100,0,50,100,40,0,1000,100E
R99,877,1074,50,100,90,100,0,50,100,40,0,1000,100E
R100,875,1074,50,100,90,100,0,50,100,40,0,1000,100E
R101,874,1074,50,100,90,100,0,50,100,40,0,1000,100E
R102,873,1074,50,100,90,100,0,50,100,40,0,1000,100E
R103,872,1074,50,100,90,100,0,50,100,40,0,1000,100E
R104,870,1074,50,100,90,100,0,50,100,40,0,1000,100E
R105,870,1075,50,100,90,100,0,50,100,40,0,1000,100E
R106,869,1076,50,100,90,100,0,50,100,40,0,1000,100E
R107,868,1077,50,100,90,100,0,50,100,40,0,1000,100E
R108,867,1078,50,100,90,100,0,50,100,40,0,1000,100E
R109,867,1079,50,100,90,100,0,50,100,40,0,1000,100E
R110,867,1080,50,100,90,100,0,50,100,40,0,1000,100E
R111,867,1081,50,100,90,100,0,50,100,40,0,1000,100E
R112,866,1082,50,100,90,100,0,50,100,40,0,1000,100E
R113,866,1083,50,100,90,100,0,50,100,40,0,1000,100E
R114,866,1084,50,100,90,100,0,50,100,40,0,1000,100E
R115,866,1086,50,100,90,100,0,50,100,40,0,1000,100E
R116,866,1087,50,100,90,100,0,50,100,40,0,1000,100E
R117,866,1088,50,100,90,100,0,50,100,40,0,1000,100E
R118,866,1090,50,100,90,100,0,50,100,40,0,1000,100E
R119,867,1091,50,100,90,100,0,50,100,40,0,1000,100E
R120,868,1093,50,100,90,100,0,50,100,40,0,1000,100E
R121,868,1095,50,100,90,100,0,50,100,40,0,1000,100E
R122,869,1097,50,100,90,100,0,50,100,40,0,1000,100E
R123,870,1098,50,100,90,100,0,50,100,40,0,1000,100E
R124,871,1100,50,100,90,100,0,50,100,40,0,1000,100E
R125,873,1102,50,100,90,100,0,50,100,40,0,1000,100E
R126,874,1104,50,100,90,100,0,50,100,40,0,1000,100E
R127,875,1105,50,100,90,100,0,50,100,40,0,1000,100E
R128,876,1108,50,100,90,100,0,50,100,40,0,1000,100E
R129,877,1110,50,100,90,100,0,50,100,40,0,1000,100E
R130,879,1111,50,100,90,100,0,50,100,40,0,1000,100E
R131,880,1114,50,100,90,100,0,50,100,40,0,1000,100E
R132,881,1116,50,100,90,100,0,50,100,40,0,1000,100E
R133,883,1118,50,100,90,100,0,50,100,40,0,1000,100E
R134,884,1121,50,100,90,100,0,50,100,40,0,1000,100E
R135,886,1123,50,100,90,100,0,50,100,40,0,1000,100E
R136,888,1125,50,100,90,100,0,50,100,40,0,1000,100E
R137,889,1127,50,100,90,100,0,50,100,40,0,1000,100E
R138,891,1130,50,100,90,100,0,50,100,40,0,1000,100E
R139,893,1132,50,100,90,100,0,50,100,40,0,1000,100E
R140,895,1134,50,100,90,100,0,50,100,40,0,1000,100E
R141,897,1137,50,100,90,100,0,50,100,40,0,1000,100E
R142,899,1139,50,100,90,100,0,50,100,40,0,1000,100E
R143,901,1141,50,100,90,100,0,50,100,40,0,1000,100E
R144,903,1144,50,100,90,100,0,50,100,40,0,1000,100E
R145,906,1146,50,100,90,100,0,50,100,40,0,1000,100E
R146,908,1148,50,100,90,100,0,50,100,40,0,1000,100E
R147,910,1151,50,100,90,100,0,50,100,40,0,1000,100E
R148,912,1154,50,100,90,100,0,50,100,40,0,1000,100E
R149,914,1156,50,100,90,100,0,50,100,40,0,1000,100E
R150,916,1159,50,100,90,100,0,50,100,40,0,1000,100E
R151,917,1160,50,100,90,100,0,50,100,40,0,1000,100E
R152,917,1160,50,100,90,100,0,50,100,40,0,1000,100E
R153,918,1161,50,100,90,100,0,50,100,40,0,1000,100E
R154,926,1169,50,100,90,100,0,50,100,40,0,1000,100E
R155,929,1172,50,100,90,100,0,50,100,40,0,1000,100E
R156,932,1174,50,100,90,100,0,50,100,40,0,1000,100E
R157,934,1177,50,100,90,100,0,50,100,40,0,1000,100E
R158,936,1180,50,100,90,100,0,50,100,40,0,1000,100E
R159,939,1182,50,100,90,100,0,50,100,40,0,1000,100E
R160,942,1185,50,100,90,100,0,50,100,40,0,1000,100E
R161,944,1188,50,100,90,100,0,50,100,40,0,1000,100E
R162,947,1190,50,100,90,100,0,50,100,40,0,1000,100E
R163,950,1193,50,100,90,100,0,50,100,40,0,1000,100E
R164,952,1195,50,100,90,100,0,50,100,40,0,1000,100E
R165,955,1198,50,100,90,100,0,50,100,40,0,1000,100E
R166,958,1200,50,100,90,100,0,50,100,40,0,1000,100E
R167,960,1203,50,100,90,100,0,50,100,40,0,1000,100E
R168,964,1206,50,100,90,100,0,50,100,40,0,1000,100E
R169,967,1208,50,100,90,100,0,50,100,40,0,1000,100E
R170,969,1211,50,100,90,100,0,50,100,40,0,1000,100E
R171,973,1214,50,100,90,100,0,50,100,40,0,1000,100E
R172,975,1216,50,100,90,100,0,50,100,40,0,1000,100E
R173,978,1219,50,100,90,100,0,50,100,40,0,1000,100E
R174,981,1222,50,100,90,100,0,50,100,40,0,1000,100E
R175,985,1226,50,100,90,100,0,50,100,40,0,1000,100E
R176,988,1229,50,100,90,100,0,50,100,40,0,1000,100E
R177,991,1232,50,100,90,100,0,50,100,40,0,1000,100E
R178,995,1235,50,100,90,100,0,50,100,40,0,1000,100E
R179,997,1237,50,100,90,100,0,50,100,40,0,1000,100E
R180,999,1240,50,100,90,100,0,50,100,40,0,1000,100E
R181,1003,1242,50,100,90,100,0,50,100,40,0,1000,100E
R182,1007,1246,50,100,90,100,0,50,100,40,0,1000,100E
R183,1008,1248,50,100,90,100,0,50,100,40,0,1000,100E
R184,1012,1250,50,100,90,100,0,50,100,40,0,1000,100E
R185,1015,1253,50,100,90,100,0,50,100,40,0,1000,100E
R186,1018,1256,50,100,90,100,0,50,100,40,0,1000,100E
R187,1022,1260,50,100,90,100,0,50,100,40,0,1000,100E
R188,1026,1263,50,100,90,100,0,50,100,40,0,1000,100E
R189,1029,1265,50,100,90,100,0,50,100,40,0,1000,100E
R190,1031,1268,50,100,90,100,0,50,100,40,0,1000,100E
R191,1035,1272,50,100,90,100,0,50,100,40,0,1000,100E
R192,1038,1274,50,100,90,100,0,50,100,40,0,1000,100E
R193,1041,1278,50,100,90,100,0,50,100,40,0,1000,100E
R194,1044,1280,50,100,90,100,0,50,100,40,0,1000,100E
R195,1048,1283,50,100,90,100,0,50,100,40,0,1000,100E
R196,1051,1286,50,100,90,100,0,50,100,40,0,1000,100E
R197,1053,1289,50,100,90,100,0,50,100,40,0,1000,100E
R198,1057,1292,50,100,90,100,0,50,100,40,0,1000,100E
R199,1060,1295,50,100,90,100,0,50,100,40,0,1000,100E
R200,1063,1298,50,100,90,100,0,50,100,40,0,1000,100E
R201,1066,1301,50,100,90,100,0,50,100,40,0,1000,100E
R202,1069,1304,50,100,90,100,0,50,100,40,0,1000,100E
R203,1073,1307,50,100,90,100,0,50,100,40,0,1000,100E
R204,1076,1310,50,100,90,100,0,50,100,40,0,1000,100E
R205,1079,1312,50,100,90,100,0,50,100,40,0,1000,100E
R206,1082,1315,50,100,90,100,0,50,100,40,0,1000,100E
R207,1085,1318,50,100,90,100,0,50,100,40,0,1000,100E
R208,1089,1320,50,100,90,100,0,50,100,40,0,1000,100E
R209,1092,1324,50,100,90,100,0,50,100,40,0,1000,100E
R210,1095,1326,50,100,90,100,0,50,100,40,0,1000,100E
R211,1099,1328,50,100,90,100,0,50,100,40,0,1000,100E
R212,1102,1331,50,100,90,100,0,50,100,40,0,1000,100E
R213,1104,1334,50,100,90,100,0,50,100,40,0,1000,100E
R214,1108,1337,50,100,90,100,0,50,100,40,0,1000,100E
R215,1111,1339,50,100,90,100,0,50,100,40,0,1000,100E
R216,1114,1343,50,100,90,100,0,50,100,40,0,1000,100E
R217,1118,1345,50,100,90,100,0,50,100,40,0,1000,100E
R218,1121,1347,50,100,90,100,0,50,100,40,0,1000,100E
R219,1124,1350,50,100,90,100,0,50,100,40,0,1000,100E
R220,1127,1353,50,100,90,100,0,50,100,40,0,1000,100E
R221,1131,1355,50,100,90,100,0,50,100,40,0,1000,100E
R222,1134,1358,50,100,90,100,0,50,100,40,0,1000,100E
R223,1136,1360,50,100,90,100,0,50,100,40,0,1000,100E
R224,1140,1363,50,100,90,100,0,50,100,40,0,1000,100E
R225,1144,1366,50,100,90,100,0,50,100,40,0,1000,100E
R226,1146,1368,50,100,90,100,0,50,100,40,0,1000,100E
R227,1150,1371,50,100,90,100,0,50,100,40,0,1000,100E
R228,1153,1373,50,100,90,100,0,50,100,40,0,1000,100E
R229,1156,1376,50,100,90,100,0,50,100,40,0,1000,100E
R230,1159,1379,50,100,90,100,0,50,100,40,0,1000,100E
R231,1162,1381,50,100,90,100,0,50,100,40,0,1000,100E
R232,1165,1384,50,100,90,100,0,50,100,40,0,1000,100E
R233,1168,1386,50,100,90,100,0,50,100,40,0,1000,100E
R234,1171,1389,50,100,90,100,0,50,100,40,0,1000,100E
R235,1174,1391,50,100,90,100,0,50,100,40,0,1000,100E
R236,1177,1394,50,100,90,100,0,50,100,40,0,1000,100E
R237,1180,1396,50,100,90,100,0,50,100,40,0,1000,100E
R238,1183,1399,50,100,90,100,0,50,100,40,0,1000,100E
R239,1186,1401,50,100,90,100,0,50,100,40,0,1000,100E
R240,1189,1403,50,100,90,100,0,50,100,40,0,1000,100E
R241,1192,1406,50,100,90,100,0,50,100,40,0,1000,100E
R242,1195,1408,50,100,90,100,0,50,100,40,0,1000,100E
R243,1198,1410,50,100,90,100,0,50,100,40,0,1000,100E
R244,1201,1412,50,100,90,100,0,50,100,40,0,1000,100E
R245,1204,1416,50,100,90,100,0,50,100,40,0,1000,100E
R246,1207,1418,50,100,90,100,0,50,100,40,0,1000,100E
R247,1210,1420,50,100,90,100,0,50,100,40,0,1000,100E
R248,1213,1423,50,100,90,100,0,50,100,40,0,1000,100E
R249,1215,1425,50,100,90,100,0,50,100,40,0,1000,100E
R250,1219,1428,50,100,90,100,0,50,100,40,0,1000,100E
R251,1222,1430,50,100,90,100,0,50,100,40,0,1000,100E
R252,1225,1432,50,100,90,100,0,50,100,40,0,1000,100E
R253,1229,1434,50,100,90,100,0,50,100,40,0,1000,100E
R254,1232,1437,50,100,90,100,0,50,100,40,0,1000,100E
R255,1235,1439,50,100,90,100,0,50,100,40,0,1000,100E
R256,1238,1442,50,100,90,100,0,50,100,40,0,1000,100E
R257,1241,1444,50,100,90,100,0,50,100,40,0,1000,100E
R258,1244,1447,50,100,90,100,0,50,100,40,0,1000,100E
R259,1247,1449,50,100,90,100,0,50,100,40,0,1000,100E
R260,1250,1451,50,100,90,100,0,50,100,40,0,1000,100E
R261,1253,1453,50,100,90,100,0,50,100,40,0,1000,100E
R262,1256,1456,50,100,90,100,0,50,100,40,0,1000,100E
R263,1259,1458,50,100,90,100,0,50,100,40,0,1000,100E
R264,1262,1460,50,100,90,100,0,50,100,40,0,1000,100E
R265,1265,1462,50,100,90,100,0,50,100,40,0,1000,100E
R266,1268,1464,50,100,90,100,0,50,100,40,0,1000,100E
R267,1271,1467,50,100,90,100,0,50,100,40,0,1000,100E
R268,1273,1469,50,100,90,100,0,50,100,40,0,1000,100E
R269,1277,1470,50,100,90,100,0,50,100,40,0,1000,100E
R270,1280,1472,50,100,90,100,0,50,100,40,0,1000,100E
R271,1283,1475,50,100,90,100,0,50,100,40,0,1000,100E
R272,1286,1477,50,100,90,100,0,50,100,40,0,1000,100E
R273,1289,1479,50,100,90,100,0,50,100,40,0,1000,100E
R274,1292,1482,50,100,90,100,0,50,100,40,0,1000,100E
R275,1295,1484,50,100,90,100,0,50,100,40,0,1000,100E
R276,1298,1486,50,100,90,100,0,50,100,40,0,1000,100E
R277,1301,1488,50,100,90,100,0,50,100,40,0,1000,100E
R278,1303,1490,50,100,90,100,0,50,100,40,0,1000,100E
R279,1306,1493,50,100,90,100,0,50,100,40,0,1000,100E
R280,1309,1495,50,100,90,100,0,50,100,40,0,1000,100E
R281,1311,1497,50,100,90,100,0,50,100,40,0,1000,100E
R282,1314,1499,50,100,90,100,0,50,100,40,0,1000,100E
R283,1318,1501,50,100,90,100,0,50,100,40,0,1000,100E
R284,1319,1503,50,100,90,100,0,50,100,40,0,1000,100E
R285,1323,1506,50,100,90,100,0,50,100,40,0,1000,100E
R286,1326,1507,50,100,90,100,0,50,100,40,0,1000,100E
R287,1329,1509,50,100,90,100,0,50,100,40,0,1000,100E
R288,1331,1511,50,100,90,100,0,50,100,40,0,1000,100E
R289,1335,1513,50,100,90,100,0,50,100,40,0,1000,100E
R290,1337,1515,50,100,90,100,0,50,100,40,0,1000,100E
R291,1340,1517,50,100,90,100,0,50,100,40,0,1000,100E
R292,1343,1519,50,100,90,100,0,50,100,40,0,1000,100E
R293,1346,1521,50,100,90,100,0,50,100,40,0,1000,100E
R294,1348,1523,50,100,90,100,0,50,100,40,0,1000,100E
R295,1350,1525,50,100,90,100,0,50,100,40,0,1000,100E
R296,1354,1527,50,100,90,100,0,50,100,40,0,1000,100E
R297,1356,1530,50,100,90,100,0,50,100,40,0,1000,100E
R298,1358,1531,50,100,90,100,0,50,100,40,0,1000,100E
R299,1362,1533,50,100,90,100,0,50,100,40,0,1000,100E
R300,1364,1535,50,100,90,100,0,50,100,40,0,1000,100E
R301,1367,1537,50,100,90,100,0,50,100,40,0,1000,100E
R302,1369,1538,50,100,90,100,0,50,100,40,0,1000,100E
R303,1372,1540,50,100,90,100,0,50,100,40,0,1000,100E
R304,1374,1543,50,100,90,100,0,50,100,40,0,1000,100E
R305,1377,1545,50,100,90,100,0,50,100,40,0,1000,100E
R306,1380,1547,50,100,90,100,0,50,100,40,0,1000,100E
R307,1382,1549,50,100,90,100,0,50,100,40,0,1000,100E
R308,1384,1551,50,100,90,100,0,50,100,40,0,1000,100E
R309,1387,1552,50,100,90,100,0,50,100,40,0,1000,100E
R310,1390,1554,50,100,90,100,0,50,100,40,0,1000,100E
R311,1392,1556,50,100,90,100,0,50,100,40,0,1000,100E
R312,1395,1558,50,100,90,100,0,50,100,40,0,1000,100E
R313,1397,1560,50,100,90,100,0,50,100,40,0,1000,100E
R314,1400,1562,50,100,90,100,0,50,100,40,0,1000,100E
R315,1403,1563,50,100,90,100,0,50,100,40,0,1000,100E
R316,1405,1565,50,100,90,100,0,50,100,40,0,1000,100E
R317,1407,1567,50,100,90,100,0,50,100,40,0,1000,100E
R318,1410,1569,50,100,90,100,0,50,100,40,0,1000,100E
R319,1413,1571,50,100,90,100,0,50,100,40,0,1000,100E
R320,1415,1573,50,100,90,100,0,50,100,40,0,1000,100E
R321,1417,1575,50,100,90,100,0,50,100,40,0,1000,100E
R322,1421,1576,50,100,90,100,0,50,100,40,0,1000,100E
R323,1423,1578,50,100,90,100,0,50,100,40,0,1000,100E
R324,1425,1580,50,100,90,100,0,50,100,40,0,1000,100E
R325,1428,1582,50,100,90,100,0,50,100,40,0,1000,100E
R326,1430,1584,50,100,90,100,0,50,100,40,0,1000,100E
R327,1432,1586,50,100,90,100,0,50,100,40,0,1000,100E
R328,1435,1588,50,100,90,100,0,50,100,40,0,1000,100E
R329,1438,1589,50,100,90,100,0,50,100,40,0,1000,100E
R330,1440,1591,50,100,90,100,0,50,100,40,0,1000,100E
R331,1443,1593,50,100,90,100,0,50,100,40,0,1000,100E
R332,1445,1595,50,100,90,100,0,50,100,40,0,1000,100E
R333,1447,1596,50,100,90,100,0,50,100,40,0,1000,100E
R334,1450,1598,50,100,90,100,0,50,100,40,0,1000,100E
R335,1452,1600,50,100,90,100,0,50,100,40,0,1000,100E
R336,1455,1602,50,100,90,100,0,50,100,40,0,1000,100E
R337,1457,1603,50,100,90,100,0,50,100,40,0,1000,100E
R338,1460,1606,50,100,90,100,0,50,100,40,0,1000,100E
R339,1462,1607,50,100,90,100,0,50,100,40,0,1000,100E
R340,1465,1609,50,100,90,100,0,50,100,40,0,1000,100E
R341,1468,1610,50,100,90,100,0,50,100,40,0,1000,100E
R342,1470,1612,50,100,90,100,0,50,100,40,0,1000,100E
R343,1472,1613,50,100,90,100,0,50,100,40,0,1000,100E
R344,1475,1615,50,100,90,100,0,50,100,40,0,1000,100E
R345,1477,1617,50,100,90,100,0,50,100,40,0,1000,100E
R346,1480,1619,50,100,90,100,0,50,100,40,0,1000,100E
R347,1482,1620,50,100,90,100,0,50,100,40,0,1000,100E
R348,1485,1622,50,100,90,100,0,50,100,40,0,1000,100E
R349,1488,1624,50,100,90,100,0,50,100,40,0,1000,100E
R350,1490,1625,50,100,90,100,0,50,100,40,0,1000,100E
R351,1492,1627,50,100,90,100,0,50,100,40,0,1000,100E
R352,1495,1629,50,100,90,100,0,50,100,40,0,1000,100E
R353,1497,1631,50,100,90,100,0,50,100,40,0,1000,100E
R354,1499,1633,50,100,90,100,0,50,100,40,0,1000,100E
R355,1502,1634,50,100,90,100,0,50,100,40,0,1000,100E
R356,1504,1636,50,100,90,100,0,50,100,40,0,1000,100E
R357,1507,1638,50,100,90,100,0,50,100,40,0,1000,100E
R358,1509,1640,50,100,90,100,0,50,100,40,0,1000,100E
R359,1512,1641,50,100,90,100,0,50,100,40,0,1000,100E
R360,1514,1643,50,100,90,100,0,50,100,40,0,1000,100E
R361,1516,1644,50,100,90,100,0,50,100,40,0,1000,100E
R362,1519,1646,50,100,90,100,0,50,100,40,0,1000,100E
R363,1521,1648,50,100,90,100,0,50,100,40,0,1000,100E
R364,1523,1650,50,100,90,100,0,50,100,40,0,1000,100E
R365,1526,1651,50,100,90,100,0,50,100,40,0,1000,100E
R366,1528,1653,50,100,90,100,0,50,100,40,0,1000,100E
R367,1530,1654,50,100,90,100,0,50,100,40,0,1000,100E
R368,1533,1656,50,100,90,100,0,50,100,40,0,1000,100E
R369,1535,1658,50,100,90,100,0,50,100,40,0,1000,100E
R370,1537,1659,50,100,90,100,0,50,100,40,0,1000,100E
R371,1540,1661,50,100,90,100,0,50,100,40,0,1000,100E
R372,1542,1663,50,100,90,100,0,50,100,40,0,1000,100E
R373,1544,1665,50,100,90,100,0,50,100,40,0,1000,100E
R374,1547,1666,50,100,90,100,0,50,100,40,0,1000,100E
R375,1549,1668,50,100,90,100,0,50,100,40,0,1000,100E
R376,1551,1669,50,100,90,100,0,50,100,40,0,1000,100E
R377,1554,1671,50,100,90,100,0,50,100,40,0,1000,100E
R378,1556,1673,50,100,90,100,0,50,100,40,0,1000,100E
R379,1558,1674,50,100,90,100,0,50,100,40,0,1000,100E
R380,1561,1676,50,100,90,100,0,50,100,40,0,1000,100E
R381,1563,1678,50,100,90,100,0,50,100,40,0,1000,100E
R382,1566,1681,50,100,90,100,0,50,100,40,0,1000,100E
R383,1568,1682,50,100,90,100,0,50,100,40,0,1000,100E
R384,1570,1683,50,100,90,100,0,50,100,40,0,1000,100E
R385,1572,1686,50,100,90,100,0,50,100,40,0,1000,100E
R386,1574,1687,50,100,90,100,0,100,100,40,0,1000,100E
R387,1577,1689,50,100,90,100,0,100,100,40,0,1000,100E
R388,1580,1691,50,100,90,100,0,100,0,40,0,1000,100E
R389,1582,1693,50,100,90,100,0,100,0,40,0,1000,100E
R390,1584,1694,50,100,90,100,0,100,0,40,0,1000,100E
R391,1586,1696,50,100,90,100,0,100,0,40,0,1000,100E
R392,1588,1698,50,100,90,100,0,100,0,40,0,1000,100E
R393,1591,1699,50,100,90,100,0,100,0,40,0,1000,100E
R394,1593,1701,50,100,90,100,0,100,0,40,0,1000,100E
R395,1595,1702,50,100,90,100,0,100,0,40,0,1000,100E
R396,1598,1704,50,100,90,100,0,100,0,40,0,1000,100E
R397,1601,1705,50,100,90,100,0,100,0,40,0,1000,100E
R398,1603,1707,50,100,90,100,0,100,0,40,0,1000,100E
R399,1605,1708,50,100,90,100,0,100,0,40,0,1000,100E
R400,1607,1709,50,100,90,100,0,100,0,40,0,1000,100E
R401,1609,1712,50,100,90,100,0,100,0,40,0,1000,100E
R402,1612,1713,50,100,90,100,0,100,0,40,0,1000,100E
R403,1614,1715,50,100,90,100,0,100,0,40,0,1000,100E
R404,1616,1717,50,100,90,100,0,100,0,40,0,1000,100E
R405,1618,1718,50,100,90,100,0,100,0,40,0,1000,100E
R406,1621,1721,50,100,90,100,0,100,0,40,0,1000,100E
R407,1624,1722,50,100,90,100,0,100,0,40,0,1000,100E
R408,1626,1724,50,100,90,100,0,100,0,40,0,1000,100E
R409,1628,1726,50,100,90,100,0,100,0,40,0,1000,100E
R410,1630,1727,50,100,90,100,0,100,0,40,0,1000,100E
R411,1632,1729,50,100,90,100,0,100,0,40,0,1000,100E
R412,1634,1731,50,100,90,100,0,100,0,40,0,1000,100E
R413,1637,1732,50,100,90,100,0,100,0,40,0,1000,100E
R414,1639,1734,50,100,90,100,0,100,0,40,0,1000,100E
R415,1642,1736,50,100,90,100,0,100,0,40,0,1000,100E
R416,1644,1737,50,100,90,100,0,100,0,40,0,1000,100E
R417,1647,1739,50,100,90,100,0,100,0,40,0,1000,100E
R418,1648,1741,50,100,90,100,0,100,0,40,0,1000,100E
R419,1650,1742,50,80,90,100,0,100,0,40,0,1000,100E
R420,1653,1744,50,80,90,100,0,100,0,40,0,1000,100E
R421,1655,1746,50,80,90,100,0,100,0,40,0,1000,100E
R422,1657,1748,50,80,90,100,0,100,0,40,0,1000,100E
R423,1660,1750,50,80,90,100,0,100,0,40,0,1000,100E
R424,1662,1752,50,80,90,100,0,100,0,40,0,1000,100E
R425,1664,1753,50,80,90,100,0,100,0,40,0,1000,100E
R426,1666,1755,50,80,90,100,0,100,0,40,0,1000,100E
R427,1669,1757,50,80,90,100,0,100,0,40,0,1000,100E
R428,1671,1758,50,80,90,100,0,100,0,40,0,1000,100E
R429,1673,1760,50,80,90,100,0,100,0,40,0,1000,100E
R430,1676,1761,50,80,90,100,0,100,0,40,0,1000,100E
R431,1678,1763,50,80,90,100,0,100,0,40,0,1000,100E
R432,1681,1764,50,80,90,100,0,100,0,40,0,1000,100E
R433,1683,1766,50,80,90,100,0,100,0,40,0,1000,100E
R434,1686,1768,70,80,90,100,0,100,0,40,0,1000,100E
R435,1688,1769,70,80,90,100,0,100,0,40,0,1000,100E
R436,1690,1771,70,80,90,100,0,100,0,40,0,1000,100E
R437,1693,1773,70,80,90,100,0,100,0,40,0,1000,100E
R438,1694,1775,70,80,90,100,0,100,0,40,0,1000,100E
R439,1697,1778,70,80,90,100,0,100,0,40,0,1000,100E
R440,1699,1781,70,80,90,100,0,100,0,40,0,1000,100E
R441,1701,1783,70,80,90,100,0,100,0,40,0,1000,100E
R442,1703,1786,70,80,90,100,0,100,0,40,0,1000,100E
R443,1706,1789,70,80,90,100,0,100,0,40,0,1000,100E
R444,1708,1793,70,80,90,100,0,100,0,40,0,1000,100E
R445,1710,1795,70,80,90,100,0,100,0,40,0,1000,100E
R446,1713,1798,70,80,90,100,0,100,0,40,0,1000,100E
R447,1715,1802,70,80,90,100,0,100,0,40,0,1000,100E
R448,1718,1805,70,80,90,100,0,100,0,40,0,1000,100E
R449,1720,1808,70,80,90,100,0,100,0,40,0,1000,100E
R450,1723,1812,70,80,90,100,0,100,0,40,0,1000,100E
R451,1725,1815,70,80,90,100,0,100,0,40,0,1000,100E
R452,1727,1817,70,80,90,100,0,100,0,40,0,1000,100E
R453,1730,1820,70,80,90,100,0,100,0,40,0,1000,100E
R454,1733,1823,70,80,90,100,0,100,0,40,0,1000,100E
R455,1735,1826,70,80,90,100,0,100,0,40,0,1000,100E
R456,1738,1828,70,80,90,100,0,100,0,40,0,1000,100E
R457,1740,1832,70,80,90,100,0,100,0,40,0,1000,100E
R458,1743,1834,70,80,90,100,0,100,0,40,0,1000,100E
R459,1746,1836,70,80,90,100,0,100,0,40,0,1000,100E
R460,1748,1839,70,80,90,100,0,100,0,40,0,1000,100E
R461,1750,1842,70,80,90,100,0,100,0,40,0,1000,100E
R462,1753,1844,70,80,90,100,0,100,0,40,0,1000,100E
R463,1756,1847,70,80,90,100,0,100,0,40,0,1000,100E
R464,1758,1849,70,80,90,100,0,100,0,40,0,1000,100E
R465,1761,1852,70,80,90,100,0,100,0,40,0,1000,100E
R466,1764,1854,70,80,90,100,0,100,0,40,0,1000,100E
R467,1767,1857,70,80,90,100,0,100,0,40,0,1000,100E
R468,1769,1859,70,80,90,100,0,100,0,40,0,1000,100E
R469,1772,1861,70,80,90,100,0,100,0,40,0,1000,100E
R470,1775,1864,70,80,90,100,0,100,0,40,0,1000,100E
R471,1777,1866,70,80,90,100,0,100,0,40,0,1000,100E
R472,1780,1868,70,80,90,100,0,100,0,40,0,1000,100E
R473,1782,1870,70,80,90,100,0,100,0,40,0,1000,100E
R474,1784,1872,70,80,90,100,0,100,0,40,0,1000,100E
R475,1787,1874,70,80,90,100,0,100,0,40,0,1000,100E
R476,1790,1877,70,80,90,100,0,100,0,40,0,1000,100E
R477,1792,1879,70,80,90,100,0,100,0,40,0,1000,100E
R478,1794,1882,70,80,90,100,0,100,0,40,0,1000,100E
R479,1797,1884,70,80,90,100,0,100,0,40,0,1000,100E
R480,1800,1886,70,80,90,100,0,100,0,40,0,1000,100E
R481,1802,1887,70,80,90,100,0,100,0,40,0,1000,100E
R482,1805,1890,70,80,90,100,0,100,0,40,0,1000,100E
R483,1808,1892,70,80,90,100,0,100,0,40,0,1000,100E
R484,1810,1894,70,50,90,100,0,100,0,40,0,1000,100E
R485,1813,1896,70,50,90,100,0,100,0,40,0,1000,100E
R486,1816,1898,70,50,90,100,0,100,0,40,0,1000,100E
R487,1818,1900,70,50,90,100,0,100,0,40,0,1000,100E
R488,1821,1902,70,50,90,100,0,100,0,40,0,1000,100E
R489,1823,1904,70,50,90,100,0,100,0,40,0,1000,100E
R490,1827,1906,70,50,90,100,0,100,0,40,0,1000,100E
R491,1829,1908,70,50,90,100,0,100,0,40,0,1000,100E
R492,1832,1910,70,50,90,100,0,100,0,40,0,1000,100E
R493,1835,1912,70,50,90,100,0,100,0,40,0,1000,100E
R494,1837,1914,70,50,90,100,0,100,0,40,0,1000,100E
R495,1840,1915,70,50,90,100,0,100,0,40,0,1000,100E
R496,1843,1917,70,50,90,100,0,100,0,40,0,1000,100E
R497,1845,1918,70,50,90,100,0,100,0,40,0,1000,100E
R498,1848,1920,70,50,90,100,0,100,0,40,0,1000,100E
R499,1850,1921,70,50,90,100,0,100,0,40,0,1000,100E
R500,1852,1922,70,50,90,100,0,100,0,40,0,1000,100E
R501,1855,1923,70,50,90,100,0,100,0,40,0,1000,100E
R502,1858,1925,70,50,90,100,0,100,0,40,0,1000,100E
R503,1860,1926,70,50,90,100,0,100,0,40,0,1000,100E
R504,1863,1927,70,50,90,100,0,100,0,40,0,1000,100E
R505,1866,1928,70,50,90,100,0,100,0,40,0,1000,100E
R506,1868,1929,70,50,90,100,0,100,0,40,0,1000,100E
R507,1871,1930,70,50,90,100,0,100,0,40,0,1000,100E
R508,1874,1932,70,50,90,100,0,100,0,40,0,1000,100E
R509,1876,1933,70,50,90,100,0,100,0,40,0,1000,100E
R510,1879,1934,70,50,90,100,0,100,0,40,0,1000,100E
R511,1881,1935,70,50,90,100,0,100,0,40,0,1000,100E
R512,1884,1936,70,50,90,100,0,100,0,40,0,1000,100E
R513,1886,1937,70,50,90,100,0,100,0,40,0,1000,100E
R514,1888,1938,70,50,90,100,0,100,0,40,0,1000,100E
R515,1891,1940,70,50,90,100,0,100,0,40,0,1000,100E
R516,1894,1941,70,30,90,100,0,100,0,40,0,1000,100E
R517,1896,1942,70,30,90,100,0,100,0,40,0,1000,100E
R518,1899,1943,70,30,90,100,0,100,0,40,0,1000,100E
R519,1901,1944,70,30,90,100,0,100,0,40,0,1000,100E
R520,1903,1945,70,30,90,100,0,100,0,40,0,1000,100E
R521,1906,1946,70,30,90,100,0,100,0,40,0,1000,100E
R522,1908,1947,70,30,90,100,0,100,0,40,0,1000,100E
R523,1910,1948,70,30,90,100,0,100,0,40,0,1000,100E
R524,1912,1949,70,30,90,100,0,100,0,40,0,1000,100E
R525,1915,1950,70,30,90,100,0,100,0,40,0,1000,100E
R526,1917,1951,70,30,90,100,0,100,0,40,0,1000,100E
R527,1919,1952,70,30,90,100,0,100,0,40,0,1000,100E
R528,1922,1953,70,30,90,100,0,100,0,40,0,1000,100E
R529,1924,1954,70,30,90,100,0,100,0,40,0,1000,100E
R530,1926,1955,70,30,90,100,0,100,0,40,0,1000,100E
R531,1928,1956,70,30,90,100,0,100,0,40,0,1000,100E
R532,1931,1956,70,30,90,100,0,100,0,40,0,1000,100E
R533,1933,1957,70,30,90,100,0,100,0,40,0,1000,100E
R534,1935,1958,70,30,90,100,0,100,0,40,0,1000,100E
R535,1937,1959,70,30,90,100,0,100,0,40,0,1000,100E
R536,1940,1960,70,30,90,100,0,100,0,40,0,1000,100E
R537,1941,1961,70,30,90,100,0,100,0,40,0,1000,100E
R538,1944,1961,70,20,90,100,0,100,0,40,0,1000,100E
R539,1946,1962,70,20,90,100,0,100,0,40,0,1000,100E
R540,1949,1963,70,20,90,100,0,100,0,40,0,1000,100E
R541,1951,1964,70,20,90,100,0,100,0,40,0,1000,100E
R542,1953,1964,70,20,90,100,0,100,0,40,0,1000,100E
R543,1954,1965,70,20,90,100,0,100,0,40,0,1000,100E
R544,1957,1965,70,20,90,100,0,100,0,40,0,1000,100E
R545,1959,1966,70,20,90,100,0,100,0,40,0,1000,100E
R546,1961,1967,70,20,90,100,0,100,0,40,0,1000,100E
R547,1963,1967,70,20,90,100,0,100,0,40,0,1000,100E
R548,1965,1968,70,20,90,100,0,100,0,40,0,1000,100E
R549,1966,1968,70,20,90,100,0,100,0,40,0,1000,100E
R550,1966,1969,70,20,90,100,0,100,0,40,0,1000,100E
R551,1967,1969,70,20,90,100,50,100,0,40,0,1000,100E
R552,1973,1971,70,20,90,100,50,100,0,40,0,1000,100E
R553,1975,1973,70,20,90,100,50,100,0,40,0,1000,100E
R554,1977,1978,70,20,90,100,50,100,0,40,0,1000,100E
R555,1979,1986,70,20,90,100,50,100,0,40,0,1000,100E
R556,1981,2013,70,20,90,100,50,100,0,40,0,1000,100E
R557,1983,2037,70,20,90,100,50,100,0,40,0,1000,100E
R558,1985,2043,70,20,90,100,50,100,0,40,0,1000,100E
R559,1986,2056,70,20,90,100,50,100,0,40,0,1000,100E
R560,1988,2084,70,20,90,100,50,100,0,40,0,1000,100E
R561,1990,2092,70,20,90,100,50,100,0,40,0,1000,100E
R562,1992,2103,70,20,90,100,50,100,0,40,0,1000,100E
R563,1993,2127,70,20,90,100,50,100,0,40,0,1000,100E
R564,1995,2134,70,20,90,100,50,100,0,40,0,1000,100E
R565,1997,2146,70,20,90,100,50,100,0,40,0,1000,100E
R566,1998,2157,70,20,90,100,50,100,0,40,0,1000,100E
R567,2000,2169,70,20,90,100,50,100,0,40,0,1000,100E
R568,2002,2181,70,20,90,100,50,100,0,40,0,1000,100E
R569,2003,2192,70,20,90,100,50,100,0,40,0,1000,100E
R570,2005,2202,70,20,90,100,50,100,0,40,0,1000,100E
R571,2007,2215,70,20,90,100,50,100,0,40,0,1000,100E
R572,2008,2221,70,20,90,100,50,100,0,40,0,1000,100E
R573,2009,2231,70,20,90,100,50,100,0,40,0,1000,100E
R574,2011,2242,70,20,90,100,50,100,0,40,0,1000,100E
R575,2013,2250,70,20,90,100,50,100,0,40,0,1000,100E
R576,2014,2257,70,20,90,100,50,100,0,40,0,1000,100E
R577,2016,2264,70,20,90,100,50,100,0,40,0,1000,100E
R578,2017,2271,70,20,90,100,50,100,0,40,0,1000,100E
R579,2018,2277,70,20,90,100,50,100,0,40,0,1000,100E
R580,2020,2283,70,20,90,100,50,100,0,40,0,1000,100E
R581,2021,2291,70,20,90,100,50,100,0,40,0,1000,100E
R582,2023,2298,70,20,90,100,50,100,0,40,0,1000,100E
R583,2024,2304,70,20,90,100,50,100,0,40,0,1000,100E
R584,2025,2313,70,20,90,100,50,100,0,40,0,1000,100E
R585,2027,2320,70,20,90,100,50,100,0,40,0,1000,100E
R586,2028,2327,70,20,90,100,50,100,0,40,0,1000,100E
R587,2029,2336,70,20,90,100,50,100,0,40,0,1000,100E
R588,2030,2343,70,20,90,100,50,100,0,40,0,1000,100E
R589,2031,2348,70,20,90,100,50,100,0,40,0,1000,100E
R590,2033,2354,70,20,90,100,50,100,0,40,0,1000,100E
R591,2034,2358,70,20,90,100,50,100,0,40,0,1000,100E
R592,2035,2362,70,20,90,100,50,100,0,40,0,1000,100E
R593,2037,2365,70,20,90,100,50,100,0,40,0,1000,100E
R594,2038,2368,70,20,90,100,50,100,0,40,0,1000,100E
R595,2039,2370,70,20,90,100,50,100,0,40,0,1000,100E
R596,2040,2373,70,20,90,100,50,100,0,40,0,1000,100E
R597,2041,2375,70,20,90,100,50,100,0,40,0,1000,100E
R598,2042,2377,70,20,90,100,50,100,0,40,0,1000,100E
R599,2043,2379,70,20,90,100,50,100,0,40,0,1000,100E
R600,2045,2383,70,20,90,100,50,100,0,40,0,1000,100E
R601,2046,2386,70,20,90,100,50,100,0,40,0,1000,100E
R602,2047,2389,70,20,90,100,50,100,0,40,0,1000,100E
R603,2048,2392,70,20,90,100,50,100,0,40,0,1000,100E
R604,2049,2395,70,20,90,100,50,100,0,40,0,1000,100E
R605,2050,2397,70,20,90,100,50,100,0,40,0,1000,100E
R606,2052,2400,70,20,90,100,50,100,0,40,0,1000,100E
R607,2053,2404,70,20,90,100,50,100,0,40,0,1000,100E
R608,2054,2407,70,20,90,100,50,100,0,40,0,1000,100E
R609,2055,2409,70,20,90,100,50,100,0,40,0,1000,100E
R610,2057,2413,70,20,90,100,50,100,0,40,0,1000,100E
R611,2058,2415,70,20,90,100,50,100,0,40,0,1000,100E
R612,2059,2418,70,20,90,100,50,100,0,40,0,1000,100E
R613,2060,2420,70,20,90,100,50,100,0,40,0,1000,100E
R614,2061,2422,70,20,90,100,50,100,0,40,0,1000,100E
R615,2062,2423,70,20,90,100,50,100,0,40,0,1000,100E
R616,2063,2423,70,20,90,100,50,100,0,40,0,1000,100E
R617,2064,2423,70,20,90,100,50,100,0,40,0,1000,100E
R618,2065,2423,70,20,90,100,50,100,0,40,0,1000,100E
R619,2067,2423,70,20,90,100,50,100,0,40,0,1000,100E
R620,2068,2424,70,20,90,100,50,100,0,40,0,1000,100E
R621,2069,2425,70,20,90,100,50,100,0,40,0,1000,100E
R622,2070,2427,70,20,90,100,50,100,0,40,0,1000,100E
R623,2071,2427,70,20,90,100,50,100,0,40,0,1000,100E
R624,2072,2428,70,20,90,100,50,100,0,40,0,1000,100E
R625,2073,2429,70,20,90,100,50,100,0,40,0,1000,100E
R626,2074,2430,70,20,90,100,50,100,0,40,0,1000,100E
R627,2075,2431,70,20,90,100,50,100,0,40,0,1000,100E
R628,2076,2433,70,20,90,100,50,100,0,40,0,1000,100E
R629,2077,2434,70,20,90,100,50,100,0,40,0,1000,100E
R630,2078,2435,70,20,90,100,50,100,0,40,0,1000,100E
R631,2079,2437,70,20,90,100,50,100,0,40,0,1000,100E
R632,2080,2439,70,20,90,100,50,100,0,40,0,1000,100E
R633,2081,2442,70,20,90,100,50,100,0,40,0,1000,100E
R634,2083,2446,70,20,90,100,50,100,0,40,0,1000,100E
R635,2084,2448,70,20,90,100,50,100,0,40,0,1000,100E
R636,2085,2452,70,20,90,100,50,100,0,40,0,1000,100E
R637,2086,2454,70,20,90,100,50,100,0,40,0,1000,100E
R638,2088,2456,70,20,90,100,50,100,0,40,0,1000,100E
R639,2089,2457,70,20,90,100,50,100,0,40,0,1000,100E
R640,2090,2459,70,20,90,100,50,100,0,40,0,1000,100E
R641,2091,2460,70,20,90,100,50,100,0,40,0,1000,100E
R642,2092,2461,70,20,90,100,50,100,0,40,0,1000,100E
R643,2093,2461,70,20,90,100,50,100,0,40,0,1000,100E
R644,2095,2462,70,20,90,100,50,100,0,40,0,1000,100E
R645,2096,2463,70,20,90,100,50,100,0,40,0,1000,100E
R646,2097,2464,70,20,90,100,50,100,0,40,0,1000,100E
R647,2098,2465,70,20,90,100,50,100,0,40,0,1000,100E
R648,2100,2465,70,20,90,100,50,100,0,40,0,1000,100E
R649,2101,2465,70,20,90,100,50,100,0,40,0,1000,100E
R650,2102,2466,70,20,90,100,50,100,0,40,0,1000,100E
R651,2103,2467,70,20,90,100,50,100,0,40,0,1000,100E
R652,2105,2468,70,20,90,100,50,100,0,40,0,1000,100E
R653,2106,2470,70,20,90,100,50,100,0,40,0,1000,100E
R654,2107,2472,70,20,90,100,50,100,0,40,0,1000,100E
R655,2108,2474,70,20,90,100,50,100,0,40,0,1000,100E
R656,2109,2476,70,20,90,100,50,100,0,40,0,1000,100E
R657,2111,2478,70,20,90,100,50,100,0,40,0,1000,100E
R658,2112,2479,70,20,90,100,50,100,0,40,0,1000,100E
R659,2113,2481,70,20,90,100,50,100,0,40,0,1000,100E
R660,2115,2483,70,20,90,100,50,100,0,40,0,1000,100E
R661,2116,2485,70,20,90,100,50,100,0,40,0,1000,100E
R662,2117,2488,70,20,90,100,50,100,0,40,0,1000,100E
R663,2119,2492,70,20,90,100,50,100,0,40,0,1000,100E
R664,2119,2496,70,20,90,100,50,100,0,40,0,1000,100E
R665,2121,2499,70,20,90,100,50,100,0,40,0,1000,100E
R666,2122,2503,70,20,90,100,50,100,0,40,0,1000,100E
R667,2123,2508,70,20,90,100,50,100,0,40,0,1000,100E
R668,2125,2510,70,20,90,100,50,100,0,40,0,1000,100E
R669,2126,2513,70,20,90,100,50,100,0,40,0,1000,100E
R670,2127,2515,70,20,90,100,50,100,0,40,0,1000,100E
R671,2129,2517,70,20,90,100,50,100,0,40,0,1000,100E
R672,2130,2519,70,20,90,100,50,100,0,40,0,1000,100E
R673,2132,2522,70,20,90,100,50,100,0,40,0,1000,100E
R674,2133,2523,70,20,90,100,50,100,0,40,0,1000,100E
R675,2134,2524,70,0,90,100,50,100,0,40,0,1000,100E
R676,2136,2524,70,0,90,100,50,100,0,40,0,1000,100E
R677,2137,2524,70,0,90,100,50,100,0,40,0,1000,100E
R678,2139,2524,70,0,90,100,60,100,0,40,0,1000,100E
R679,2140,2524,70,0,90,100,60,100,0,40,0,1000,100E
R680,2141,2524,70,0,90,100,60,100,0,40,0,1000,100E
R681,2143,2524,70,0,90,100,60,100,0,40,0,1000,100E
R682,2144,2524,70,0,90,100,60,100,0,40,0,1000,100E
R683,2146,2522,70,0,90,100,60,100,0,40,0,1000,100E
R684,2147,2519,70,0,90,100,60,100,0,40,0,1000,100E
R685,2148,2514,70,0,90,100,60,100,0,40,0,1000,100E
R686,2150,2510,70,0,90,100,60,100,0,40,0,1000,100E
P2197,866,118,1550,375,1950,540,212,146,2150,686E
