R1,1954,2276,65,45,0,9500E
R2,1977,2303,65,45,0,9500E
R3,1985,2303,65,45,0,9410E
R4,1986,2296,65,45,0,9410E
R5,1959,2257,65,45,0,9410E
R6,1932,2196,65,45,0,10E
R7,1895,2147,65,45,0,10E
R8,1846,2103,65,45,0,10E
R9,1803,2033,65,45,0,-9500E
R10,1763,1967,65,45,0,-9500E
R11,1722,1908,65,45,0,-9500E
R12,1673,1846,65,45,0,-9500E
R13,1646,1788,65,45,0,-9500E
R14,1618,1729,65,45,0,-9500E
R15,1578,1682,65,45,0,-9500E
R16,1553,1643,65,45,0,-9500E
R17,1510,1602,65,45,0,-9500E
R18,1487,1563,65,45,0,-9500E
R19,1460,1524,65,45,0,-9500E
R20,1437,1484,65,45,0,-9500E
R21,1406,1458,65,45,0,-9500E
R22,1376,1434,65,45,0,-9500E
R23,1347,1390,65,45,0,-9500E
R24,1336,1370,65,45,0,-9500E
R25,1308,1343,65,45,0,-9500E
R26,1282,1333,65,45,0,-9500E
R27,1256,1309,65,45,0,-9500E
R28,1245,1298,65,45,0,-9500E
R29,1219,1290,65,45,0,-9500E
R30,1196,1284,65,45,0,-9500E
R31,1172,1279,65,45,0,-9500E
R32,1165,1275,65,45,0,-9500E
R33,1150,1272,65,45,0,-9500E
R34,1126,1270,65,45,0,-9500E
R35,1116,1269,65,45,0,-9500E
R36,1101,1267,65,45,0,-9500E
R37,1085,1266,65,45,0,-9500E
R38,1070,1265,65,45,0,-9500E
R39,1057,1264,65,45,0,-9300E
R40,1043,1264,65,45,0,-9300E
R41,1029,1264,65,45,0,-9300E
R42,1017,1264,65,45,0,-8600E
R43,1006,1264,65,45,0,-8600E
R44,994,1264,65,45,0,-8600E
R45,984,1264,65,45,0,-7490E
R46,974,1265,65,45,0,-7490E
R47,964,1266,65,45,0,-7490E
R48,953,1267,65,45,0,-6680E
R49,945,1268,65,45,0,-6680E
R50,936,1268,65,45,0,-6680E
R51,929,1270,65,45,0,-5570E
R52,921,1271,65,45,0,-5570E
R53,914,1273,65,45,0,-5570E
R54,908,1274,65,45,0,-4700E
R55,903,1276,65,45,0,-4700E
R56,896,1278,65,45,0,-4700E
R57,889,1280,65,45,0,-4040E
R58,884,1282,65,45,0,-4040E
R59,880,1284,65,45,0,-4040E
R60,874,1287,65,45,0,-3570E
R61,869,1289,65,45,0,-3570E
R62,865,1291,65,45,0,-3570E
R63,862,1293,65,45,0,-2970E
R64,858,1295,65,45,0,-2970E
R65,854,1299,65,45,0,-2970E
R66,851,1301,65,45,0,-2560E
R67,848,1303,65,45,0,-2560E
R68,845,1306,65,45,0,-2560E
R69,842,1308,65,45,0,-2190E
R70,840,1310,65,45,0,-2190E
R71,838,1313,65,45,0,-2190E
R72,835,1315,65,45,0,-1830E
R73,833,1319,65,45,0,-1830E
R74,832,1321,65,45,0,-1830E
R75,831,1324,65,45,0,-1360E
R76,830,1327,65,45,0,-1360E
R77,828,1330,65,45,0,-1360E
R78,827,1332,65,45,0,-1090E
R79,827,1336,65,45,0,-1090E
R80,827,1338,65,45,0,-1090E
R81,827,1341,65,45,0,-620E
R82,827,1344,65,45,0,-620E
R83,827,1346,65,45,0,-620E
R84,827,1349,65,45,0,-320E
R85,827,1352,65,45,0,-320E
R86,827,1355,65,45,0,-320E
R87,827,1358,65,45,0,-180E
R88,828,1360,65,45,0,-180E
R89,829,1362,65,45,0,-180E
R90,830,1365,65,45,0,100E
R91,831,1368,65,45,0,100E
R92,832,1370,65,45,0,100E
R93,833,1374,65,45,0,290E
R94,834,1377,65,45,0,290E
R95,835,1379,65,45,0,290E
R96,836,1382,65,45,0,410E
R97,838,1385,65,45,0,410E
R98,839,1388,65,45,0,410E
R99,841,1390,65,45,0,600E
R100,842,1392,65,45,0,600E
R101,844,1395,65,45,0,600E
R102,846,1398,65,45,0,730E
R103,847,1400,65,45,0,730E
R104,849,1403,65,45,0,730E
R105,851,1406,65,45,0,820E
R106,853,1408,65,52,0,820E
R107,856,1411,65,56,0,820E
R108,858,1413,65,56,0,930E
R109,859,1417,65,56,0,930E
R110,861,1420,65,59,0,930E
R111,864,1424,65,60,0,1060E
R112,866,1429,65,60,0,1060E
R113,868,1433,65,60,0,1060E
R114,870,1437,65,60,0,1100E
R115,873,1442,65,60,0,1100E
R116,875,1446,65,60,0,1100E
R117,877,1451,65,60,0,1170E
R118,879,1456,65,60,0,1170E
R119,882,1460,65,60,0,1170E
R120,885,1464,65,60,0,1280E
R121,887,1468,65,60,0,1280E
R122,890,1472,65,63,0,1280E
R123,893,1476,65,66,0,1310E
R124,895,1480,65,67,0,1310E
R125,898,1484,65,69,0,1310E
R126,901,1489,65,69,0,1420E
R127,904,1493,65,71,0,1420E
R128,906,1498,65,70,0,1420E
R129,909,1503,65,71,0,1460E
R130,912,1508,65,71,0,1460E
R131,915,1512,65,71,0,1460E
R132,918,1518,65,71,0,1540E
R133,921,1522,65,71,0,1540E
R134,924,1527,65,71,0,1540E
R135,927,1533,65,71,0,1600E
R136,930,1537,65,71,0,1600E
R137,933,1542,65,71,0,1600E
R138,937,1546,65,71,0,1690E
R139,939,1550,65,71,0,1690E
R140,942,1555,65,71,0,1690E
R141,945,1559,65,71,0,1670E
R142,949,1562,65,71,0,1670E
R143,952,1567,65,71,0,1670E
R144,955,1570,65,71,0,1730E
R145,957,1573,65,71,0,1730E
R146,961,1578,65,71,0,1730E
R147,964,1582,65,71,0,1750E
R148,968,1585,65,71,0,1750E
R149,971,1589,65,71,0,1750E
R150,975,1592,65,71,0,1790E
R151,977,1595,65,71,0,1790E
R152,981,1599,65,71,0,1790E
R153,984,1602,65,71,0,1830E
R154,987,1605,65,71,0,1830E
R155,991,1608,65,71,0,1830E
R156,993,1611,65,71,0,1820E
R157,997,1614,65,72,0,1820E
R158,1000,1617,65,76,0,1820E
R159,1003,1619,65,78,0,1850E
R160,1007,1622,65,79,0,1850E
R161,1010,1625,65,79,0,1850E
R162,1014,1628,65,80,0,1910E
R163,1017,1632,65,80,0,1910E
R164,1020,1635,65,80,0,1910E
R165,1024,1639,65,80,0,1920E
R166,1028,1642,65,80,0,1920E
R167,1031,1645,65,80,0,1920E
R168,1035,1650,65,80,0,1970E
R169,1039,1653,65,80,0,1970E
R170,1042,1656,65,80,0,1970E
R171,1046,1660,65,80,0,2000E
R172,1048,1664,65,80,0,2000E
R173,1052,1666,65,80,0,2000E
R174,1056,1670,65,80,0,2000E
R175,1059,1672,65,80,0,2000E
R176,1062,1676,65,80,0,2000E
R177,1066,1680,65,80,0,2000E
R178,1069,1682,65,80,0,2000E
R179,1072,1685,65,80,0,2000E
R180,1075,1689,65,80,0,1970E
R181,1079,1691,65,80,0,1970E
R182,1082,1695,65,80,0,1970E
R183,1086,1697,65,80,0,2000E
R184,1089,1700,65,80,0,2000E
R185,1093,1703,65,80,0,2000E
R186,1096,1706,65,80,0,2000E
R187,1099,1709,65,80,0,2000E
R188,1102,1712,65,80,0,2000E
R189,1106,1715,65,80,0,2000E
R190,1109,1718,65,80,0,2000E
R191,1112,1721,65,80,0,2000E
R192,1115,1723,65,80,0,1980E
R193,1119,1726,65,80,0,1980E
R194,1122,1729,65,80,0,1980E
R195,1125,1731,65,80,0,1980E
R196,1129,1733,65,80,0,1980E
R197,1132,1736,65,80,0,1980E
R198,1135,1737,65,80,0,1980E
R199,1138,1740,65,80,0,1980E
R200,1141,1742,65,80,0,1980E
R201,1145,1743,65,80,0,1980E
R202,1148,1746,65,80,0,1980E
R203,1152,1749,65,80,0,1980E
R204,1155,1751,65,80,0,1980E
R205,1158,1753,65,80,0,1980E
R206,1161,1756,65,80,0,1980E
R207,1164,1758,65,80,0,1970E
R208,1167,1760,65,80,0,1970E
R209,1171,1762,65,80,0,1970E
R210,1174,1764,65,80,0,1970E
R211,1177,1766,65,80,0,1970E
R212,1180,1768,65,80,0,1970E
R213,1184,1770,65,80,0,1960E
R214,1187,1772,65,80,0,1960E
R215,1189,1774,65,80,0,1960E
R216,1193,1776,65,80,0,1960E
R217,1196,1778,65,80,0,1960E
R218,1199,1780,65,80,0,1960E
R219,1202,1782,65,80,0,1950E
R220,1205,1784,65,80,0,1950E
R221,1208,1786,65,80,0,1950E
R222,1211,1788,65,80,0,1930E
R223,1213,1790,65,80,0,1930E
R224,1217,1792,65,80,0,1930E
R225,1220,1794,65,80,0,1920E
R226,1223,1796,65,80,0,1920E
R227,1225,1798,65,80,0,1920E
R228,1230,1800,65,80,0,1930E
R229,1233,1802,65,80,0,1930E
R230,1236,1804,65,80,0,1930E
R231,1239,1805,65,80,0,1910E
R232,1242,1807,65,80,0,1910E
R233,1245,1809,65,80,0,1910E
R234,1248,1811,65,80,0,1900E
R235,1251,1813,65,80,0,1900E
R236,1254,1815,65,80,0,1900E
R237,1257,1817,65,80,0,1890E
R238,1260,1819,65,80,0,1890E
R239,1263,1821,65,80,0,1890E
R240,1267,1822,65,80,0,1900E
R241,1269,1824,65,80,0,1900E
R242,1272,1826,65,80,0,1900E
R243,1275,1828,65,80,0,1870E
R244,1278,1830,65,80,0,1870E
R245,1281,1832,65,80,0,1870E
R246,1284,1833,65,80,0,1860E
R247,1287,1835,65,80,0,1860E
R248,1290,1837,65,80,0,1860E
R249,1293,1839,65,80,0,1860E
R250,1296,1842,65,80,0,1860E
R251,1298,1844,65,80,0,1860E
R252,1302,1846,65,80,0,1850E
R253,1305,1848,65,80,0,1850E
R254,1307,1849,65,80,0,1850E
R255,1310,1851,65,80,0,1820E
R256,1313,1853,65,80,0,1820E
R257,1316,1854,65,80,0,1820E
R258,1318,1856,65,80,0,1800E
R259,1321,1858,65,80,0,1800E
R260,1324,1859,65,80,0,1800E
R261,1327,1861,65,80,0,1800E
R262,1330,1863,65,80,0,1800E
R263,1333,1864,65,80,0,1800E
R264,1336,1865,65,80,0,1800E
R265,1338,1867,65,80,0,1800E
R266,1341,1869,65,80,0,1800E
R267,1343,1871,65,80,0,1760E
R268,1347,1873,65,80,0,1760E
R269,1349,1875,65,80,0,1760E
R270,1352,1877,65,80,0,1760E
R271,1355,1879,65,80,0,1760E
R272,1359,1881,65,80,0,1760E
R273,1361,1882,65,80,0,1770E
R274,1364,1884,65,80,0,1770E
R275,1366,1886,65,80,0,1770E
R276,1369,1887,65,80,0,1750E
R277,1372,1889,65,80,0,1750E
R278,1374,1892,65,80,0,1750E
R279,1377,1893,65,80,0,1730E
R280,1379,1895,65,80,0,1730E
R281,1382,1897,65,80,0,1730E
R282,1384,1898,65,80,0,1700E
R283,1387,1900,65,80,0,1700E
R284,1389,1902,65,80,0,1700E
R285,1391,1903,65,80,0,1660E
R286,1394,1905,65,80,0,1660E
R287,1396,1907,65,80,0,1660E
R288,1399,1908,65,80,0,1650E
R289,1401,1910,65,80,0,1650E
R290,1404,1911,65,80,0,1650E
R291,1406,1913,65,80,0,1610E
R292,1408,1915,65,80,0,1610E
R293,1411,1917,65,80,0,1610E
R294,1413,1918,65,80,0,1580E
R295,1416,1920,65,80,0,1580E
R296,1418,1922,65,80,0,1580E
R297,1421,1923,65,80,0,1590E
R298,1423,1925,65,80,0,1590E
R299,1426,1926,65,80,0,1590E
R300,1428,1928,65,80,0,1560E
R301,1431,1929,65,80,0,1560E
R302,1433,1931,65,80,0,1560E
R303,1435,1933,65,80,0,1540E
R304,1438,1935,65,80,0,1540E
R305,1441,1937,65,80,0,1540E
R306,1443,1938,65,80,0,1550E
R307,1446,1940,65,80,0,1550E
R308,1448,1941,65,80,0,1550E
R309,1450,1943,65,80,0,1530E
R310,1452,1945,65,80,0,1530E
R311,1455,1946,65,80,0,1530E
R312,1457,1948,65,80,0,1510E
R313,1460,1950,65,80,0,1510E
R314,1462,1952,65,80,0,1510E
R315,1465,1954,65,80,0,1520E
R316,1467,1956,65,80,0,1520E
R317,1469,1958,65,80,0,1520E
R318,1471,1960,65,80,0,1480E
R319,1474,1961,65,80,0,1480E
R320,1476,1963,65,80,0,1480E
R321,1478,1965,65,80,0,1470E
R322,1480,1967,65,80,0,1470E
R323,1483,1969,65,80,0,1470E
R324,1485,1970,65,80,0,1460E
R325,1488,1972,65,80,0,1460E
R326,1490,1974,65,80,0,1460E
R327,1492,1976,65,80,0,1450E
R328,1495,1978,65,80,0,1450E
R329,1497,1979,65,80,0,1450E
R330,1499,1981,65,80,0,1450E
R331,1502,1983,65,80,0,1450E
R332,1504,1984,65,80,0,1450E
R333,1506,1986,65,80,0,1440E
R334,1508,1988,65,80,0,1440E
R335,1511,1990,65,80,0,1440E
R336,1513,1991,65,80,0,1440E
R337,1515,1993,65,80,0,1440E
R338,1518,1994,65,80,0,1440E
R339,1520,1996,65,80,0,1430E
R340,1522,1998,65,80,0,1430E
R341,1524,1999,65,80,0,1430E
R342,1527,2001,65,80,0,1430E
R343,1529,2003,65,80,0,1430E
R344,1531,2004,65,80,0,1430E
R345,1533,2006,65,80,0,1410E
R346,1536,2008,65,80,0,1410E
R347,1538,2009,65,80,0,1410E
R348,1541,2012,65,80,0,1410E
R349,1543,2013,65,80,0,1410E
R350,1546,2015,65,80,0,1410E
R351,1548,2017,65,80,0,1420E
R352,1550,2018,65,80,0,1420E
R353,1552,2020,65,80,0,1420E
R354,1555,2022,65,80,0,1400E
R355,1557,2023,65,80,0,1400E
R356,1559,2025,65,80,0,1400E
R357,1561,2027,65,80,0,1400E
R358,1563,2028,65,80,0,1400E
R359,1566,2030,65,80,0,1400E
R360,1567,2031,65,80,0,1380E
R361,1569,2033,65,80,0,1380E
R362,1572,2034,65,80,0,1380E
R363,1574,2035,65,76,0,1380E
R364,1576,2037,65,74,0,1380E
R365,1578,2038,65,72,0,1380E
R366,1581,2038,65,70,0,1380E
R367,1583,2039,65,69,0,1380E
R368,1585,2039,65,70,0,1380E
R369,1587,2039,65,70,0,1370E
R370,1590,2040,65,70,0,1370E
R371,1592,2040,65,70,0,1370E
R372,1594,2040,65,70,0,1370E
R373,1596,2041,65,70,0,1370E
R374,1599,2041,65,70,0,1370E
R375,1601,2042,65,70,0,1370E
R376,1603,2043,65,70,0,1370E
R377,1605,2043,65,70,0,1370E
R378,1607,2044,65,70,0,1360E
R379,1609,2044,65,70,0,1360E
R380,1611,2045,65,70,0,1360E
R381,1614,2045,65,70,0,1360E
R382,1616,2046,65,70,0,1360E
R383,1618,2047,65,70,0,1360E
R384,1620,2048,65,70,0,1350E
R385,1622,2049,65,70,0,1350E
R386,1624,2050,65,70,0,1350E
R387,1626,2051,65,70,0,1330E
R388,1628,2052,65,70,0,1330E
R389,1630,2052,65,70,0,1330E
R390,1632,2054,65,70,0,1320E
R391,1634,2055,65,70,0,1320E
R392,1636,2055,65,70,0,1320E
R393,1638,2056,65,70,0,1310E
R394,1640,2057,65,70,0,1310E
R395,1642,2058,65,70,0,1310E
R396,1644,2059,65,70,0,1300E
R397,1646,2060,65,70,0,1300E
R398,1648,2061,65,70,0,1300E
R399,1650,2062,65,70,0,1290E
R400,1651,2063,65,70,0,1290E
R401,1653,2065,65,70,0,1290E
R402,1655,2066,65,70,0,1260E
R403,1657,2066,65,70,0,1260E
R404,1659,2067,65,70,0,1260E
R405,1661,2068,65,70,0,1250E
R406,1663,2069,65,70,0,1250E
R407,1665,2070,65,70,0,1250E
R408,1667,2071,65,70,0,1250E
R409,1669,2072,65,70,0,1250E
R410,1671,2073,65,70,0,1250E
R411,1673,2074,65,70,0,1240E
R412,1674,2075,65,70,0,1240E
R413,1677,2076,65,70,0,1240E
R414,1679,2077,65,70,0,1240E
R415,1682,2078,65,70,0,1240E
R416,1683,2080,65,70,0,1240E
R417,1685,2081,65,70,0,1230E
R418,1687,2082,65,70,0,1230E
R419,1689,2083,65,70,0,1230E
R420,1691,2084,65,70,0,1230E
R421,1693,2086,65,70,0,1230E
R422,1695,2087,65,70,0,1230E
R423,1697,2088,65,70,0,1230E
R424,1698,2089,65,70,0,1230E
R425,1701,2091,65,70,0,1230E
R426,1702,2091,65,70,0,1210E
R427,1704,2093,65,70,0,1210E
R428,1706,2094,65,70,0,1210E
R429,1708,2095,65,70,0,1210E
R430,1710,2096,65,70,0,1210E
R431,1711,2097,65,70,0,1210E
R432,1713,2099,65,70,0,1190E
R433,1715,2100,65,70,0,1190E
R434,1717,2101,65,70,0,1190E
R435,1719,2103,65,70,0,1190E
R436,1721,2104,65,70,0,1190E
R437,1723,2105,65,70,0,1190E
R438,1725,2107,65,70,0,1190E
R439,1726,2108,65,70,0,1190E
R440,1728,2109,65,70,0,1190E
R441,1730,2111,65,70,0,1180E
R442,1732,2112,65,70,0,1180E
R443,1734,2113,65,70,0,1180E
R444,1735,2115,65,70,0,1160E
R445,1738,2116,65,70,0,1160E
R446,1739,2117,65,70,0,1160E
R447,1741,2119,65,70,0,1160E
R448,1743,2120,65,70,0,1160E
R449,1745,2121,65,70,0,1160E
R450,1747,2122,65,70,0,1170E
R451,1749,2123,65,70,0,1170E
R452,1751,2124,65,70,0,1170E
R453,1753,2125,65,70,0,1170E
R454,1755,2126,65,70,0,1170E
R455,1757,2127,65,70,0,1170E
R456,1758,2128,65,70,0,1150E
R457,1761,2130,65,70,0,1150E
R458,1763,2131,65,70,0,1150E
R459,1764,2132,65,70,0,1160E
R460,1767,2134,65,70,0,1160E
R461,1768,2135,65,70,0,1160E
R462,1770,2136,65,70,0,1160E
R463,1771,2137,65,70,0,1160E
R464,1773,2138,65,70,0,1160E
R465,1775,2139,65,70,0,1150E
R466,1777,2140,65,70,0,1150E
R467,1778,2141,65,70,0,1150E
R468,1780,2142,65,70,0,1140E
R469,1782,2144,65,70,0,1140E
R470,1784,2145,65,70,0,1140E
R471,1786,2146,65,70,0,1140E
R472,1788,2148,65,70,0,1140E
R473,1790,2149,65,70,0,1140E
R474,1792,2150,65,70,0,1150E
R475,1794,2152,65,70,0,1150E
R476,1797,2153,65,70,0,1150E
R477,1799,2154,65,70,0,1170E
R478,1801,2156,65,70,0,1170E
R479,1803,2157,65,70,0,1170E
R480,1805,2158,65,70,0,1170E
R481,1807,2159,65,70,0,1170E
R482,1808,2160,65,70,0,1170E
R483,1810,2162,65,70,0,1150E
R484,1813,2163,65,70,0,1150E
R485,1814,2164,65,70,0,1150E
R486,1816,2165,65,70,0,1160E
R487,1818,2167,65,70,0,1160E
R488,1821,2168,65,70,0,1160E
R489,1822,2169,65,70,0,1160E
R490,1824,2171,65,70,0,1160E
R491,1826,2172,65,70,0,1160E
R492,1828,2173,65,70,0,1160E
R493,1830,2175,65,66,0,1160E
R494,1832,2176,65,63,0,1160E
R495,1834,2177,65,60,0,1170E
R496,1836,2177,65,57,0,1170E
R497,1839,2178,65,54,0,1170E
R498,1840,2178,65,52,0,1170E
R499,1842,2178,65,50,0,1170E
R500,1844,2177,65,50,0,1170E
R501,1846,2177,65,50,0,1170E
R502,1848,2175,65,50,0,1170E
R503,1850,2175,65,50,0,1170E
R504,1852,2173,65,50,0,1160E
R505,1853,2173,65,50,0,1160E
R506,1855,2172,65,50,0,1160E
R507,1857,2172,65,47,0,1160E
R508,1859,2171,65,45,0,1160E
R509,1861,2171,65,45,0,1160E
R510,1863,2170,65,42,0,1160E
R511,1865,2169,65,39,0,1160E
R512,1867,2168,65,39,0,1160E
R513,1868,2167,65,39,0,1150E
R514,1870,2165,65,39,0,1150E
R515,1872,2164,65,39,0,1150E
R516,1874,2163,65,39,0,1150E
R517,1876,2161,65,39,0,1150E
R518,1877,2160,65,39,0,1150E
R519,1879,2160,65,39,0,1140E
R520,1881,2159,65,39,0,1140E
R521,1883,2158,65,39,0,1140E
R522,1884,2157,65,39,0,1130E
R523,1886,2156,65,39,0,1130E
R524,1888,2156,65,39,0,1130E
R525,1890,2156,65,39,0,1140E
R526,1891,2155,65,39,0,1140E
R527,1893,2155,65,39,0,1140E
R528,1895,2154,65,38,0,1130E
R529,1896,2154,65,37,0,1130E
R530,1898,2154,65,37,0,1130E
R531,1900,2154,65,36,0,1110E
R532,1901,2153,65,36,0,1110E
R533,1903,2153,65,35,0,1110E
R534,1904,2152,65,35,0,1090E
R535,1906,2152,65,35,0,1090E
R536,1908,2151,65,35,0,1090E
R537,1909,2151,65,35,0,1080E
R538,1911,2151,65,35,0,1080E
R539,1912,2151,65,35,0,1080E
R540,1914,2150,65,35,0,1070E
R541,1915,2150,65,35,0,1070E
R542,1917,2150,65,35,0,1070E
R543,1919,2150,65,35,0,1040E
R544,1920,2150,65,35,0,1040E
R545,1921,2150,65,35,0,1040E
R546,1923,2149,65,35,0,1040E
R547,1925,2149,65,35,0,1040E
R548,1926,2149,65,35,0,1040E
R549,1928,2149,65,35,0,1030E
R550,1929,2149,65,35,0,1030E
R551,1931,2149,65,35,0,1030E
R552,1932,2149,65,35,0,1010E
R553,1933,2149,65,35,0,1010E
R554,1934,2149,65,35,0,1010E
R555,1936,2149,65,35,0,990E
R556,1937,2150,65,35,0,990E
R557,1939,2150,65,35,0,990E
R558,1940,2151,65,35,0,960E
R559,1942,2151,65,35,0,960E
R560,1944,2151,65,35,0,960E
R561,1945,2151,65,35,0,970E
R562,1946,2152,65,35,0,970E
R563,1948,2152,65,35,0,970E
R564,1950,2152,65,35,0,970E
R565,1951,2152,65,35,0,970E
R566,1952,2152,65,35,0,970E
R567,1954,2153,65,35,0,950E
R568,1956,2153,65,35,0,950E
R569,1957,2154,65,35,0,950E
R570,1958,2155,65,33,0,940E
R571,1960,2156,65,29,0,940E
R572,1961,2157,65,27,0,940E
R573,1963,2157,65,25,0,940E
R574,1964,2157,65,25,0,940E
R575,1966,2157,65,23,0,940E
R576,1967,2156,65,21,0,930E
R577,1969,2156,65,21,0,930E
R578,1971,2155,65,20,0,930E
R579,1973,2154,65,20,0,930E
R580,1974,2153,65,20,0,930E
R581,1975,2152,65,20,0,930E
R582,1976,2151,65,20,0,920E
R583,1977,2150,65,20,0,920E
R584,1979,2149,65,20,0,920E
R585,1980,2148,65,20,0,910E
R586,1981,2147,65,20,0,910E
R587,1982,2146,65,20,0,910E
R588,1983,2146,65,20,0,870E
R589,1985,2145,65,20,0,870E
R590,1986,2144,65,20,0,870E
R591,1987,2144,65,20,0,860E
R592,1988,2143,65,20,0,860E
R593,1990,2142,65,20,0,860E
R594,1991,2142,65,20,0,860E
R595,1992,2141,65,20,0,860E
R596,1993,2141,65,20,0,860E
R597,1994,2141,65,20,0,830E
R598,1994,2140,65,20,0,830E
R599,1996,2140,65,20,0,830E
R600,1997,2140,65,20,0,800E
R601,1997,2140,65,20,0,800E
R602,1998,2139,65,20,0,800E
R603,1999,2139,65,20,0,750E
R604,2000,2139,65,20,0,750E
R605,2001,2138,65,20,0,750E
R606,2002,2138,65,20,0,720E
R607,2003,2138,65,20,0,720E
R608,2003,2138,65,20,0,720E
R609,2004,2138,65,20,0,670E
R610,2005,2138,65,20,0,670E
R611,2006,2138,65,20,0,670E
R612,2007,2138,65,20,0,660E
R613,2007,2138,65,20,0,660E
R614,2008,2138,65,20,0,660E
R615,2008,2138,65,20,0,590E
R616,2009,2138,65,20,0,590E
R617,2010,2138,65,20,0,590E
R618,2010,2138,65,20,0,550E
R619,2012,2138,65,20,0,550E
R620,2013,2138,65,20,0,550E
R621,2013,2138,65,20,0,560E
R622,2014,2138,65,20,0,560E
R623,2015,2138,65,20,0,560E
R624,2016,2138,65,20,0,570E
R625,2017,2138,65,20,0,570E
R626,2017,2138,65,20,0,570E
R627,2018,2138,65,20,0,540E
R628,2019,2138,65,20,0,540E
R629,2019,2138,65,20,0,540E
R630,2020,2138,65,20,0,520E
R631,2020,2138,65,20,0,520E
R632,2021,2138,65,20,0,520E
R633,2022,2138,65,20,0,500E
R634,2023,2138,65,20,0,500E
R635,2024,2138,65,20,0,500E
R636,2024,2138,65,20,0,490E
R637,2025,2138,65,20,0,490E
R638,2026,2138,65,20,0,490E
R639,2026,2138,65,20,0,480E
R640,2027,2138,65,20,0,480E
R641,2028,2138,65,20,0,480E
R642,2029,2138,65,20,0,490E
R643,2029,2138,65,20,0,490E
R644,2030,2138,65,20,0,490E
R645,2030,2139,65,20,0,460E
R646,2031,2139,65,20,0,460E
R647,2031,2139,65,20,0,460E
R648,2032,2139,65,20,0,450E
R649,2032,2139,65,20,0,450E
R650,2033,2140,65,20,0,450E
R651,2034,2140,65,20,0,440E
R652,2034,2140,65,20,0,440E
R653,2035,2140,65,20,0,440E
R654,2036,2141,65,20,0,440E
R655,2036,2141,65,20,0,440E
R656,2037,2142,65,20,0,440E
R657,2038,2142,65,20,0,410E
R658,2038,2142,65,20,0,410E
R659,2039,2142,65,20,0,410E
R660,2039,2143,65,20,0,410E
R661,2039,2143,65,20,0,410E
R662,2040,2143,65,20,0,410E
R663,2041,2143,65,20,0,410E
R664,2042,2144,65,20,0,410E
R665,2042,2144,65,20,0,410E
R666,2043,2144,65,20,0,400E
R667,2044,2145,65,20,0,400E
R668,2044,2145,65,20,0,400E
R669,2045,2145,65,20,0,400E
R670,2046,2145,65,20,0,400E
R671,2046,2146,65,20,0,400E
R672,2047,2147,65,20,0,400E
R673,2048,2147,65,20,0,400E
R674,2048,2148,65,20,0,400E
R675,2049,2148,65,20,0,400E
R676,2049,2148,65,20,0,400E
R677,2050,2148,65,20,0,400E
R678,2051,2149,65,20,0,400E
P1942,827,87,1550,352,1950,564,168,114,2051,678E
