R1,1944,2248,65,10,0,9500E
R2,1959,2255,65,10,0,9500E
R3,1983,2266,65,10,0,9500E
R4,1984,2265,65,10,0,9500E
R5,1972,2227,65,10,0,4890E
R6,1941,2162,65,10,0,4890E
R7,1903,2121,65,10,0,4890E
R8,1864,2054,65,10,0,-9500E
R9,1819,1990,65,10,0,-9500E
R10,1763,1932,65,10,0,-9500E
R11,1731,1873,65,10,0,-9500E
R12,1706,1819,65,10,0,-9500E
R13,1659,1761,65,10,0,-9500E
R14,1632,1716,65,10,0,-9500E
R15,1594,1665,65,10,0,-9500E
R16,1569,1625,65,14,0,-9500E
R17,1543,1581,65,14,0,-9500E
R18,1515,1544,65,15,0,-9500E
R19,1488,1518,65,15,0,-9500E
R20,1462,1486,65,15,0,-9500E
R21,1434,1445,65,15,0,-9500E
R22,1409,1419,65,15,0,-9500E
R23,1381,1398,65,15,0,-9500E
R24,1370,1372,65,15,0,-9500E
R25,1343,1360,65,15,0,-9500E
R26,1319,1336,65,15,0,-9500E
R27,1293,1321,65,15,0,-9500E
R28,1282,1300,65,15,0,-9500E
R29,1257,1293,65,15,0,-9500E
R30,1235,1284,65,15,0,-9500E
R31,1209,1276,65,15,0,-9500E
R32,1202,1271,65,15,0,-9500E
R33,1186,1263,65,15,0,-9500E
R34,1163,1257,65,15,0,-9500E
R35,1153,1251,65,15,0,-9500E
R36,1140,1244,65,15,0,-9500E
R37,1122,1239,65,15,0,-9500E
R38,1107,1235,65,15,0,-9500E
R39,1093,1229,65,15,0,-9500E
R40,1082,1225,65,15,0,-9500E
R41,1067,1222,65,15,0,-8660E
R42,1054,1218,65,15,0,-8660E
R43,1043,1215,65,15,0,-8660E
R44,1032,1211,65,14,0,-7650E
R45,1019,1209,65,15,0,-7650E
R46,1009,1207,65,15,0,-7650E
R47,999,1204,65,15,0,-7000E
R48,989,1201,65,15,0,-7000E
R49,978,1200,65,15,0,-7000E
R50,968,1198,65,15,0,-6550E
R51,959,1196,65,15,0,-6550E
R52,951,1195,65,15,0,-6550E
R53,941,1193,65,15,0,-5970E
R54,933,1192,65,15,0,-5970E
R55,926,1192,65,15,0,-5970E
R56,919,1191,65,15,0,-5050E
R57,913,1190,65,15,0,-5050E
R58,906,1190,65,15,0,-5050E
R59,900,1190,65,15,0,-4430E
R60,894,1190,65,15,0,-4430E
R61,887,1189,65,15,0,-4430E
R62,882,1189,65,15,0,-3970E
R63,877,1189,65,15,0,-3970E
R64,872,1189,65,15,0,-3970E
R65,867,1189,65,15,0,-3380E
R66,863,1189,65,15,0,-3380E
R67,860,1189,65,15,0,-3380E
R68,856,1189,65,15,0,-2870E
R69,851,1189,65,15,0,-2870E
R70,848,1189,65,15,0,-2870E
R71,845,1189,65,15,0,-2530E
R72,842,1190,65,15,0,-2530E
R73,838,1190,65,15,0,-2530E
R74,836,1191,65,15,0,-2190E
R75,833,1192,65,15,0,-2190E
R76,831,1193,65,15,0,-2190E
R77,829,1194,65,15,0,-1840E
R78,827,1194,65,15,0,-1840E
R79,825,1195,65,15,0,-1840E
R80,824,1196,65,15,0,-1460E
R81,822,1197,65,15,0,-1460E
R82,821,1198,65,15,0,-1460E
R83,819,1198,65,15,0,-1250E
R84,818,1199,65,15,0,-1250E
R85,817,1200,65,15,0,-1250E
R86,816,1201,65,15,0,-990E
R87,816,1203,65,15,0,-990E
R88,815,1203,65,15,0,-990E
R89,815,1204,65,15,0,-680E
R90,815,1206,65,18,0,-680E
R91,815,1207,65,19,0,-680E
R92,815,1208,65,26,0,-390E
R93,815,1209,65,29,0,-390E
R94,815,1210,65,39,0,-390E
R95,815,1213,65,44,0,-230E
R96,815,1217,65,55,0,-230E
R97,815,1221,65,62,0,-230E
R98,815,1227,65,65,0,-140E
R99,816,1234,65,70,0,-140E
R100,817,1242,65,73,0,-140E
R101,818,1253,65,74,0,20E
R102,818,1261,65,75,0,20E
R103,819,1270,65,75,0,20E
R104,820,1282,65,75,0,200E
R105,821,1290,65,75,0,200E
R106,823,1299,65,75,0,200E
R107,824,1310,65,75,0,400E
R108,825,1318,65,75,0,400E
R109,827,1326,65,75,0,400E
R110,829,1336,65,75,0,610E
R111,830,1343,65,75,0,610E
R112,832,1353,65,75,0,610E
R113,834,1361,65,75,0,750E
R114,836,1367,65,75,0,750E
R115,838,1375,65,75,0,750E
R116,840,1382,65,75,0,900E
R117,843,1388,65,75,0,900E
R118,845,1396,65,75,0,900E
R119,847,1401,65,75,0,1060E
R120,850,1407,65,75,0,1060E
R121,853,1414,65,75,0,1060E
R122,855,1418,65,75,0,1230E
R123,858,1424,65,75,0,1230E
R124,860,1430,65,75,0,1230E
R125,863,1435,65,75,0,1350E
R126,867,1440,65,75,0,1350E
R127,869,1445,65,75,0,1350E
R128,872,1450,65,75,0,1490E
R129,876,1455,65,75,0,1490E
R130,879,1460,65,75,0,1490E
R131,882,1464,65,75,0,1650E
R132,885,1469,65,75,0,1650E
R133,888,1472,65,75,0,1650E
R134,892,1476,65,75,0,1760E
R135,895,1480,65,75,0,1760E
R136,898,1484,65,75,0,1760E
R137,902,1487,65,75,0,1830E
R138,906,1492,65,75,0,1830E
R139,909,1494,65,75,0,1830E
R140,912,1498,65,75,0,1870E
R141,917,1502,65,75,0,1870E
R142,920,1505,65,75,0,1870E
R143,923,1508,65,75,0,1950E
R144,927,1511,65,75,0,1950E
R145,931,1514,65,75,0,1950E
R146,935,1517,65,75,0,2060E
R147,939,1521,65,75,0,2060E
R148,942,1522,65,75,0,2060E
R149,946,1525,65,75,0,2090E
R150,950,1528,65,75,0,2090E
R151,953,1529,65,75,0,2090E
R152,957,1531,65,75,0,2120E
R153,962,1534,65,75,0,2120E
R154,965,1536,65,75,0,2120E
R155,969,1538,65,75,0,2170E
R156,973,1540,65,75,0,2170E
R157,977,1542,65,75,0,2170E
R158,981,1545,65,75,0,2220E
R159,985,1547,65,75,0,2220E
R160,989,1548,65,75,0,2220E
R161,993,1550,65,75,0,2250E
R162,997,1552,65,75,0,2250E
R163,1000,1554,65,75,0,2250E
R164,1004,1556,65,75,0,2240E
R165,1009,1557,65,75,0,2240E
R166,1013,1559,65,75,0,2240E
R167,1016,1560,65,75,0,2270E
R168,1021,1562,65,75,0,2270E
R169,1025,1563,65,75,0,2270E
R170,1029,1564,65,75,0,2320E
R171,1033,1565,65,75,0,2320E
R172,1036,1567,65,75,0,2320E
R173,1041,1568,65,75,0,2330E
R174,1045,1569,65,75,0,2330E
R175,1049,1569,65,75,0,2330E
R176,1052,1570,65,75,0,2310E
R177,1057,1571,65,75,0,2310E
R178,1061,1572,65,75,0,2310E
R179,1064,1572,65,75,0,2320E
R180,1068,1573,65,75,0,2320E
R181,1073,1574,65,75,0,2320E
R182,1076,1575,65,75,0,2330E
R183,1080,1576,65,75,0,2330E
R184,1084,1577,65,75,0,2330E
R185,1089,1578,65,75,0,2340E
R186,1092,1578,65,75,0,2340E
R187,1096,1579,65,75,0,2340E
R188,1100,1579,65,75,0,2350E
R189,1104,1580,65,75,0,2350E
R190,1108,1580,65,75,0,2350E
R191,1112,1580,65,75,0,2330E
R192,1115,1582,65,75,0,2330E
R193,1120,1583,65,75,0,2330E
R194,1123,1584,65,75,0,2340E
R195,1127,1584,65,75,0,2340E
R196,1131,1585,65,75,0,2340E
R197,1135,1587,65,75,0,2340E
R198,1139,1588,65,75,0,2340E
R199,1142,1589,65,75,0,2340E
R200,1146,1590,65,75,0,2330E
R201,1150,1591,65,75,0,2330E
R202,1154,1592,65,75,0,2330E
R203,1158,1593,65,75,0,2340E
R204,1162,1594,65,75,0,2340E
R205,1166,1596,65,75,0,2340E
R206,1170,1597,65,75,0,2340E
R207,1173,1598,65,75,0,2340E
R208,1176,1599,65,75,0,2340E
R209,1180,1601,65,75,0,2310E
R210,1183,1602,65,75,0,2310E
R211,1187,1604,65,75,0,2310E
R212,1191,1606,65,75,0,2300E
R213,1195,1608,65,75,0,2300E
R214,1198,1610,65,75,0,2300E
R215,1201,1613,65,75,0,2260E
R216,1205,1615,65,75,0,2260E
R217,1209,1617,65,75,0,2260E
R218,1212,1620,65,75,0,2250E
R219,1216,1622,65,75,0,2250E
R220,1219,1624,65,75,0,2250E
R221,1223,1625,65,75,0,2250E
R222,1227,1628,65,75,0,2250E
R223,1230,1630,65,75,0,2250E
R224,1235,1632,65,75,0,2260E
R225,1239,1634,65,75,0,2260E
R226,1242,1637,65,75,0,2260E
R227,1245,1639,65,75,0,2230E
R228,1249,1642,65,75,0,2230E
R229,1252,1644,65,75,0,2230E
R230,1256,1647,65,75,0,2230E
R231,1259,1649,65,75,0,2230E
R232,1263,1652,65,75,0,2230E
R233,1267,1654,65,75,0,2220E
R234,1270,1657,65,75,0,2220E
R235,1273,1659,65,75,0,2220E
R236,1277,1661,65,75,0,2200E
R237,1280,1664,65,75,0,2200E
R238,1283,1666,65,75,0,2200E
R239,1286,1669,65,75,0,2150E
R240,1290,1673,65,75,0,2150E
R241,1293,1675,65,75,0,2150E
R242,1297,1679,65,75,0,2160E
R243,1299,1682,65,75,0,2160E
R244,1303,1685,65,75,0,2160E
R245,1305,1688,65,75,0,2090E
R246,1309,1690,65,75,0,2090E
R247,1312,1693,65,75,0,2090E
R248,1315,1696,65,75,0,2070E
R249,1318,1699,65,75,0,2070E
R250,1322,1702,65,75,0,2070E
R251,1324,1705,65,75,0,2030E
R252,1328,1708,65,75,0,2030E
R253,1331,1710,65,75,0,2030E
R254,1334,1713,65,75,0,2020E
R255,1337,1716,65,75,0,2020E
R256,1341,1718,65,75,0,2020E
R257,1343,1721,65,75,0,1990E
R258,1346,1725,65,75,0,1990E
R259,1349,1727,65,75,0,1990E
R260,1352,1730,65,75,0,1960E
R261,1355,1732,65,75,0,1960E
R262,1358,1735,65,75,0,1960E
R263,1361,1737,65,75,0,1930E
R264,1364,1740,65,75,0,1930E
R265,1367,1743,65,75,0,1930E
R266,1370,1745,65,75,0,1910E
R267,1373,1747,65,75,0,1910E
R268,1376,1750,65,75,0,1910E
R269,1379,1752,65,75,0,1900E
R270,1382,1756,65,75,0,1900E
R271,1385,1759,65,75,0,1900E
R272,1388,1762,65,75,0,1850E
R273,1390,1763,65,75,0,1850E
R274,1393,1767,65,75,0,1850E
R275,1396,1770,65,75,0,1840E
R276,1399,1772,65,75,0,1840E
R277,1401,1775,65,75,0,1840E
R278,1404,1777,65,75,0,1780E
R279,1407,1780,65,75,0,1780E
R280,1409,1783,65,75,0,1780E
R281,1412,1785,65,75,0,1780E
R282,1414,1788,65,75,0,1780E
R283,1417,1790,65,75,0,1780E
R284,1420,1793,65,75,0,1760E
R285,1423,1795,65,75,0,1760E
R286,1425,1798,65,75,0,1760E
R287,1428,1800,65,75,0,1730E
R288,1431,1802,65,75,0,1730E
R289,1433,1805,65,75,0,1730E
R290,1436,1807,65,75,0,1710E
R291,1439,1810,65,75,0,1710E
R292,1442,1812,65,75,0,1710E
R293,1444,1815,65,75,0,1700E
R294,1446,1817,65,75,0,1700E
R295,1449,1819,65,75,0,1700E
R296,1452,1822,65,75,0,1680E
R297,1454,1824,65,75,0,1680E
R298,1457,1827,65,75,0,1680E
R299,1460,1829,65,75,0,1640E
R300,1462,1832,65,75,0,1640E
R301,1464,1834,65,75,0,1640E
R302,1466,1836,65,75,0,1610E
R303,1469,1838,65,75,0,1610E
R304,1471,1840,65,75,0,1610E
R305,1474,1842,65,75,0,1610E
R306,1476,1844,65,75,0,1610E
R307,1479,1846,65,75,0,1610E
R308,1481,1848,65,75,0,1580E
R309,1483,1850,65,75,0,1580E
R310,1486,1852,65,75,0,1580E
R311,1488,1855,65,75,0,1550E
R312,1491,1857,65,75,0,1550E
R313,1493,1859,65,75,0,1550E
R314,1496,1862,65,75,0,1530E
R315,1498,1863,65,75,0,1530E
R316,1501,1866,65,75,0,1530E
R317,1503,1868,65,75,0,1540E
R318,1505,1869,65,75,0,1540E
R319,1508,1872,65,75,0,1540E
R320,1510,1874,65,75,0,1520E
R321,1512,1876,65,75,0,1520E
R322,1514,1878,65,75,0,1520E
R323,1517,1880,65,75,0,1500E
R324,1519,1883,65,75,0,1500E
R325,1521,1885,65,75,0,1500E
R326,1523,1887,65,75,0,1460E
R327,1526,1889,65,75,0,1460E
R328,1528,1892,65,75,0,1460E
R329,1531,1894,65,75,0,1480E
R330,1533,1896,65,75,0,1480E
R331,1535,1898,65,75,0,1480E
R332,1538,1900,65,75,0,1470E
R333,1541,1902,65,75,0,1470E
R334,1543,1904,65,75,0,1470E
R335,1545,1906,65,75,0,1460E
R336,1547,1907,65,75,0,1460E
R337,1549,1909,65,75,0,1460E
R338,1552,1911,65,75,0,1450E
R339,1554,1913,65,72,0,1450E
R340,1556,1915,65,69,0,1450E
R341,1558,1917,65,67,0,1420E
R342,1560,1919,65,65,0,1420E
R343,1563,1920,65,62,0,1420E
R344,1565,1921,65,61,0,1420E
R345,1567,1922,65,60,0,1420E
R346,1569,1923,65,60,0,1420E
R347,1572,1924,65,60,0,1390E
R348,1574,1925,65,60,0,1390E
R349,1576,1925,65,60,0,1390E
R350,1579,1926,65,60,0,1420E
R351,1581,1926,65,60,0,1420E
R352,1583,1927,65,60,0,1420E
R353,1585,1928,65,60,0,1390E
R354,1587,1929,65,60,0,1390E
R355,1590,1930,65,60,0,1390E
R356,1591,1931,65,60,0,1360E
R357,1594,1932,65,60,0,1360E
R358,1596,1933,65,60,0,1360E
R359,1598,1933,65,60,0,1370E
R360,1600,1934,65,60,0,1370E
R361,1602,1935,65,60,0,1370E
R362,1604,1936,65,60,0,1350E
R363,1606,1937,65,60,0,1350E
R364,1608,1938,65,60,0,1350E
R365,1609,1939,65,60,0,1300E
R366,1612,1940,65,60,0,1300E
R367,1614,1941,65,60,0,1300E
R368,1615,1942,65,60,0,1280E
R369,1617,1943,65,60,0,1280E
R370,1619,1944,65,60,0,1280E
R371,1621,1945,65,60,0,1270E
R372,1623,1945,65,60,0,1270E
R373,1625,1947,65,60,0,1270E
R374,1627,1948,65,60,0,1260E
R375,1628,1949,65,60,0,1260E
R376,1630,1950,65,60,0,1260E
R377,1632,1952,65,60,0,1230E
R378,1634,1953,65,60,0,1230E
R379,1636,1954,65,60,0,1230E
R380,1638,1955,65,60,0,1220E
R381,1639,1956,65,60,0,1220E
R382,1642,1958,65,60,0,1220E
R383,1643,1959,65,60,0,1200E
R384,1645,1960,65,60,0,1200E
R385,1647,1961,65,60,0,1200E
R386,1649,1962,65,60,0,1200E
R387,1651,1964,65,60,0,1200E
R388,1652,1965,65,60,0,1200E
R389,1654,1966,65,60,0,1170E
R390,1656,1968,65,60,0,1170E
R391,1658,1969,65,60,0,1170E
R392,1660,1970,65,60,0,1170E
R393,1662,1972,65,60,0,1170E
R394,1664,1973,65,60,0,1170E
R395,1666,1974,65,60,0,1180E
R396,1667,1976,65,60,0,1180E
R397,1669,1977,65,60,0,1180E
R398,1671,1979,65,60,0,1160E
R399,1672,1980,65,60,0,1160E
R400,1674,1981,65,60,0,1160E
R401,1676,1983,65,60,0,1140E
R402,1678,1984,65,60,0,1140E
R403,1680,1986,65,60,0,1140E
R404,1682,1987,65,60,0,1150E
R405,1684,1988,65,60,0,1150E
R406,1686,1989,65,60,0,1150E
R407,1687,1991,65,60,0,1130E
R408,1689,1992,65,60,0,1130E
R409,1691,1993,65,60,0,1130E
R410,1693,1994,65,60,0,1140E
R411,1695,1995,65,60,0,1140E
R412,1696,1996,65,60,0,1140E
R413,1698,1997,65,60,0,1120E
R414,1700,1998,65,60,0,1120E
R415,1702,1999,65,60,0,1120E
R416,1703,2001,65,60,0,1110E
R417,1705,2002,65,60,0,1110E
R418,1707,2004,65,60,0,1110E
R419,1708,2006,65,60,0,1100E
R420,1710,2007,65,60,0,1100E
R421,1712,2008,65,60,0,1100E
R422,1714,2010,65,60,0,1110E
R423,1715,2011,65,60,0,1110E
R424,1717,2012,65,60,0,1110E
R425,1719,2013,65,60,0,1100E
R426,1721,2015,65,60,0,1100E
R427,1722,2016,65,60,0,1100E
R428,1724,2018,65,60,0,1090E
R429,1726,2019,65,60,0,1090E
R430,1728,2020,65,60,0,1090E
R431,1729,2021,65,60,0,1080E
R432,1731,2023,65,60,0,1080E
R433,1733,2024,65,60,0,1080E
R434,1735,2025,65,60,0,1090E
R435,1736,2026,65,60,0,1090E
R436,1738,2028,65,60,0,1090E
R437,1740,2029,65,60,0,1080E
R438,1742,2031,65,60,0,1080E
R439,1744,2032,65,60,0,1080E
R440,1745,2033,65,59,0,1070E
R441,1747,2034,65,54,0,1070E
R442,1749,2036,65,51,0,1070E
R443,1751,2037,65,50,0,1080E
R444,1752,2038,65,50,0,1080E
R445,1754,2038,65,50,0,1080E
R446,1756,2038,65,50,0,1070E
R447,1758,2038,65,50,0,1070E
R448,1759,2039,65,50,0,1070E
R449,1761,2039,65,50,0,1070E
R450,1763,2039,65,50,0,1070E
R451,1765,2040,65,50,0,1070E
R452,1766,2041,65,50,0,1060E
R453,1768,2041,65,50,0,1060E
R454,1770,2041,65,50,0,1060E
R455,1771,2041,65,50,0,1050E
R456,1773,2042,65,50,0,1050E
R457,1775,2042,65,50,0,1050E
R458,1776,2043,65,50,0,1050E
R459,1778,2043,65,50,0,1050E
R460,1779,2044,65,50,0,1050E
R461,1781,2045,65,50,0,1040E
R462,1783,2046,65,50,0,1040E
R463,1784,2047,65,50,0,1040E
R464,1786,2048,65,50,0,1040E
R465,1788,2048,65,50,0,1040E
R466,1789,2049,65,50,0,1040E
R467,1791,2049,65,50,0,1040E
R468,1792,2050,65,50,0,1040E
R469,1794,2051,65,50,0,1040E
R470,1796,2052,65,50,0,1020E
R471,1797,2053,65,50,0,1020E
R472,1799,2053,65,50,0,1020E
R473,1800,2054,65,50,0,1020E
R474,1802,2055,65,50,0,1020E
R475,1803,2056,65,50,0,1020E
R476,1805,2057,65,50,0,1010E
R477,1806,2058,65,50,0,1010E
R478,1808,2059,65,50,0,1010E
R479,1809,2060,65,50,0,1000E
R480,1810,2061,65,50,0,1000E
R481,1812,2062,65,50,0,1000E
R482,1813,2062,65,50,0,980E
R483,1815,2063,65,50,0,980E
R484,1816,2064,65,50,0,980E
R485,1818,2064,65,50,0,980E
R486,1819,2065,65,50,0,980E
R487,1820,2066,65,50,0,980E
R488,1822,2068,65,50,0,960E
R489,1823,2069,65,50,0,960E
R490,1825,2070,65,50,0,960E
R491,1826,2070,65,50,0,950E
R492,1828,2071,65,50,0,950E
R493,1829,2072,65,50,0,950E
R494,1831,2073,65,50,0,950E
R495,1832,2074,65,50,0,950E
R496,1834,2075,65,50,0,950E
R497,1835,2076,65,50,0,940E
R498,1837,2077,65,50,0,940E
R499,1838,2078,65,50,0,940E
R500,1840,2079,65,50,0,940E
R501,1841,2080,65,50,0,940E
R502,1843,2081,65,50,0,940E
R503,1844,2082,65,50,0,930E
R504,1846,2083,65,49,0,930E
R505,1847,2084,65,49,0,930E
R506,1849,2085,65,47,0,940E
R507,1850,2086,65,44,0,940E
R508,1852,2087,65,42,0,940E
R509,1853,2088,65,40,0,920E
R510,1855,2088,65,40,0,920E
R511,1856,2088,65,40,0,920E
R512,1858,2088,65,36,0,930E
R513,1859,2088,65,35,0,930E
R514,1861,2088,65,35,0,930E
R515,1862,2088,65,35,0,920E
R516,1864,2088,65,35,0,920E
R517,1865,2088,65,35,0,920E
R518,1867,2087,65,35,0,910E
R519,1868,2087,65,35,0,910E
R520,1870,2087,65,35,0,910E
R521,1871,2086,65,35,0,910E
R522,1873,2086,65,35,0,910E
R523,1874,2086,65,35,0,910E
R524,1876,2086,65,35,0,900E
R525,1877,2086,65,35,0,900E
R526,1878,2086,65,35,0,900E
R527,1879,2086,65,35,0,890E
R528,1881,2086,65,35,0,890E
R529,1882,2086,65,35,0,890E
R530,1883,2086,65,35,0,880E
R531,1884,2086,65,35,0,880E
R532,1886,2086,65,35,0,880E
R533,1887,2086,65,35,0,870E
R534,1889,2086,65,35,0,870E
R535,1890,2086,65,35,0,870E
R536,1892,2086,65,35,0,890E
R537,1893,2086,65,35,0,890E
R538,1894,2086,65,35,0,890E
R539,1896,2086,65,35,0,880E
R540,1897,2086,65,35,0,880E
R541,1898,2086,65,33,0,880E
R542,1899,2087,65,31,0,850E
R543,1900,2087,65,31,0,850E
R544,1902,2087,65,30,0,850E
R545,1903,2087,65,30,0,840E
R546,1904,2087,65,30,0,840E
R547,1905,2087,65,30,0,840E
R548,1906,2088,65,30,0,820E
R549,1907,2088,65,30,0,820E
R550,1909,2088,65,30,0,820E
R551,1910,2088,65,30,0,820E
R552,1911,2088,65,30,0,820E
R553,1913,2088,65,30,0,820E
R554,1914,2089,65,30,0,810E
R555,1915,2089,65,30,0,810E
R556,1916,2089,65,30,0,810E
R557,1917,2089,65,30,0,790E
R558,1918,2090,65,30,0,790E
R559,1919,2090,65,30,0,790E
R560,1920,2090,65,30,0,770E
R561,1921,2090,65,30,0,770E
R562,1922,2090,65,30,0,770E
R563,1924,2091,65,30,0,770E
R564,1925,2091,65,30,0,770E
R565,1926,2091,65,30,0,770E
R566,1927,2092,65,30,0,740E
R567,1928,2092,65,30,0,740E
R568,1929,2092,65,30,0,740E
R569,1930,2092,65,30,0,740E
R570,1931,2092,65,30,0,740E
R571,1932,2093,65,30,0,740E
R572,1934,2093,65,30,0,750E
R573,1935,2094,65,30,0,750E
R574,1936,2095,65,30,0,750E
R575,1937,2095,65,30,0,730E
R576,1938,2096,65,30,0,730E
R577,1939,2097,65,30,0,730E
R578,1940,2097,65,30,0,720E
R579,1941,2098,65,30,0,720E
R580,1942,2098,65,30,0,720E
R581,1943,2099,65,30,0,700E
R582,1944,2100,65,30,0,700E
R583,1945,2100,65,29,0,700E
R584,1947,2101,65,27,0,710E
R585,1948,2102,65,26,0,710E
R586,1948,2102,65,24,0,710E
R587,1950,2102,65,22,0,700E
R588,1951,2102,65,21,0,700E
R589,1952,2102,65,20,0,700E
R590,1953,2102,65,20,0,690E
R591,1954,2102,65,20,0,690E
R592,1955,2102,65,20,0,690E
R593,1957,2102,65,20,0,680E
R594,1958,2102,65,20,0,680E
R595,1959,2102,65,20,0,680E
R596,1960,2102,65,20,0,690E
R597,1961,2102,65,20,0,690E
R598,1962,2102,65,20,0,690E
R599,1963,2102,65,20,0,680E
R600,1964,2101,65,20,0,680E
R601,1965,2101,65,20,0,680E
R602,1965,2101,65,20,0,650E
R603,1966,2101,65,20,0,650E
R604,1968,2101,65,20,0,650E
R605,1969,2100,65,18,0,670E
R606,1970,2100,65,16,0,670E
R607,1971,2100,65,15,0,670E
R608,1971,2100,65,15,0,640E
R609,1972,2100,65,15,0,640E
R610,1973,2099,65,15,0,640E
R611,1974,2099,65,15,0,630E
R612,1975,2099,65,15,0,630E
R613,1976,2098,65,15,0,630E
R614,1977,2098,65,15,0,630E
R615,1978,2097,65,15,0,630E
R616,1979,2097,65,15,0,630E
R617,1980,2096,65,15,0,620E
R618,1981,2096,65,15,0,620E
R619,1982,2095,65,15,0,620E
R620,1983,2095,65,15,0,620E
R621,1984,2095,65,15,0,620E
R622,1985,2095,65,15,0,620E
R623,1986,2095,65,15,0,620E
R624,1986,2095,65,15,0,620E
R625,1987,2095,65,15,0,620E
R626,1988,2095,65,15,0,600E
R627,1988,2095,65,15,0,600E
R628,1990,2095,65,13,0,600E
R629,1990,2095,65,10,0,580E
R630,1991,2095,65,10,0,580E
R631,1992,2095,65,10,0,580E
R632,1993,2094,65,10,0,580E
R633,1993,2094,65,10,0,580E
R634,1994,2093,65,10,0,580E
R635,1995,2093,65,10,0,560E
R636,1996,2093,65,10,0,560E
R637,1996,2092,65,10,0,560E
R638,1997,2092,65,10,0,540E
R639,1998,2091,65,10,0,540E
R640,1999,2091,65,10,0,540E
R641,1999,2091,65,10,0,530E
R642,2001,2091,65,10,0,530E
R643,2001,2091,65,10,0,530E
R644,2002,2090,65,10,0,540E
R645,2002,2090,65,10,0,540E
R646,2003,2089,65,10,0,540E
R647,2004,2089,65,10,0,520E
R648,2005,2089,65,10,0,520E
R649,2005,2089,65,10,0,520E
R650,2006,2088,65,10,0,510E
R651,2007,2088,65,10,0,510E
R652,2008,2088,65,10,0,510E
R653,2008,2088,65,10,0,500E
R654,2009,2088,65,10,0,500E
R655,2009,2088,65,10,0,500E
R656,2010,2088,65,10,0,480E
R657,2011,2088,65,10,0,480E
R658,2012,2088,65,10,0,480E
R659,2012,2088,65,10,0,480E
R660,2013,2088,65,10,0,480E
R661,2014,2088,65,10,0,480E
R662,2014,2088,65,10,0,470E
R663,2015,2088,65,10,0,470E
R664,2015,2088,65,10,0,470E
R665,2016,2088,65,10,0,460E
R666,2017,2088,65,10,0,460E
R667,2018,2088,65,10,0,460E
R668,2018,2088,65,10,0,450E
R669,2019,2088,65,10,0,450E
R670,2019,2088,65,10,0,450E
R671,2020,2088,65,10,0,450E
R672,2021,2088,65,10,0,450E
R673,2022,2088,65,10,0,450E
R674,2022,2088,65,10,0,440E
R675,2023,2088,65,10,0,440E
R676,2023,2088,65,10,0,440E
R677,2024,2088,65,10,0,440E
R678,2025,2088,65,10,0,440E
R679,2025,2088,65,10,0,440E
R680,2026,2088,65,10,0,440E
R681,2026,2088,65,10,0,440E
R682,2027,2088,65,10,0,440E
R683,2028,2088,65,10,0,430E
R684,2028,2088,65,10,0,430E
R685,2029,2088,65,10,0,430E
R686,2029,2088,65,10,0,410E
R687,2030,2088,65,10,0,410E
R688,2031,2088,65,10,0,410E
R689,2031,2088,65,10,0,410E
R690,2032,2088,65,10,0,410E
R691,2033,2088,65,10,0,410E
R692,2033,2088,65,10,0,410E
R693,2034,2088,65,10,0,410E
R694,2034,2088,65,10,0,410E
R695,2035,2089,65,10,0,410E
R696,2036,2089,65,10,0,410E
R697,2036,2089,65,10,0,410E
R698,2037,2090,65,10,0,410E
R699,2037,2090,65,10,0,410E
R700,2038,2090,65,10,0,410E
R701,2039,2091,65,10,0,410E
R702,2040,2091,65,10,0,410E
R703,2040,2091,65,10,0,410E
R704,2041,2091,65,10,0,410E
R705,2041,2092,65,10,0,410E
R706,2042,2092,65,10,0,410E
R707,2042,2092,65,10,0,390E
R708,2043,2093,65,10,0,390E
R709,2044,2093,65,10,0,390E
R710,2044,2094,65,10,0,390E
R711,2045,2094,65,10,0,390E
R712,2045,2094,65,10,0,390E
R713,2046,2095,65,10,0,390E
R714,2047,2095,65,10,0,390E
R715,2047,2095,65,10,0,390E
R716,2048,2096,65,10,0,390E
R717,2049,2096,65,10,0,390E
R718,2049,2096,65,10,0,390E
R719,2050,2097,65,10,0,390E
R720,2051,2097,65,10,0,390E
R721,2051,2097,65,10,0,390E
R722,2051,2097,65,10,0,380E
R723,2052,2098,65,10,0,380E
R724,2053,2098,65,10,0,380E
R725,2053,2098,65,10,0,380E
R726,2054,2099,65,10,0,380E
R727,2055,2100,65,10,0,380E
R728,2055,2100,65,10,0,380E
R729,2056,2101,65,10,0,380E
R730,2056,2101,65,10,0,380E
R731,2057,2101,65,10,0,390E
R732,2057,2101,65,10,0,390E
R733,2058,2102,65,10,0,390E
R734,2059,2102,65,10,0,390E
R735,2060,2103,65,10,0,390E
R736,2060,2103,65,10,0,390E
R737,2061,2104,65,10,0,390E
R738,2061,2104,65,10,0,390E
R739,2062,2105,65,10,0,390E
R740,2062,2105,65,10,0,380E
R741,2063,2106,65,10,0,380E
R742,2064,2106,65,10,0,380E
R743,2065,2106,65,10,0,390E
R744,2066,2107,65,10,0,390E
R745,2066,2107,65,10,0,390E
R746,2067,2108,65,10,0,390E
R747,2068,2108,65,10,0,390E
R748,2068,2108,65,10,0,390E
R749,2068,2109,65,10,0,380E
R750,2069,2109,65,10,0,380E
R751,2070,2109,65,10,0,380E
R752,2071,2110,65,10,0,390E
R753,2071,2110,65,10,0,390E
R754,2072,2111,65,10,0,390E
R755,2073,2111,65,10,0,390E
R756,2073,2111,65,10,0,390E
R757,2074,2112,65,10,0,390E
R758,2075,2112,65,10,0,390E
R759,2075,2112,65,10,0,390E
R760,2076,2112,65,10,0,390E
R761,2076,2113,65,10,0,380E
R762,2077,2113,65,10,0,380E
R763,2078,2113,65,10,0,380E
R764,2079,2114,65,10,0,400E
R765,2079,2114,65,10,0,400E
R766,2080,2114,65,10,0,400E
R767,2081,2114,65,10,0,400E
R768,2081,2115,65,9,0,400E
R769,2082,2115,65,9,0,400E
R770,2082,2116,65,9,0,380E
R771,2084,2116,65,8,0,380E
R772,2084,2117,65,8,0,380E
R773,2085,2117,65,8,0,400E
R774,2085,2117,65,8,0,400E
R775,2086,2117,65,8,0,400E
R776,2086,2118,65,8,0,380E
R777,2087,2118,65,8,0,380E
R778,2088,2118,65,8,0,380E
R779,2089,2118,65,8,0,400E
R780,2090,2119,65,8,0,400E
R781,2090,2119,65,8,0,400E
R782,2091,2120,65,8,0,400E
R783,2091,2120,65,8,0,400E
R784,2092,2121,65,8,0,400E
R785,2093,2121,65,8,0,380E
R786,2093,2122,65,8,0,380E
R787,2094,2122,65,8,0,380E
R788,2095,2122,65,8,0,400E
R789,2095,2123,65,8,0,400E
R790,2096,2123,65,8,0,400E
R791,2097,2123,65,8,0,400E
R792,2097,2124,65,8,0,400E
R793,2098,2124,65,8,0,400E
R794,2099,2124,65,8,0,400E
R795,2100,2125,65,8,0,400E
R796,2100,2125,65,8,0,400E
R797,2101,2125,65,8,0,400E
R798,2102,2126,65,8,0,400E
R799,2102,2127,65,8,0,400E
R800,2103,2127,65,8,0,400E
R801,2103,2128,65,8,0,400E
R802,2104,2128,65,8,0,400E
R803,2104,2128,65,8,0,380E
R804,2105,2128,65,8,0,380E
R805,2106,2129,65,8,0,380E
R806,2107,2129,65,8,0,400E
R807,2107,2130,65,8,0,400E
R808,2108,2130,65,8,0,400E
R809,2109,2131,65,8,0,400E
R810,2109,2131,65,8,0,400E
R811,2111,2132,65,8,0,400E
R812,2111,2132,65,8,0,400E
R813,2112,2132,65,8,0,400E
R814,2113,2133,65,8,0,400E
R815,2113,2133,65,8,0,400E
R816,2114,2134,65,8,0,400E
R817,2114,2134,65,8,0,400E
R818,2115,2134,65,8,0,400E
R819,2116,2135,65,8,0,400E
R820,2117,2135,65,8,0,400E
R821,2117,2135,65,8,0,400E
R822,2118,2136,65,8,0,400E
R823,2119,2136,65,8,0,400E
R824,2119,2137,65,8,0,400E
R825,2120,2137,65,8,0,400E
R826,2121,2138,65,8,0,400E
R827,2122,2138,65,8,0,410E
R828,2123,2138,65,8,0,410E
R829,2123,2139,65,8,0,410E
R830,2124,2139,65,8,0,410E
R831,2124,2140,65,8,0,410E
R832,2125,2140,65,8,0,410E
R833,2125,2141,65,8,0,400E
R834,2126,2141,65,8,0,400E
R835,2127,2141,65,8,0,400E
R836,2128,2142,65,8,0,410E
R837,2128,2143,65,8,0,410E
R838,2129,2143,65,8,0,410E
R839,2130,2143,65,8,0,410E
R840,2130,2144,65,8,0,410E
R841,2132,2144,65,8,0,410E
R842,2132,2145,65,8,0,410E
R843,2133,2145,65,8,0,410E
R844,2134,2145,65,8,0,410E
R845,2134,2146,65,8,0,410E
R846,2135,2146,65,8,0,410E
R847,2135,2147,65,8,0,410E
R848,2136,2148,65,8,0,410E
R849,2137,2148,65,8,0,410E
R850,2138,2148,65,8,0,410E
R851,2139,2149,65,8,0,420E
R852,2139,2149,65,8,0,420E
R853,2140,2149,65,8,0,420E
R854,2141,2150,65,8,0,420E
R855,2141,2150,65,8,0,420E
R856,2142,2150,65,8,0,420E
P1943,815,98,1550,337,1980,616,280,240,2143,856E
