R1,1973,2288,65,8,0,9500E
R2,1981,2300,65,8,0,9500E
R3,1987,2302,65,8,0,8960E
R4,1981,2259,65,8,0,8960E
R5,1941,2216,65,8,0,8960E
R6,1913,2152,65,8,0,-6590E
R7,1868,2077,65,8,0,-6590E
R8,1826,2019,65,8,0,-6590E
R9,1789,1957,65,8,0,-9500E
R10,1746,1899,65,8,0,-9500E
R11,1720,1833,65,8,0,-9500E
R12,1682,1766,65,8,0,-9500E
R13,1642,1727,65,8,0,-9500E
R14,1615,1680,65,8,0,-9500E
R15,1593,1634,65,8,0,-9500E
R16,1566,1593,65,8,0,-9500E
R17,1542,1549,65,8,0,-9500E
R18,1515,1525,65,8,0,-9500E
R19,1487,1484,65,14,0,-9500E
R20,1457,1458,65,14,0,-9500E
R21,1428,1418,65,15,0,-9500E
R22,1415,1394,65,15,0,-9500E
R23,1392,1374,65,15,0,-9500E
R24,1366,1349,65,15,0,-9500E
R25,1354,1337,65,15,0,-9500E
R26,1329,1313,65,15,0,-9500E
R27,1306,1300,65,15,0,-9500E
R28,1282,1280,65,15,0,-9500E
R29,1273,1274,65,15,0,-9500E
R30,1249,1268,65,15,0,-9500E
R31,1234,1263,65,15,0,-9500E
R32,1208,1259,65,15,0,-9500E
R33,1200,1254,65,15,0,-9500E
R34,1185,1251,65,15,0,-9500E
R35,1170,1248,65,15,0,-9500E
R36,1158,1244,65,15,0,-9190E
R37,1142,1241,65,15,0,-9190E
R38,1127,1238,65,15,0,-9190E
R39,1113,1235,65,15,0,-9060E
R40,1100,1233,65,15,0,-9060E
R41,1087,1231,65,15,0,-9060E
R42,1073,1228,65,15,0,-8410E
R43,1061,1226,65,15,0,-8410E
R44,1052,1224,65,15,0,-8410E
R45,1041,1222,65,15,0,-7570E
R46,1029,1221,65,15,0,-7570E
R47,1019,1220,65,15,0,-7570E
R48,1009,1220,65,15,0,-6890E
R49,1000,1219,65,15,0,-6890E
R50,990,1218,65,15,0,-6890E
R51,982,1218,65,15,0,-6060E
R52,974,1218,65,15,0,-6060E
R53,966,1217,65,15,0,-6060E
R54,957,1217,65,15,0,-5320E
R55,949,1217,65,15,0,-5320E
R56,944,1217,65,15,0,-5320E
R57,936,1217,65,15,0,-4800E
R58,929,1217,65,15,0,-4800E
R59,923,1217,65,15,0,-4800E
R60,917,1218,65,15,0,-4270E
R61,912,1218,65,15,0,-4270E
R62,906,1218,65,15,0,-4270E
R63,900,1219,65,15,0,-3720E
R64,896,1220,65,15,0,-3720E
R65,891,1220,65,15,0,-3720E
R66,886,1221,65,15,0,-3240E
R67,882,1222,65,15,0,-3240E
R68,878,1222,65,15,0,-3240E
R69,875,1223,65,15,0,-2820E
R70,871,1225,65,15,0,-2820E
R71,868,1225,65,15,0,-2820E
R72,865,1226,65,15,0,-2430E
R73,862,1228,65,15,0,-2430E
R74,858,1229,65,15,0,-2430E
R75,856,1230,65,15,0,-2130E
R76,854,1231,65,15,0,-2130E
R77,852,1232,65,15,0,-2130E
R78,849,1234,65,15,0,-1810E
R79,848,1235,65,15,0,-1810E
R80,846,1236,65,15,0,-1810E
R81,845,1237,65,15,0,-1380E
R82,843,1238,65,15,0,-1380E
R83,842,1240,65,15,0,-1380E
R84,840,1241,65,15,0,-1110E
R85,840,1242,65,17,0,-1110E
R86,839,1243,65,18,0,-1110E
R87,838,1244,65,21,0,-890E
R88,838,1246,65,26,0,-890E
R89,838,1247,65,30,0,-890E
R90,837,1249,65,35,0,-620E
R91,837,1252,65,39,0,-620E
R92,837,1255,65,43,0,-620E
R93,837,1261,65,47,0,-370E
R94,837,1265,65,53,0,-370E
R95,837,1271,65,60,0,-370E
R96,837,1279,65,68,0,-220E
R97,837,1286,65,71,0,-220E
R98,837,1295,65,73,0,-220E
R99,838,1304,65,74,0,-70E
R100,838,1314,65,74,0,-70E
R101,839,1327,65,76,0,-70E
R102,840,1338,65,78,0,80E
R103,842,1346,65,80,0,80E
R104,843,1359,65,80,0,80E
R105,844,1367,65,80,0,310E
R106,845,1377,65,80,0,310E
R107,847,1387,65,80,0,310E
R108,848,1396,65,80,0,490E
R109,850,1405,65,80,0,490E
R110,852,1415,65,80,0,490E
R111,854,1423,65,80,0,730E
R112,855,1431,65,80,0,730E
R113,858,1439,65,80,0,730E
R114,860,1447,65,80,0,910E
R115,862,1454,65,80,0,910E
R116,864,1461,65,80,0,910E
R117,867,1468,65,80,0,1080E
R118,869,1475,65,80,0,1080E
R119,872,1482,65,80,0,1080E
R120,874,1488,65,80,0,1190E
R121,877,1495,65,80,0,1190E
R122,880,1501,65,80,0,1190E
R123,882,1506,65,80,0,1310E
R124,885,1513,65,80,0,1310E
R125,888,1518,65,80,0,1310E
R126,891,1523,65,80,0,1460E
R127,894,1529,65,80,0,1460E
R128,898,1534,65,80,0,1460E
R129,901,1538,65,80,0,1630E
R130,904,1544,65,80,0,1630E
R131,908,1548,65,80,0,1630E
R132,911,1553,65,80,0,1750E
R133,914,1557,65,80,0,1750E
R134,918,1562,65,80,0,1750E
R135,921,1566,65,80,0,1820E
R136,925,1570,65,80,0,1820E
R137,928,1574,65,80,0,1820E
R138,932,1578,65,80,0,1930E
R139,936,1582,65,80,0,1930E
R140,939,1586,65,80,0,1930E
R141,943,1589,65,80,0,2000E
R142,947,1593,65,80,0,2000E
R143,950,1596,65,80,0,2000E
R144,954,1600,65,80,0,2050E
R145,958,1604,65,80,0,2050E
R146,963,1607,65,80,0,2050E
R147,966,1610,65,80,0,2130E
R148,970,1614,65,80,0,2130E
R149,974,1617,65,80,0,2130E
R150,978,1620,65,80,0,2200E
R151,982,1624,65,80,0,2200E
R152,985,1627,65,80,0,2200E
R153,989,1630,65,80,0,2200E
R154,994,1633,65,80,0,2200E
R155,998,1637,65,80,0,2200E
R156,1002,1639,65,80,0,2270E
R157,1006,1642,65,80,0,2270E
R158,1011,1645,65,80,0,2270E
R159,1014,1647,65,80,0,2300E
R160,1018,1650,65,80,0,2300E
R161,1022,1653,65,80,0,2300E
R162,1027,1656,65,80,0,2350E
R163,1032,1658,65,80,0,2350E
R164,1035,1661,65,80,0,2350E
R165,1039,1663,65,80,0,2360E
R166,1044,1666,65,80,0,2360E
R167,1047,1668,65,80,0,2360E
R168,1051,1670,65,80,0,2370E
R169,1055,1673,65,80,0,2370E
R170,1060,1675,65,80,0,2370E
R171,1064,1678,65,80,0,2400E
R172,1068,1681,65,80,0,2400E
R173,1072,1682,65,80,0,2400E
R174,1076,1683,65,80,0,2400E
R175,1080,1685,65,80,0,2400E
R176,1084,1687,65,80,0,2400E
R177,1088,1688,65,80,0,2400E
R178,1093,1690,65,80,0,2400E
R179,1097,1692,65,80,0,2400E
R180,1101,1694,65,80,0,2400E
R181,1105,1695,65,80,0,2400E
R182,1109,1697,65,80,0,2400E
R183,1113,1699,65,80,0,2420E
R184,1117,1700,65,80,0,2420E
R185,1121,1702,65,80,0,2420E
R186,1126,1704,65,80,0,2440E
R187,1129,1705,65,80,0,2440E
R188,1133,1706,65,80,0,2440E
R189,1137,1707,65,80,0,2410E
R190,1141,1708,65,80,0,2410E
R191,1145,1710,65,80,0,2410E
R192,1149,1711,65,80,0,2410E
R193,1154,1713,65,80,0,2410E
R194,1158,1714,65,80,0,2410E
R195,1162,1715,65,80,0,2430E
R196,1166,1716,65,80,0,2430E
R197,1170,1717,65,80,0,2430E
R198,1174,1718,65,80,0,2430E
R199,1178,1720,65,80,0,2430E
R200,1181,1721,65,80,0,2430E
R201,1186,1722,65,80,0,2420E
R202,1190,1723,65,80,0,2420E
R203,1194,1725,65,80,0,2420E
R204,1197,1726,65,80,0,2400E
R205,1201,1727,65,80,0,2400E
R206,1205,1729,65,80,0,2400E
R207,1209,1731,65,80,0,2400E
R208,1213,1732,65,80,0,2400E
R209,1217,1733,65,80,0,2400E
R210,1221,1734,65,80,0,2400E
R211,1226,1735,65,80,0,2400E
R212,1229,1736,65,80,0,2400E
R213,1234,1737,65,80,0,2420E
R214,1238,1739,65,80,0,2420E
R215,1242,1740,65,80,0,2420E
R216,1246,1742,65,80,0,2410E
R217,1250,1743,65,80,0,2410E
R218,1254,1745,65,80,0,2410E
R219,1258,1746,65,80,0,2410E
R220,1261,1747,65,80,0,2410E
R221,1266,1749,65,80,0,2410E
R222,1270,1750,65,80,0,2410E
R223,1273,1752,65,80,0,2410E
R224,1277,1754,65,80,0,2410E
R225,1281,1755,65,80,0,2390E
R226,1285,1757,65,80,0,2390E
R227,1289,1759,65,80,0,2390E
R228,1291,1760,65,80,0,2360E
R229,1296,1763,65,80,0,2360E
R230,1300,1764,65,80,0,2360E
R231,1303,1767,65,80,0,2360E
R232,1306,1769,65,80,0,2360E
R233,1311,1771,65,80,0,2360E
R234,1315,1773,65,80,0,2370E
R235,1318,1775,65,80,0,2370E
R236,1322,1777,65,80,0,2370E
R237,1325,1779,65,80,0,2330E
R238,1329,1781,65,80,0,2330E
R239,1333,1783,65,80,0,2330E
R240,1336,1785,65,80,0,2310E
R241,1341,1788,65,80,0,2310E
R242,1344,1790,65,80,0,2310E
R243,1347,1792,65,80,0,2300E
R244,1351,1794,65,80,0,2300E
R245,1355,1796,65,80,0,2300E
R246,1358,1799,65,80,0,2290E
R247,1362,1801,65,80,0,2290E
R248,1365,1803,65,80,0,2290E
R249,1369,1805,65,80,0,2280E
R250,1372,1806,65,80,0,2280E
R251,1376,1809,65,80,0,2280E
R252,1379,1811,65,80,0,2250E
R253,1383,1813,65,80,0,2250E
R254,1387,1816,65,80,0,2250E
R255,1390,1817,65,80,0,2240E
R256,1393,1819,65,80,0,2240E
R257,1397,1822,65,80,0,2240E
R258,1400,1824,65,80,0,2210E
R259,1403,1826,65,80,0,2210E
R260,1407,1829,65,80,0,2210E
R261,1410,1831,65,80,0,2180E
R262,1413,1833,65,80,0,2180E
R263,1416,1836,65,80,0,2180E
R264,1420,1837,65,80,0,2160E
R265,1423,1840,65,80,0,2160E
R266,1426,1843,65,80,0,2160E
R267,1429,1844,65,80,0,2110E
R268,1432,1847,65,80,0,2110E
R269,1436,1850,65,80,0,2110E
R270,1439,1851,65,80,0,2090E
R271,1442,1854,65,80,0,2090E
R272,1445,1857,65,80,0,2090E
R273,1449,1858,65,80,0,2080E
R274,1451,1862,65,80,0,2080E
R275,1454,1864,65,80,0,2080E
R276,1457,1866,65,80,0,2010E
R277,1461,1867,65,80,0,2010E
R278,1464,1869,65,80,0,2010E
R279,1467,1871,65,80,0,2010E
R280,1470,1873,65,80,0,2010E
R281,1474,1875,65,80,0,2010E
R282,1477,1878,65,80,0,1980E
R283,1479,1880,65,80,0,1980E
R284,1483,1882,65,80,0,1980E
R285,1486,1885,65,80,0,1980E
R286,1489,1887,65,80,0,1980E
R287,1492,1889,65,80,0,1980E
R288,1495,1892,65,80,0,1950E
R289,1498,1894,65,80,0,1950E
R290,1501,1895,65,80,0,1950E
R291,1504,1897,65,80,0,1930E
R292,1507,1899,65,80,0,1930E
R293,1510,1900,65,79,0,1930E
R294,1513,1903,65,78,0,1910E
R295,1516,1905,65,76,0,1910E
R296,1519,1908,65,75,0,1910E
R297,1522,1910,65,74,0,1900E
R298,1525,1912,65,72,0,1900E
R299,1528,1915,65,71,0,1900E
R300,1531,1916,65,70,0,1880E
R301,1534,1918,65,70,0,1880E
R302,1536,1920,65,70,0,1880E
R303,1539,1921,65,70,0,1850E
R304,1542,1922,65,70,0,1850E
R305,1545,1924,65,70,0,1850E
R306,1548,1925,65,70,0,1840E
R307,1550,1926,65,70,0,1840E
R308,1553,1927,65,70,0,1840E
R309,1556,1929,65,70,0,1810E
R310,1558,1930,65,70,0,1810E
R311,1561,1931,65,70,0,1810E
R312,1564,1932,65,70,0,1780E
R313,1567,1934,65,70,0,1780E
R314,1569,1936,65,70,0,1780E
R315,1572,1937,65,70,0,1750E
R316,1575,1939,65,70,0,1750E
R317,1577,1941,65,70,0,1750E
R318,1580,1942,65,70,0,1730E
R319,1582,1944,65,70,0,1730E
R320,1585,1946,65,70,0,1730E
R321,1588,1947,65,70,0,1710E
R322,1590,1949,65,70,0,1710E
R323,1593,1950,65,70,0,1710E
R324,1596,1951,65,70,0,1690E
R325,1599,1954,65,70,0,1690E
R326,1601,1955,65,70,0,1690E
R327,1604,1956,65,70,0,1680E
R328,1606,1958,65,69,0,1680E
R329,1609,1960,65,67,0,1680E
R330,1611,1961,65,65,0,1640E
R331,1614,1963,65,63,0,1640E
R332,1616,1964,65,61,0,1640E
R333,1619,1966,65,60,0,1640E
R334,1621,1967,65,60,0,1640E
R335,1624,1968,65,60,0,1640E
R336,1627,1969,65,60,0,1630E
R337,1629,1969,65,60,0,1630E
R338,1631,1970,65,60,0,1630E
R339,1634,1971,65,60,0,1600E
R340,1636,1971,65,60,0,1600E
R341,1639,1972,65,60,0,1600E
R342,1641,1973,65,60,0,1580E
R343,1643,1974,65,60,0,1580E
R344,1646,1974,65,60,0,1580E
R345,1648,1975,65,60,0,1550E
R346,1650,1976,65,60,0,1550E
R347,1652,1977,65,60,0,1550E
R348,1655,1978,65,60,0,1530E
R349,1656,1978,65,60,0,1530E
R350,1659,1979,65,60,0,1530E
R351,1661,1980,65,60,0,1480E
R352,1663,1981,65,60,0,1480E
R353,1666,1982,65,60,0,1480E
R354,1667,1983,65,60,0,1440E
R355,1670,1985,65,60,0,1440E
R356,1672,1985,65,60,0,1440E
R357,1674,1986,65,60,0,1430E
R358,1676,1987,65,60,0,1430E
R359,1679,1988,65,60,0,1430E
R360,1681,1989,65,60,0,1430E
R361,1683,1990,65,60,0,1430E
R362,1685,1992,65,60,0,1430E
R363,1687,1993,65,60,0,1400E
R364,1690,1994,65,60,0,1400E
R365,1691,1995,65,60,0,1400E
R366,1693,1996,65,60,0,1370E
R367,1695,1998,65,60,0,1370E
R368,1697,1999,65,60,0,1370E
R369,1699,2000,65,55,0,1340E
R370,1701,2001,65,51,0,1340E
R371,1703,2002,65,49,0,1340E
R372,1706,2003,65,49,0,1320E
R373,1707,2003,65,49,0,1320E
R374,1709,2003,65,49,0,1320E
R375,1712,2003,65,49,0,1330E
R376,1713,2003,65,49,0,1330E
R377,1715,2003,65,49,0,1330E
R378,1717,2003,65,49,0,1290E
R379,1719,2003,65,49,0,1290E
R380,1721,2003,65,49,0,1290E
R381,1723,2003,65,49,0,1270E
R382,1725,2003,65,49,0,1270E
R383,1727,2004,65,49,0,1270E
R384,1729,2004,65,49,0,1260E
R385,1731,2005,65,49,0,1260E
R386,1732,2005,65,49,0,1260E
R387,1734,2005,65,49,0,1230E
R388,1736,2005,65,49,0,1230E
R389,1737,2006,65,49,0,1230E
R390,1739,2006,65,49,0,1190E
R391,1741,2006,65,49,0,1190E
R392,1743,2006,65,49,0,1190E
R393,1744,2006,65,49,0,1160E
R394,1746,2007,65,49,0,1160E
R395,1748,2007,65,49,0,1160E
R396,1750,2008,65,49,0,1170E
R397,1751,2008,65,49,0,1170E
R398,1753,2008,65,49,0,1170E
R399,1755,2008,65,49,0,1140E
R400,1756,2009,65,49,0,1140E
R401,1757,2010,65,49,0,1140E
R402,1760,2010,65,49,0,1120E
R403,1761,2011,65,49,0,1120E
R404,1763,2012,65,49,0,1120E
R405,1764,2012,65,49,0,1080E
R406,1766,2013,65,49,0,1080E
R407,1767,2014,65,49,0,1080E
R408,1769,2014,65,49,0,1070E
R409,1770,2014,65,49,0,1070E
R410,1772,2016,65,49,0,1070E
R411,1774,2016,65,49,0,1060E
R412,1775,2017,65,49,0,1060E
R413,1777,2017,65,49,0,1060E
R414,1778,2017,65,49,0,1020E
R415,1779,2018,65,49,0,1020E
R416,1781,2018,65,49,0,1020E
R417,1783,2018,65,49,0,1020E
R418,1784,2019,65,49,0,1020E
R419,1786,2019,65,49,0,1020E
R420,1787,2020,65,49,0,990E
R421,1789,2021,65,49,0,990E
R422,1790,2022,65,49,0,990E
R423,1792,2022,65,49,0,990E
R424,1793,2023,65,49,0,990E
R425,1794,2023,65,49,0,990E
R426,1796,2024,65,49,0,970E
R427,1798,2025,65,49,0,970E
R428,1799,2025,65,48,0,970E
R429,1800,2027,65,47,0,950E
R430,1802,2027,65,45,0,950E
R431,1803,2027,65,44,0,950E
R432,1804,2028,65,42,0,930E
R433,1806,2028,65,41,0,930E
R434,1807,2029,65,40,0,930E
R435,1809,2029,65,40,0,930E
R436,1810,2029,65,40,0,930E
R437,1811,2029,65,40,0,930E
R438,1813,2030,65,40,0,920E
R439,1814,2030,65,40,0,920E
R440,1815,2030,65,40,0,920E
R441,1816,2030,65,40,0,880E
R442,1818,2030,65,40,0,880E
R443,1819,2030,65,40,0,880E
R444,1820,2030,65,40,0,870E
R445,1821,2030,65,40,0,870E
R446,1823,2030,65,40,0,870E
R447,1824,2030,65,40,0,860E
R448,1825,2031,65,40,0,860E
R449,1826,2031,65,40,0,860E
R450,1828,2031,65,40,0,850E
R451,1829,2031,65,40,0,850E
R452,1830,2031,65,40,0,850E
R453,1831,2031,65,40,0,820E
R454,1833,2032,65,40,0,820E
R455,1834,2032,65,40,0,820E
R456,1835,2033,65,40,0,820E
R457,1837,2034,65,40,0,820E
R458,1838,2034,65,40,0,820E
R459,1839,2034,65,40,0,810E
R460,1840,2035,65,40,0,810E
R461,1841,2035,65,40,0,810E
R462,1842,2036,65,40,0,790E
R463,1844,2036,65,40,0,790E
R464,1845,2036,65,40,0,790E
R465,1846,2037,65,40,0,790E
R466,1847,2038,65,40,0,790E
R467,1849,2038,65,40,0,790E
R468,1850,2038,65,40,0,790E
R469,1851,2039,65,40,0,790E
R470,1852,2040,65,40,0,790E
R471,1853,2040,65,40,0,770E
R472,1855,2041,65,40,0,770E
R473,1856,2041,65,40,0,770E
R474,1857,2042,65,40,0,780E
R475,1858,2042,65,40,0,780E
R476,1859,2042,65,40,0,780E
R477,1860,2043,65,40,0,760E
R478,1862,2043,65,40,0,760E
R479,1863,2044,65,40,0,760E
R480,1864,2045,65,40,0,760E
R481,1865,2046,65,40,0,760E
R482,1866,2046,65,40,0,760E
R483,1867,2047,65,40,0,750E
R484,1868,2047,65,40,0,750E
R485,1870,2048,65,40,0,750E
R486,1871,2048,65,40,0,750E
R487,1871,2049,65,40,0,750E
R488,1873,2049,65,40,0,750E
R489,1873,2050,65,40,0,720E
R490,1875,2051,65,40,0,720E
R491,1876,2052,65,40,0,720E
R492,1877,2053,65,40,0,730E
R493,1878,2054,65,40,0,730E
R494,1879,2054,65,40,0,730E
R495,1881,2055,65,40,0,730E
R496,1882,2056,65,40,0,730E
R497,1883,2056,65,40,0,730E
R498,1884,2057,65,40,0,720E
R499,1885,2058,65,40,0,720E
R500,1887,2058,65,40,0,720E
R501,1888,2059,65,40,0,730E
R502,1888,2059,65,40,0,730E
R503,1890,2060,65,40,0,730E
R504,1891,2061,65,40,0,710E
R505,1893,2061,65,40,0,710E
R506,1894,2063,65,40,0,710E
R507,1895,2064,65,40,0,720E
R508,1896,2064,65,40,0,720E
R509,1897,2065,65,40,0,720E
R510,1898,2066,65,40,0,710E
R511,1899,2067,65,38,0,710E
R512,1900,2068,65,37,0,710E
R513,1901,2069,65,32,0,700E
R514,1902,2069,65,30,0,700E
R515,1903,2070,65,30,0,700E
R516,1904,2070,65,30,0,690E
R517,1906,2070,65,30,0,690E
R518,1907,2070,65,30,0,690E
R519,1908,2070,65,30,0,700E
R520,1909,2070,65,30,0,700E
R521,1910,2070,65,30,0,700E
R522,1911,2070,65,30,0,690E
R523,1913,2070,65,30,0,690E
R524,1913,2070,65,30,0,690E
R525,1915,2070,65,30,0,700E
R526,1916,2070,65,30,0,700E
R527,1917,2070,65,30,0,700E
R528,1918,2070,65,30,0,690E
R529,1919,2070,65,30,0,690E
R530,1920,2070,65,30,0,690E
R531,1921,2070,65,30,0,680E
R532,1922,2070,65,30,0,680E
R533,1924,2071,65,30,0,680E
R534,1925,2072,65,30,0,690E
R535,1926,2072,65,30,0,690E
R536,1926,2073,65,30,0,690E
R537,1928,2073,65,30,0,680E
R538,1929,2073,65,30,0,680E
R539,1930,2074,65,30,0,680E
R540,1931,2074,65,30,0,670E
R541,1932,2074,65,30,0,670E
R542,1933,2075,65,30,0,670E
R543,1934,2075,65,30,0,670E
R544,1935,2076,65,30,0,670E
R545,1936,2077,65,30,0,670E
R546,1937,2077,65,30,0,660E
R547,1938,2078,65,30,0,660E
R548,1939,2078,65,30,0,660E
R549,1940,2079,65,30,0,650E
R550,1941,2079,65,30,0,650E
R551,1942,2079,65,30,0,650E
R552,1943,2080,65,30,0,650E
R553,1944,2080,65,30,0,650E
R554,1945,2081,65,30,0,650E
R555,1946,2081,65,30,0,640E
R556,1948,2083,65,30,0,640E
R557,1949,2083,65,30,0,640E
R558,1950,2084,65,30,0,660E
R559,1951,2084,65,30,0,660E
R560,1952,2085,65,30,0,660E
R561,1953,2086,65,30,0,650E
R562,1954,2086,65,30,0,650E
R563,1955,2087,65,30,0,650E
R564,1956,2088,65,30,0,650E
R565,1957,2088,65,30,0,650E
R566,1959,2089,65,30,0,650E
R567,1960,2089,65,30,0,640E
R568,1961,2090,65,30,0,640E
R569,1961,2090,65,30,0,640E
R570,1963,2091,65,30,0,650E
R571,1964,2092,65,30,0,650E
R572,1965,2092,65,30,0,650E
R573,1966,2093,65,30,0,650E
R574,1967,2095,65,30,0,650E
R575,1967,2095,65,30,0,650E
R576,1969,2096,65,30,0,640E
R577,1970,2097,65,30,0,640E
R578,1971,2097,65,30,0,640E
R579,1972,2099,65,30,0,640E
R580,1973,2099,65,30,0,640E
R581,1974,2100,65,30,0,640E
R582,1975,2100,65,30,0,640E
R583,1976,2101,65,30,0,640E
R584,1977,2102,65,30,0,640E
R585,1978,2102,65,30,0,630E
R586,1979,2103,65,30,0,630E
R587,1980,2104,65,27,0,630E
R588,1982,2105,65,27,0,650E
R589,1983,2106,65,26,0,650E
R590,1983,2106,65,25,0,650E
R591,1985,2106,65,23,0,640E
R592,1986,2107,65,22,0,640E
R593,1987,2107,65,21,0,640E
R594,1988,2107,65,20,0,640E
R595,1989,2107,65,20,0,640E
R596,1990,2107,65,20,0,640E
R597,1991,2107,65,20,0,640E
R598,1992,2107,65,20,0,640E
R599,1993,2107,65,20,0,640E
R600,1994,2107,65,20,0,630E
R601,1996,2107,65,20,0,630E
R602,1997,2107,65,20,0,630E
R603,1997,2107,65,20,0,630E
R604,1999,2107,65,20,0,630E
R605,2000,2107,65,20,0,630E
R606,2001,2107,65,20,0,640E
R607,2002,2107,65,20,0,640E
R608,2003,2107,65,20,0,640E
R609,2004,2108,65,20,0,640E
R610,2005,2108,65,20,0,640E
R611,2006,2108,65,20,0,640E
R612,2007,2108,65,20,0,630E
R613,2008,2108,65,20,0,630E
R614,2009,2108,65,20,0,630E
R615,2010,2108,65,20,0,630E
R616,2010,2108,65,20,0,630E
R617,2012,2109,65,20,0,630E
R618,2013,2109,65,20,0,630E
R619,2014,2110,65,20,0,630E
R620,2015,2110,65,20,0,630E
R621,2016,2110,65,20,0,630E
R622,2017,2110,65,20,0,630E
R623,2018,2111,65,20,0,630E
R624,2019,2111,65,20,0,630E
R625,2020,2112,65,20,0,630E
R626,2020,2112,65,19,0,630E
R627,2022,2112,65,17,0,620E
R628,2023,2113,65,16,0,620E
R629,2024,2113,65,15,0,620E
R630,2025,2113,65,15,0,620E
R631,2025,2113,65,15,0,620E
R632,2026,2113,65,15,0,620E
R633,2027,2113,65,15,0,610E
R634,2028,2113,65,15,0,610E
R635,2029,2113,65,15,0,610E
R636,2030,2113,65,15,0,610E
R637,2031,2113,65,15,0,610E
R638,2032,2113,65,15,0,610E
R639,2033,2113,65,15,0,610E
R640,2034,2113,65,15,0,610E
R641,2035,2113,65,15,0,610E
R642,2036,2114,65,15,0,610E
R643,2037,2114,65,15,0,610E
R644,2037,2115,65,15,0,610E
R645,2038,2115,65,15,0,590E
R646,2039,2115,65,15,0,590E
R647,2040,2115,65,15,0,590E
R648,2041,2116,65,15,0,590E
R649,2042,2116,65,15,0,590E
R650,2043,2116,65,15,0,590E
R651,2044,2116,65,15,0,590E
R652,2045,2116,65,15,0,590E
R653,2046,2116,65,15,0,590E
R654,2046,2116,65,15,0,580E
R655,2047,2117,65,15,0,580E
R656,2048,2117,65,15,0,580E
R657,2049,2117,65,15,0,580E
R658,2050,2118,65,15,0,580E
R659,2051,2118,65,15,0,580E
R660,2052,2118,65,15,0,570E
R661,2052,2118,65,15,0,570E
R662,2053,2119,65,15,0,570E
R663,2054,2119,65,15,0,570E
R664,2055,2120,65,15,0,570E
R665,2056,2121,65,13,0,570E
R666,2057,2121,65,12,0,560E
R667,2057,2122,65,11,0,560E
R668,2058,2122,65,11,0,560E
R669,2059,2122,65,10,0,560E
R670,2060,2122,65,10,0,560E
R671,2061,2122,65,10,0,560E
R672,2062,2122,65,10,0,570E
R673,2062,2122,65,10,0,570E
R674,2063,2122,65,10,0,570E
R675,2064,2122,65,10,0,560E
R676,2065,2122,65,10,0,560E
R677,2066,2122,65,10,0,560E
R678,2066,2122,65,10,0,540E
R679,2067,2122,65,10,0,540E
R680,2068,2122,65,10,0,540E
R681,2069,2122,65,10,0,550E
R682,2069,2122,65,10,0,550E
R683,2071,2122,65,10,0,550E
R684,2071,2123,65,10,0,540E
R685,2072,2123,65,10,0,540E
R686,2072,2123,65,10,0,540E
R687,2073,2123,65,10,0,530E
R688,2074,2123,65,10,0,530E
R689,2075,2123,65,10,0,530E
R690,2075,2123,65,10,0,510E
R691,2076,2123,65,10,0,510E
R692,2077,2123,65,10,0,510E
R693,2078,2123,65,10,0,500E
R694,2079,2123,65,10,0,500E
R695,2079,2123,65,10,0,500E
R696,2080,2124,65,10,0,510E
R697,2081,2124,65,10,0,510E
R698,2081,2124,65,10,0,510E
R699,2082,2124,65,10,0,500E
R700,2083,2125,65,10,0,500E
R701,2084,2126,65,10,0,500E
R702,2085,2126,65,10,0,490E
R703,2085,2126,65,10,0,490E
R704,2086,2127,65,10,0,490E
R705,2087,2127,65,10,0,500E
R706,2087,2127,65,10,0,500E
R707,2089,2128,65,10,0,500E
R708,2089,2128,65,10,0,490E
R709,2090,2128,65,10,0,490E
R710,2091,2129,65,10,0,490E
R711,2092,2129,65,10,0,500E
R712,2092,2129,65,10,0,500E
R713,2093,2130,65,10,0,500E
R714,2093,2130,65,10,0,470E
R715,2095,2130,65,10,0,470E
R716,2095,2131,65,10,0,470E
R717,2096,2131,65,10,0,490E
R718,2097,2131,65,10,0,490E
R719,2097,2131,65,10,0,490E
R720,2098,2131,65,10,0,480E
R721,2099,2132,65,10,0,480E
R722,2100,2132,65,10,0,480E
R723,2101,2132,65,10,0,490E
R724,2102,2133,65,10,0,490E
R725,2102,2134,65,10,0,490E
R726,2103,2134,65,10,0,480E
R727,2104,2134,65,10,0,480E
R728,2104,2135,65,10,0,480E
R729,2106,2135,65,10,0,470E
R730,2106,2136,65,10,0,470E
R731,2107,2137,65,10,0,470E
R732,2108,2137,65,10,0,480E
R733,2108,2137,65,10,0,480E
R734,2109,2138,65,10,0,480E
R735,2110,2138,65,10,0,470E
R736,2111,2139,65,10,0,470E
P1944,837,98,1550,306,1980,586,203,150,2111,736E
