R1,1997,2189,60,31,0,9500E
R2,2009,2212,60,31,0,9500E
R3,2023,2223,60,31,0,9500E
R4,2027,2227,60,31,0,9500E
R5,2003,2220,60,31,0,1940E
R6,1970,2191,60,31,0,1940E
R7,1945,2149,60,31,0,1940E
R8,1881,2122,60,31,0,-9500E
R9,1842,2069,60,31,0,-9500E
R10,1801,2023,60,31,0,-9500E
R11,1764,1981,60,31,0,-9500E
R12,1723,1947,60,31,0,-9500E
R13,1676,1909,60,31,0,-9500E
R14,1645,1860,60,31,0,-9500E
R15,1619,1822,60,31,0,-9500E
R16,1578,1780,60,31,0,-9500E
R17,1553,1756,60,31,0,-9500E
R18,1515,1716,60,31,0,-9500E
R19,1490,1690,60,31,0,-9500E
R20,1463,1664,60,31,0,-9500E
R21,1435,1637,60,31,0,-9500E
R22,1410,1630,60,31,0,-9500E
R23,1382,1618,60,31,0,-9500E
R24,1357,1606,60,31,0,-9500E
R25,1334,1584,60,31,0,-9500E
R26,1305,1576,60,31,0,-9500E
R27,1292,1565,60,31,0,-9500E
R28,1270,1554,60,31,0,-9500E
R29,1246,1542,60,31,0,-9500E
R30,1220,1529,60,31,0,-9500E
R31,1209,1518,60,31,0,-9500E
R32,1194,1509,60,31,0,-9500E
R33,1168,1498,60,31,0,-9500E
R34,1160,1491,60,31,0,-9500E
R35,1144,1484,60,31,0,-9500E
R36,1120,1475,60,31,0,-9500E
R37,1111,1469,60,31,0,-9500E
R38,1099,1464,60,31,0,-9410E
R39,1083,1458,60,31,0,-9410E
R40,1070,1453,60,31,0,-9410E
R41,1058,1449,60,31,0,-8420E
R42,1046,1445,60,31,0,-8420E
R43,1034,1442,60,31,0,-8420E
R44,1023,1439,60,31,0,-7790E
R45,1012,1436,60,31,0,-7790E
R46,1001,1434,60,31,0,-7790E
R47,990,1431,60,31,0,-6900E
R48,983,1430,60,31,0,-6900E
R49,974,1428,60,31,0,-6900E
R50,964,1427,60,31,0,-6130E
R51,956,1426,60,31,0,-6130E
R52,949,1425,60,31,0,-6130E
R53,942,1424,60,31,0,-5130E
R54,933,1424,60,31,0,-5130E
R55,928,1423,60,31,0,-5130E
R56,922,1423,60,31,0,-4440E
R57,916,1422,60,31,0,-4440E
R58,910,1422,60,31,0,-4440E
R59,904,1422,60,31,0,-3960E
R60,899,1422,60,31,0,-3960E
R61,895,1422,60,31,0,-3960E
R62,890,1423,60,31,0,-3360E
R63,886,1423,60,31,0,-3360E
R64,882,1424,60,31,0,-3360E
R65,879,1425,60,31,0,-2750E
R66,875,1427,60,31,0,-2750E
R67,872,1428,60,31,0,-2750E
R68,870,1429,60,31,0,-2240E
R69,867,1430,60,31,0,-2240E
R70,864,1431,60,31,0,-2240E
R71,862,1432,60,31,0,-1910E
R72,860,1433,60,31,0,-1910E
R73,858,1435,60,31,0,-1910E
R74,857,1436,60,31,0,-1490E
R75,856,1437,60,31,0,-1490E
R76,855,1439,60,31,0,-1490E
R77,854,1440,60,31,0,-1070E
R78,854,1442,60,31,0,-1070E
R79,853,1444,60,31,0,-1070E
R80,852,1445,60,31,0,-760E
R81,852,1447,60,31,0,-760E
R82,852,1449,60,31,0,-760E
R83,852,1451,60,31,0,-420E
R84,852,1452,60,31,0,-420E
R85,852,1454,60,31,0,-420E
R86,852,1456,60,36,0,-230E
R87,853,1458,60,40,0,-230E
R88,854,1459,60,43,0,-230E
R89,855,1461,60,47,0,80E
R90,855,1463,60,49,0,80E
R91,856,1466,60,50,0,80E
R92,857,1469,60,53,0,210E
R93,858,1471,60,56,0,210E
R94,860,1475,60,56,0,210E
R95,861,1479,60,56,0,420E
R96,862,1483,60,58,0,420E
R97,864,1488,60,58,0,420E
R98,865,1492,60,59,0,550E
R99,867,1496,60,59,0,550E
R100,869,1501,60,59,0,550E
R101,872,1506,60,60,0,760E
R102,873,1510,60,61,0,760E
R103,875,1515,60,60,0,760E
R104,878,1520,60,61,0,990E
R105,879,1524,60,61,0,990E
R106,881,1529,60,61,0,990E
R107,884,1533,60,60,0,1060E
R108,887,1539,60,61,0,1060E
R109,889,1543,60,61,0,1060E
R110,891,1547,60,61,0,1160E
R111,894,1551,60,61,0,1160E
R112,897,1556,60,61,0,1160E
R113,900,1559,60,60,0,1350E
R114,902,1564,60,61,0,1350E
R115,905,1568,60,60,0,1350E
R116,908,1571,60,61,0,1430E
R117,911,1576,60,61,0,1430E
R118,913,1579,60,61,0,1430E
R119,917,1582,60,60,0,1530E
R120,920,1586,60,61,0,1530E
R121,922,1589,60,61,0,1530E
R122,926,1593,60,61,0,1610E
R123,929,1597,60,60,0,1610E
R124,933,1600,60,60,0,1610E
R125,936,1603,60,61,0,1710E
R126,939,1607,60,61,0,1710E
R127,943,1609,60,61,0,1710E
R128,946,1612,60,61,0,1780E
R129,949,1616,60,63,0,1780E
R130,952,1618,60,65,0,1780E
R131,957,1622,60,66,0,1890E
R132,959,1624,60,66,0,1890E
R133,963,1628,60,66,0,1890E
R134,966,1632,60,67,0,1860E
R135,971,1635,60,69,0,1860E
R136,974,1639,60,70,0,1860E
R137,977,1643,60,70,0,1940E
R138,981,1646,60,70,0,1940E
R139,985,1651,60,70,0,1940E
R140,989,1655,60,70,0,2000E
R141,992,1658,60,70,0,2000E
R142,996,1662,60,70,0,2000E
R143,1000,1665,60,70,0,2090E
R144,1004,1668,60,70,0,2090E
R145,1007,1673,60,70,0,2090E
R146,1011,1676,60,70,0,2110E
R147,1015,1680,60,70,0,2110E
R148,1019,1684,60,70,0,2110E
R149,1022,1688,60,70,0,2130E
R150,1027,1691,60,70,0,2130E
R151,1030,1694,60,70,0,2130E
R152,1034,1696,60,70,0,2180E
R153,1037,1700,60,70,0,2180E
R154,1042,1703,60,70,0,2180E
R155,1046,1706,60,70,0,2220E
R156,1049,1709,60,70,0,2220E
R157,1053,1713,60,70,0,2220E
R158,1057,1715,60,70,0,2220E
R159,1061,1719,60,70,0,2220E
R160,1065,1722,60,70,0,2220E
R161,1069,1724,60,70,0,2240E
R162,1073,1728,60,70,0,2240E
R163,1076,1730,60,70,0,2240E
R164,1080,1734,60,70,0,2240E
R165,1084,1736,60,70,0,2240E
R166,1088,1739,60,70,0,2240E
R167,1092,1742,60,70,0,2260E
R168,1095,1745,60,70,0,2260E
R169,1100,1747,60,70,0,2260E
R170,1104,1750,60,70,0,2250E
R171,1107,1753,60,70,0,2250E
R172,1111,1755,60,70,0,2250E
R173,1115,1758,60,70,0,2270E
R174,1119,1760,60,70,0,2270E
R175,1124,1763,60,70,0,2270E
R176,1127,1765,60,70,0,2290E
R177,1132,1767,60,70,0,2290E
R178,1136,1769,60,70,0,2290E
R179,1140,1771,60,70,0,2330E
R180,1144,1774,60,70,0,2330E
R181,1148,1777,60,70,0,2330E
R182,1152,1779,60,70,0,2340E
R183,1155,1781,60,70,0,2340E
R184,1159,1783,60,70,0,2340E
R185,1164,1785,60,70,0,2320E
R186,1167,1787,60,70,0,2320E
R187,1171,1790,60,70,0,2320E
R188,1175,1792,60,70,0,2300E
R189,1179,1794,60,70,0,2300E
R190,1182,1797,60,70,0,2300E
R191,1185,1798,60,70,0,2290E
R192,1190,1801,60,70,0,2290E
R193,1194,1804,60,70,0,2290E
R194,1198,1805,60,70,0,2330E
R195,1202,1808,60,70,0,2330E
R196,1206,1810,60,70,0,2330E
R197,1210,1812,60,70,0,2340E
R198,1213,1815,60,70,0,2340E
R199,1216,1817,60,70,0,2340E
R200,1221,1819,60,70,0,2320E
R201,1224,1821,60,70,0,2320E
R202,1228,1823,60,70,0,2320E
R203,1232,1825,60,70,0,2300E
R204,1236,1826,60,70,0,2300E
R205,1240,1828,60,70,0,2300E
R206,1244,1831,60,70,0,2290E
R207,1247,1832,60,70,0,2290E
R208,1252,1834,60,70,0,2290E
R209,1255,1836,60,70,0,2300E
R210,1259,1838,60,70,0,2300E
R211,1263,1839,60,70,0,2300E
R212,1267,1842,60,70,0,2310E
R213,1271,1843,60,70,0,2310E
R214,1274,1845,60,70,0,2310E
R215,1278,1848,60,70,0,2300E
R216,1282,1850,60,70,0,2300E
R217,1285,1852,60,70,0,2300E
R218,1289,1853,60,70,0,2290E
R219,1292,1855,60,70,0,2290E
R220,1296,1857,60,70,0,2290E
R221,1300,1858,60,70,0,2280E
R222,1302,1859,60,70,0,2280E
R223,1307,1861,60,70,0,2280E
R224,1311,1863,60,70,0,2250E
R225,1314,1864,60,70,0,2250E
R226,1317,1865,60,70,0,2250E
R227,1321,1866,60,70,0,2240E
R228,1324,1868,60,70,0,2240E
R229,1327,1869,60,70,0,2240E
R230,1331,1870,60,70,0,2210E
R231,1335,1872,60,70,0,2210E
R232,1338,1874,60,70,0,2210E
R233,1341,1875,60,70,0,2180E
R234,1344,1878,60,70,0,2180E
R235,1348,1880,60,70,0,2180E
R236,1351,1882,60,70,0,2160E
R237,1354,1885,60,70,0,2160E
R238,1358,1887,60,70,0,2160E
R239,1362,1889,60,70,0,2140E
R240,1364,1891,60,70,0,2140E
R241,1367,1892,60,70,0,2140E
R242,1371,1894,60,70,0,2120E
R243,1374,1896,60,70,0,2120E
R244,1377,1897,60,70,0,2120E
R245,1380,1899,60,70,0,2070E
R246,1384,1902,60,70,0,2070E
R247,1387,1903,60,70,0,2070E
R248,1390,1906,60,70,0,2060E
R249,1393,1908,60,70,0,2060E
R250,1397,1910,60,70,0,2060E
R251,1400,1912,60,70,0,2050E
R252,1403,1913,60,70,0,2050E
R253,1406,1914,60,70,0,2050E
R254,1409,1916,60,70,0,2020E
R255,1413,1918,60,70,0,2020E
R256,1415,1919,60,70,0,2020E
R257,1419,1922,60,70,0,2020E
R258,1423,1923,60,70,0,2020E
R259,1425,1925,60,70,0,2020E
R260,1428,1927,60,70,0,1990E
R261,1432,1928,60,70,0,1990E
R262,1435,1930,60,70,0,1990E
R263,1438,1932,60,70,0,1990E
R264,1441,1933,60,70,0,1990E
R265,1444,1935,60,70,0,1990E
R266,1448,1936,60,70,0,1990E
R267,1450,1938,60,70,0,1990E
R268,1453,1940,60,70,0,1990E
R269,1457,1941,60,70,0,1970E
R270,1459,1943,60,70,0,1970E
R271,1462,1945,60,70,0,1970E
R272,1466,1947,60,70,0,1930E
R273,1469,1949,60,70,0,1930E
R274,1472,1951,60,70,0,1930E
R275,1474,1952,60,70,0,1910E
R276,1477,1954,60,70,0,1910E
R277,1481,1956,60,70,0,1910E
R278,1483,1957,60,70,0,1890E
R279,1486,1959,60,70,0,1890E
R280,1488,1961,60,70,0,1890E
R281,1491,1963,60,70,0,1860E
R282,1494,1964,60,70,0,1860E
R283,1497,1966,60,70,0,1860E
R284,1500,1968,60,69,0,1850E
R285,1503,1969,60,67,0,1850E
R286,1506,1971,60,63,0,1850E
R287,1508,1973,60,59,0,1810E
R288,1512,1975,60,56,0,1810E
R289,1515,1975,60,53,0,1810E
R290,1517,1976,60,52,0,1810E
R291,1520,1977,60,50,0,1810E
R292,1523,1977,60,50,0,1810E
R293,1525,1977,60,50,0,1780E
R294,1528,1977,60,50,0,1780E
R295,1530,1977,60,50,0,1780E
R296,1534,1977,60,50,0,1790E
R297,1537,1977,60,50,0,1790E
R298,1539,1977,60,50,0,1790E
R299,1542,1976,60,50,0,1760E
R300,1545,1976,60,50,0,1760E
R301,1547,1976,60,50,0,1760E
R302,1550,1976,60,50,0,1740E
R303,1552,1976,60,50,0,1740E
R304,1556,1976,60,50,0,1740E
R305,1558,1976,60,50,0,1720E
R306,1561,1976,60,50,0,1720E
R307,1563,1976,60,50,0,1720E
R308,1566,1976,60,50,0,1710E
R309,1568,1976,60,50,0,1710E
R310,1571,1976,60,50,0,1710E
R311,1573,1976,60,50,0,1670E
R312,1576,1977,60,50,0,1670E
R313,1578,1977,60,50,0,1670E
R314,1581,1977,60,50,0,1660E
R315,1583,1977,60,50,0,1660E
R316,1585,1978,60,50,0,1660E
R317,1588,1979,60,50,0,1620E
R318,1590,1979,60,50,0,1620E
R319,1593,1980,60,50,0,1620E
R320,1595,1980,60,50,0,1590E
R321,1597,1981,60,50,0,1590E
R322,1599,1982,60,50,0,1590E
R323,1602,1982,60,50,0,1560E
R324,1604,1983,60,50,0,1560E
R325,1606,1984,60,50,0,1560E
R326,1608,1985,60,50,0,1510E
R327,1611,1986,60,50,0,1510E
R328,1613,1987,60,50,0,1510E
R329,1615,1988,60,50,0,1490E
R330,1617,1990,60,50,0,1490E
R331,1620,1990,60,50,0,1490E
R332,1622,1991,60,50,0,1440E
R333,1624,1992,60,50,0,1440E
R334,1626,1993,60,50,0,1440E
R335,1628,1994,60,50,0,1430E
R336,1630,1995,60,50,0,1430E
R337,1632,1996,60,50,0,1430E
R338,1634,1997,60,50,0,1400E
R339,1636,1998,60,50,0,1400E
R340,1638,1999,60,50,0,1400E
R341,1640,2000,60,50,0,1360E
R342,1643,2001,60,50,0,1360E
R343,1645,2002,60,50,0,1360E
R344,1647,2003,60,50,0,1370E
R345,1648,2004,60,50,0,1370E
R346,1651,2005,60,50,0,1370E
R347,1653,2006,60,50,0,1340E
R348,1655,2007,60,50,0,1340E
R349,1657,2008,60,50,0,1340E
R350,1659,2009,60,50,0,1320E
R351,1661,2010,60,50,0,1320E
R352,1663,2011,60,50,0,1320E
R353,1665,2013,60,50,0,1310E
R354,1667,2013,60,50,0,1310E
R355,1670,2014,60,50,0,1310E
R356,1671,2015,60,50,0,1290E
R357,1673,2017,60,50,0,1290E
R358,1676,2017,60,50,0,1290E
R359,1678,2018,60,50,0,1300E
R360,1680,2019,60,50,0,1300E
R361,1683,2019,60,50,0,1300E
R362,1685,2020,60,50,0,1320E
R363,1687,2022,60,50,0,1320E
R364,1688,2022,60,50,0,1320E
R365,1691,2023,60,50,0,1300E
R366,1693,2024,60,50,0,1300E
R367,1695,2025,60,50,0,1300E
R368,1698,2026,60,50,0,1310E
R369,1700,2027,60,50,0,1310E
R370,1702,2027,60,50,0,1310E
R371,1703,2028,60,50,0,1280E
R372,1705,2029,60,50,0,1280E
R373,1707,2030,60,50,0,1280E
R374,1709,2031,60,50,0,1260E
R375,1711,2032,60,50,0,1260E
R376,1713,2033,60,50,0,1260E
R377,1715,2035,60,50,0,1260E
R378,1717,2036,60,50,0,1260E
R379,1719,2037,60,50,0,1260E
R380,1720,2038,60,50,0,1230E
R381,1723,2039,60,50,0,1230E
R382,1724,2040,60,50,0,1230E
R383,1726,2041,60,50,0,1220E
R384,1728,2042,60,50,0,1220E
R385,1730,2043,60,50,0,1220E
R386,1732,2044,60,50,0,1220E
R387,1733,2045,60,50,0,1220E
R388,1735,2046,60,50,0,1220E
R389,1737,2047,60,50,0,1190E
R390,1739,2048,60,50,0,1190E
R391,1741,2049,60,50,0,1190E
R392,1743,2050,60,50,0,1190E
R393,1745,2051,60,50,0,1190E
R394,1747,2052,60,50,0,1190E
R395,1749,2053,60,50,0,1190E
R396,1750,2054,60,50,0,1190E
R397,1752,2054,60,50,0,1190E
R398,1754,2055,60,50,0,1180E
R399,1755,2056,60,50,0,1180E
R400,1757,2057,60,50,0,1180E
R401,1759,2057,60,50,0,1160E
R402,1761,2059,60,50,0,1160E
R403,1762,2060,60,50,0,1160E
R404,1764,2060,60,50,0,1140E
R405,1766,2061,60,50,0,1140E
R406,1768,2062,60,50,0,1140E
R407,1770,2062,60,50,0,1150E
R408,1771,2063,60,50,0,1150E
R409,1773,2063,60,50,0,1150E
R410,1775,2064,60,50,0,1130E
R411,1777,2065,60,50,0,1130E
R412,1779,2065,60,50,0,1130E
R413,1780,2067,60,50,0,1120E
R414,1782,2067,60,50,0,1120E
R415,1783,2068,60,50,0,1120E
R416,1786,2069,60,50,0,1120E
R417,1787,2070,60,50,0,1120E
R418,1788,2071,60,50,0,1120E
R419,1791,2072,60,50,0,1090E
R420,1792,2073,60,50,0,1090E
R421,1794,2074,60,50,0,1090E
R422,1795,2075,60,50,0,1080E
R423,1798,2077,60,50,0,1080E
R424,1799,2078,60,50,0,1080E
R425,1801,2080,60,50,0,1090E
R426,1802,2081,60,50,0,1090E
R427,1804,2082,60,50,0,1090E
R428,1806,2083,60,50,0,1080E
R429,1808,2083,60,50,0,1080E
R430,1809,2085,60,50,0,1080E
R431,1811,2086,60,50,0,1070E
R432,1813,2087,60,50,0,1070E
R433,1814,2088,60,50,0,1070E
R434,1816,2089,60,50,0,1060E
R435,1818,2090,60,50,0,1060E
R436,1819,2092,60,50,0,1060E
R437,1821,2093,60,50,0,1060E
R438,1823,2094,60,50,0,1060E
R439,1825,2095,60,50,0,1060E
R440,1826,2096,60,50,0,1050E
R441,1828,2097,60,50,0,1050E
R442,1830,2097,60,50,0,1050E
R443,1832,2098,60,50,0,1040E
R444,1833,2099,60,50,0,1040E
R445,1835,2100,60,50,0,1040E
R446,1836,2100,60,50,0,1040E
R447,1838,2101,60,50,0,1040E
R448,1840,2102,60,50,0,1040E
R449,1841,2102,60,50,0,1040E
R450,1843,2103,60,50,0,1040E
R451,1845,2104,60,50,0,1040E
R452,1846,2105,60,50,0,1030E
R453,1848,2106,60,50,0,1030E
R454,1850,2107,60,50,0,1030E
R455,1852,2108,60,50,0,1050E
R456,1853,2109,60,50,0,1050E
R457,1855,2109,60,50,0,1050E
R458,1857,2111,60,50,0,1040E
R459,1858,2111,60,50,0,1040E
R460,1860,2113,60,50,0,1040E
R461,1861,2114,60,50,0,1020E
R462,1863,2115,60,50,0,1020E
R463,1865,2116,60,50,0,1020E
R464,1866,2117,60,50,0,1020E
R465,1868,2118,60,50,0,1020E
R466,1870,2119,60,50,0,1020E
R467,1871,2119,60,50,0,1020E
R468,1873,2119,60,50,0,1020E
R469,1875,2120,60,50,0,1020E
R470,1876,2121,60,50,0,1010E
R471,1878,2121,60,50,0,1010E
R472,1880,2122,60,50,0,1010E
R473,1881,2123,60,50,0,1010E
R474,1883,2124,60,50,0,1010E
R475,1884,2125,60,50,0,1010E
R476,1886,2126,60,50,0,1010E
R477,1888,2126,60,50,0,1010E
R478,1889,2127,60,50,0,1010E
R479,1891,2128,60,50,0,1010E
R480,1892,2129,60,49,0,1010E
R481,1894,2130,60,46,0,1010E
R482,1896,2130,60,45,0,1010E
R483,1897,2131,60,43,0,1010E
R484,1899,2132,60,41,0,1010E
R485,1901,2132,60,38,0,1010E
R486,1902,2132,60,34,0,1010E
R487,1904,2132,60,32,0,1010E
R488,1905,2132,60,30,0,1000E
R489,1907,2132,60,30,0,1000E
R490,1909,2132,60,28,0,1000E
R491,1910,2131,60,26,0,1000E
R492,1912,2131,60,26,0,1000E
R493,1914,2130,60,25,0,1000E
R494,1916,2129,60,25,0,1000E
R495,1917,2128,60,25,0,1000E
R496,1919,2127,60,25,0,1000E
R497,1920,2126,60,25,0,1000E
R498,1922,2126,60,25,0,1000E
R499,1923,2124,60,25,0,1000E
R500,1925,2124,60,25,0,1000E
R501,1926,2123,60,25,0,1000E
R502,1927,2123,60,25,0,1000E
R503,1929,2122,60,25,0,980E
R504,1930,2122,60,25,0,980E
R505,1932,2121,60,25,0,980E
R506,1933,2121,60,25,0,970E
R507,1935,2121,60,25,0,970E
R508,1937,2121,60,25,0,970E
R509,1938,2120,60,25,0,970E
R510,1940,2120,60,25,0,970E
R511,1941,2120,60,25,0,970E
R512,1943,2120,60,25,0,980E
R513,1944,2119,60,25,0,980E
R514,1945,2119,60,25,0,980E
R515,1947,2119,60,25,0,970E
R516,1948,2119,60,25,0,970E
R517,1950,2119,60,25,0,970E
R518,1951,2119,60,25,0,950E
R519,1952,2119,60,25,0,950E
R520,1953,2119,60,25,0,950E
R521,1955,2119,60,25,0,940E
R522,1956,2119,60,25,0,940E
R523,1957,2119,60,25,0,940E
R524,1959,2119,60,25,0,930E
R525,1960,2119,60,25,0,930E
R526,1961,2119,60,25,0,930E
R527,1962,2120,60,25,0,900E
R528,1963,2120,60,25,0,900E
R529,1965,2120,60,25,0,900E
R530,1966,2121,60,25,0,890E
R531,1968,2121,60,25,0,890E
R532,1969,2121,60,25,0,890E
R533,1970,2122,60,25,0,880E
R534,1972,2122,60,25,0,880E
R535,1973,2122,60,25,0,880E
R536,1974,2122,60,25,0,870E
R537,1974,2122,60,25,0,870E
R538,1975,2122,60,25,0,870E
R539,1977,2122,60,25,0,850E
R540,1978,2122,60,25,0,850E
R541,1978,2123,60,25,0,850E
R542,1980,2124,60,25,0,820E
R543,1981,2124,60,25,0,820E
R544,1982,2124,60,25,0,820E
R545,1983,2124,60,25,0,790E
R546,1984,2125,60,25,0,790E
R547,1985,2125,60,25,0,790E
R548,1986,2126,60,25,0,770E
R549,1987,2126,60,25,0,770E
R550,1988,2126,60,25,0,770E
R551,1988,2127,60,25,0,720E
R552,1990,2127,61,25,0,720E
R553,1991,2127,62,25,0,720E
R554,1991,2128,65,25,0,700E
R555,1992,2129,65,25,0,700E
R556,1993,2129,65,25,0,700E
R557,1994,2130,65,25,0,680E
R558,1995,2130,65,25,0,680E
R559,1996,2131,65,25,0,680E
R560,1997,2131,65,25,0,670E
R561,1997,2132,65,25,0,670E
R562,1998,2133,65,25,0,670E
R563,2000,2133,65,25,0,630E
R564,2000,2133,65,25,0,630E
R565,2001,2134,65,25,0,630E
R566,2002,2134,65,25,0,630E
R567,2002,2135,65,25,0,630E
R568,2003,2135,65,25,0,630E
R569,2004,2135,65,25,0,600E
R570,2005,2136,65,25,0,600E
R571,2006,2137,65,25,0,600E
R572,2006,2137,65,25,0,570E
R573,2007,2137,65,25,0,570E
R574,2008,2138,65,25,0,570E
R575,2009,2138,65,25,0,570E
R576,2009,2138,65,25,0,570E
R577,2011,2139,65,25,0,570E
R578,2011,2139,65,25,0,550E
R579,2012,2139,65,25,0,550E
R580,2012,2139,65,25,0,550E
R581,2013,2139,65,25,0,530E
R582,2014,2140,65,25,0,530E
R583,2014,2140,65,25,0,530E
R584,2015,2140,65,25,0,510E
R585,2016,2140,65,25,0,510E
R586,2017,2140,65,25,0,510E
R587,2017,2140,65,25,0,500E
R588,2018,2140,65,25,0,500E
R589,2019,2140,65,25,0,500E
R590,2019,2140,65,25,0,480E
R591,2020,2140,65,25,0,480E
R592,2021,2140,65,25,0,480E
R593,2022,2141,65,25,0,500E
R594,2022,2142,65,25,0,500E
R595,2023,2143,65,25,0,500E
R596,2024,2145,65,25,0,490E
R597,2024,2146,65,25,0,490E
R598,2025,2147,65,25,0,490E
R599,2025,2148,65,25,0,450E
R600,2027,2149,65,25,0,450E
R601,2028,2150,65,25,0,450E
R602,2028,2150,65,25,0,470E
R603,2029,2152,65,25,0,470E
R604,2029,2153,65,25,0,470E
R605,2030,2153,65,25,0,460E
R606,2031,2153,65,25,0,460E
R607,2032,2154,65,25,0,460E
R608,2033,2155,65,25,0,480E
R609,2033,2155,65,25,0,480E
R610,2034,2156,65,25,0,480E
R611,2035,2156,65,25,0,470E
R612,2035,2157,65,25,0,470E
R613,2036,2157,65,25,0,470E
R614,2036,2158,65,25,0,440E
R615,2038,2159,65,25,0,440E
R616,2039,2159,65,25,0,440E
R617,2039,2160,65,25,0,460E
R618,2040,2161,65,25,0,460E
R619,2041,2161,65,25,0,460E
R620,2042,2162,65,25,0,470E
R621,2043,2162,65,25,0,470E
R622,2044,2163,65,25,0,470E
R623,2044,2164,65,21,0,460E
R624,2045,2165,65,17,0,460E
R625,2046,2165,65,17,0,460E
R626,2047,2165,65,16,0,480E
R627,2047,2165,65,16,0,480E
R628,2049,2165,65,16,0,480E
R629,2049,2165,65,16,0,470E
R630,2050,2165,65,15,0,470E
R631,2051,2165,65,15,0,470E
R632,2052,2165,65,15,0,480E
R633,2052,2164,65,15,0,480E
R634,2053,2164,65,15,0,480E
R635,2054,2164,65,15,0,470E
P1992,852,86,1500,283,1920,496,218,139,2055,636E
