R1,1348,2031,70,0,0,5010E
R2,1357,2038,70,0,0,5010E
R3,1368,2040,70,0,0,5010E
R4,1373,2014,70,0,0,5010E
R5,1377,1992,70,0,0,5010E
R6,1379,1966,70,0,0,5010E
R7,1381,1939,70,0,0,4090E
R8,1383,1918,70,0,0,4090E
R9,1384,1908,70,0,0,4090E
R10,1385,1880,69,0,0,2300E
R11,1381,1843,69,0,0,2300E
R12,1372,1818,70,0,0,2300E
R13,1361,1796,70,0,0,-2660E
R14,1347,1773,70,0,0,-2660E
R15,1329,1732,70,0,0,-2660E
R16,1308,1709,70,0,0,-9410E
R17,1298,1685,70,0,0,-9410E
R18,1285,1671,70,0,0,-9410E
R19,1268,1649,69,0,0,-8160E
R20,1253,1620,70,0,0,-8160E
R21,1228,1610,70,0,0,-8160E
R22,1220,1584,70,0,0,-9000E
R23,1206,1575,70,0,0,-9000E
R24,1196,1564,70,0,0,-9000E
R25,1184,1552,69,0,0,-8030E
R26,1171,1537,70,0,0,-8030E
R27,1156,1526,70,0,0,-8030E
R28,1147,1519,70,0,0,-7640E
R29,1134,1513,70,0,0,-7640E
R30,1123,1510,70,0,0,-7640E
R31,1109,1508,70,0,0,-7620E
R32,1098,1505,70,0,0,-7620E
R33,1088,1503,70,0,0,-7620E
R34,1077,1501,70,0,0,-7130E
R35,1066,1498,70,0,0,-7130E
R36,1056,1496,70,0,0,-7130E
R37,1046,1493,70,0,0,-6800E
R38,1036,1490,70,0,0,-6800E
R39,1025,1488,69,0,0,-6800E
R40,1016,1486,69,0,0,-6440E
R41,1007,1483,70,0,0,-6440E
R42,997,1481,70,0,0,-6440E
R43,988,1479,70,0,0,-6070E
R44,980,1477,70,0,0,-6070E
R45,972,1475,70,0,0,-6070E
R46,964,1473,70,0,0,-5500E
R47,956,1471,70,0,0,-5500E
R48,948,1469,70,0,0,-5500E
R49,941,1467,70,0,0,-5040E
R50,933,1465,70,0,0,-5040E
R51,925,1464,70,0,0,-5040E
R52,918,1462,70,0,0,-4820E
R53,912,1460,70,0,0,-4820E
R54,904,1458,69,17,0,-4820E
R55,898,1457,70,21,0,-4480E
R56,892,1456,70,21,0,-4480E
R57,886,1455,70,20,0,-4480E
R58,878,1458,70,22,0,-4270E
R59,872,1462,70,24,0,-4270E
R60,868,1468,70,25,0,-4270E
R61,862,1474,70,25,0,-3850E
R62,856,1480,70,25,0,-3850E
R63,851,1488,70,25,0,-3850E
R64,845,1496,70,25,0,-3560E
R65,840,1503,70,25,0,-3560E
R66,834,1512,70,25,0,-3560E
R67,830,1519,70,25,0,-3400E
R68,825,1525,70,25,0,-3400E
R69,821,1534,70,25,0,-3400E
R70,816,1539,70,25,0,-3180E
R71,811,1547,70,25,0,-3180E
R72,808,1554,70,25,0,-3180E
R73,805,1559,70,25,0,-2740E
R74,800,1566,70,25,0,-2740E
R75,797,1571,70,25,0,-2740E
R76,794,1576,69,25,0,-2590E
R77,790,1582,70,25,0,-2590E
R78,786,1588,70,25,0,-2590E
R79,784,1591,69,25,0,-2360E
R80,780,1596,69,25,0,-2360E
R81,777,1600,70,25,0,-2360E
R82,774,1603,70,25,0,-2230E
R83,771,1607,70,25,0,-2230E
R84,768,1610,70,25,0,-2230E
R85,765,1613,70,25,0,-2080E
R86,761,1617,70,25,0,-2080E
R87,759,1620,70,25,0,-2080E
R88,756,1623,70,25,0,-1990E
R89,754,1627,69,25,0,-1990E
R90,752,1629,70,25,0,-1990E
R91,749,1633,70,25,0,-1810E
R92,747,1636,70,25,0,-1810E
R93,745,1638,70,25,0,-1810E
R94,743,1640,70,25,0,-1610E
R95,741,1643,70,25,0,-1610E
R96,739,1645,70,25,0,-1610E
R97,737,1647,70,25,0,-1470E
R98,736,1649,70,25,0,-1470E
R99,734,1650,69,25,0,-1470E
R100,732,1652,70,25,0,-1320E
R101,730,1654,70,25,0,-1320E
R102,729,1656,69,25,0,-1320E
R103,728,1658,70,25,0,-1150E
R104,727,1660,70,25,0,-1150E
R105,726,1662,70,25,0,-1150E
R106,724,1664,70,25,0,-960E
R107,723,1665,70,25,0,-960E
R108,722,1667,70,25,0,-960E
R109,722,1668,70,25,0,-840E
R110,720,1669,70,25,0,-840E
R111,720,1671,70,25,0,-840E
R112,719,1672,70,25,0,-760E
R113,718,1672,70,25,0,-760E
R114,718,1674,70,25,0,-760E
R115,717,1675,70,25,0,-660E
R116,716,1675,69,25,0,-660E
R117,715,1676,70,25,0,-660E
R118,715,1676,70,25,0,-580E
R119,714,1677,70,25,0,-580E
R120,714,1679,69,25,0,-580E
R121,714,1680,69,25,0,-480E
R122,714,1681,69,25,0,-480E
R123,714,1682,70,25,0,-480E
R124,713,1683,69,25,0,-410E
R125,713,1684,70,25,0,-410E
R126,713,1686,70,25,0,-410E
R127,713,1686,70,25,0,-300E
R128,713,1687,70,25,0,-300E
R129,713,1688,70,25,0,-300E
R130,713,1688,70,25,0,-220E
R131,713,1689,69,25,0,-220E
R132,713,1690,70,25,0,-220E
R133,713,1691,69,25,0,-160E
R134,713,1692,69,25,0,-160E
R135,713,1692,70,25,0,-160E
R136,713,1693,69,25,0,-120E
R137,713,1695,70,25,0,-120E
R138,713,1695,69,25,0,-120E
R139,713,1696,70,25,0,-90E
R140,713,1697,70,25,0,-90E
R141,713,1697,70,25,0,-90E
R142,714,1698,70,25,0,-40E
R143,714,1699,70,25,0,-40E
R144,714,1699,70,25,0,-40E
R145,714,1701,70,25,0,-30E
R146,715,1702,70,25,0,-30E
R147,716,1702,70,25,0,-30E
R148,716,1704,70,25,0,40E
R149,717,1704,70,25,0,40E
R150,718,1704,70,25,0,40E
R151,719,1706,70,25,0,150E
R152,720,1706,70,25,0,150E
R153,720,1706,70,25,0,150E
R154,721,1708,70,25,0,210E
R155,721,1708,70,25,0,210E
R156,722,1709,70,25,0,210E
R157,722,1710,70,25,0,210E
R158,722,1710,70,25,0,210E
R159,724,1710,70,25,0,210E
R160,725,1711,70,25,0,280E
R161,725,1711,70,25,0,280E
R162,726,1712,70,25,0,280E
R163,727,1712,70,25,0,300E
R164,728,1712,70,25,0,300E
R165,729,1713,70,25,0,300E
R166,731,1713,70,25,0,400E
R167,732,1713,70,25,0,400E
R168,733,1713,70,25,0,400E
R169,734,1714,70,25,0,440E
R170,735,1714,70,25,0,440E
R171,736,1716,70,25,0,440E
R172,737,1716,70,25,0,470E
R173,738,1717,70,25,0,470E
R174,739,1717,69,25,0,470E
R175,740,1718,70,25,0,500E
R176,741,1718,70,25,0,500E
R177,742,1719,69,25,0,500E
R178,743,1719,70,25,0,510E
R179,744,1719,70,25,0,510E
R180,744,1720,69,25,0,510E
R181,745,1720,70,25,0,490E
R182,746,1721,70,25,0,490E
R183,747,1721,69,25,0,490E
R184,748,1722,69,25,0,510E
R185,750,1722,70,25,0,510E
R186,751,1722,69,25,0,510E
R187,752,1723,70,25,0,550E
R188,753,1723,70,25,0,550E
R189,754,1723,70,25,0,550E
R190,755,1724,70,25,0,560E
R191,756,1725,70,25,0,560E
R192,757,1725,70,25,0,560E
R193,759,1726,70,25,0,590E
R194,760,1727,70,25,0,590E
R195,760,1727,70,25,0,590E
R196,762,1728,70,25,0,590E
R197,762,1729,70,25,0,590E
R198,764,1729,69,25,0,590E
R199,765,1730,70,25,0,590E
R200,766,1731,70,25,0,590E
R201,768,1732,70,25,0,590E
R202,769,1733,70,25,0,620E
R203,770,1734,70,25,0,620E
R204,771,1734,70,25,0,620E
R205,772,1735,69,25,0,610E
R206,774,1735,70,25,0,610E
R207,775,1735,70,25,0,610E
R208,776,1736,70,25,0,630E
R209,777,1737,70,25,0,630E
R210,778,1738,70,25,0,630E
R211,779,1738,70,25,0,630E
R212,781,1738,69,25,0,630E
R213,782,1738,70,25,0,630E
R214,783,1739,70,25,0,650E
R215,784,1739,70,25,0,650E
R216,786,1740,69,25,0,650E
R217,787,1740,69,25,0,660E
R218,788,1740,70,25,0,660E
R219,790,1741,70,25,0,660E
R220,791,1742,70,25,0,680E
R221,792,1742,70,25,0,680E
R222,794,1743,70,25,0,680E
R223,795,1743,70,25,0,690E
R224,796,1744,70,25,0,690E
R225,798,1744,70,25,0,690E
R226,799,1745,70,25,0,700E
R227,801,1745,70,25,0,700E
R228,802,1746,70,25,0,700E
R229,804,1746,70,25,0,740E
R230,805,1747,69,25,0,740E
R231,807,1747,70,25,0,740E
R232,808,1748,70,25,0,740E
R233,809,1748,69,25,0,740E
R234,810,1749,70,25,0,740E
R235,812,1749,70,25,0,750E
R236,814,1750,70,25,0,750E
R237,815,1750,69,25,0,750E
R238,816,1750,70,25,0,750E
R239,818,1751,70,25,0,750E
R240,819,1751,70,25,0,750E
R241,820,1751,70,25,0,760E
R242,821,1752,70,25,0,760E
R243,822,1752,70,25,0,760E
R244,823,1752,70,25,0,740E
R245,825,1752,70,25,0,740E
R246,826,1752,70,25,0,740E
R247,828,1753,70,25,0,770E
R248,829,1754,70,25,0,770E
R249,830,1754,70,25,0,770E
R250,831,1754,70,25,0,750E
R251,832,1755,70,25,0,750E
R252,834,1755,70,25,0,750E
R253,835,1756,70,25,0,750E
R254,837,1757,70,25,0,750E
R255,838,1757,69,25,0,750E
R256,839,1758,70,25,0,760E
R257,841,1758,70,25,0,760E
R258,842,1759,69,25,0,760E
R259,844,1760,70,25,0,780E
R260,845,1761,70,25,0,780E
R261,846,1761,70,25,0,780E
R262,847,1762,69,25,0,760E
R263,848,1762,69,25,0,760E
R264,850,1763,69,25,0,760E
R265,851,1764,69,25,0,770E
R266,852,1764,70,25,0,770E
R267,854,1765,70,25,0,770E
R268,855,1765,70,25,0,770E
R269,856,1765,70,25,0,770E
R270,857,1766,70,25,0,770E
R271,858,1766,70,25,0,750E
R272,860,1767,70,25,0,750E
R273,861,1767,70,25,0,750E
R274,862,1767,70,25,0,760E
R275,864,1767,70,25,0,760E
R276,865,1768,70,25,0,760E
R277,867,1768,70,25,0,780E
R278,868,1768,70,25,0,780E
R279,869,1768,70,25,0,780E
R280,870,1768,70,25,0,760E
R281,871,1768,69,25,0,760E
R282,872,1769,69,25,0,760E
R283,874,1769,69,25,0,740E
R284,875,1770,70,25,0,740E
R285,877,1770,70,25,0,740E
R286,878,1770,70,25,0,770E
R287,880,1771,70,25,0,770E
R288,881,1772,70,25,0,770E
R289,882,1772,70,25,0,770E
R290,884,1772,70,25,0,770E
R291,885,1773,70,25,0,770E
R292,887,1773,70,25,0,800E
R293,888,1773,70,25,0,800E
R294,890,1774,70,25,0,800E
R295,891,1774,69,25,0,800E
R296,892,1775,70,25,0,800E
R297,894,1776,70,25,0,800E
R298,896,1777,70,25,0,800E
R299,897,1777,70,25,0,800E
R300,898,1778,70,25,0,800E
R301,899,1778,70,25,0,800E
R302,901,1778,70,25,0,800E
R303,902,1778,70,25,0,800E
R304,903,1779,70,25,0,800E
R305,904,1779,69,25,0,800E
R306,905,1779,69,25,0,800E
R307,907,1779,70,25,0,800E
R308,908,1779,70,25,0,800E
R309,910,1779,70,25,0,800E
R310,911,1779,70,25,0,800E
R311,912,1779,70,25,0,800E
R312,913,1780,70,25,0,800E
R313,914,1780,70,25,0,780E
R314,915,1780,70,25,0,780E
R315,916,1780,70,25,0,780E
R316,917,1781,70,25,0,770E
R317,918,1781,70,25,0,770E
R318,920,1781,70,25,0,770E
R319,921,1781,70,25,0,770E
R320,923,1782,70,25,0,770E
R321,924,1783,70,25,0,770E
R322,925,1783,70,25,0,770E
R323,926,1784,70,25,0,770E
R324,927,1784,70,25,0,770E
R325,928,1785,69,25,0,760E
R326,930,1785,70,25,0,760E
R327,931,1785,69,25,0,760E
R328,932,1786,69,25,0,760E
R329,933,1787,70,25,0,760E
R330,934,1787,70,25,0,760E
R331,935,1787,70,25,0,750E
R332,937,1788,70,25,0,750E
R333,938,1788,70,25,0,750E
R334,939,1788,70,25,0,750E
R335,940,1788,70,25,0,750E
R336,941,1788,69,25,0,750E
R337,943,1788,69,25,0,760E
R338,944,1789,70,25,0,760E
R339,946,1789,69,25,0,760E
R340,947,1790,70,25,0,760E
R341,948,1790,70,25,0,760E
R342,950,1790,70,25,0,760E
R343,951,1791,70,25,0,760E
R344,951,1791,70,25,0,760E
R345,953,1791,70,25,0,760E
R346,953,1791,69,25,0,730E
R347,954,1791,70,25,0,730E
R348,956,1792,70,25,0,730E
R349,957,1792,70,25,0,740E
R350,958,1792,70,25,0,740E
R351,960,1793,70,25,0,740E
R352,961,1793,70,25,0,750E
R353,962,1793,70,25,0,750E
R354,963,1794,70,25,0,750E
R355,965,1794,69,25,0,750E
R356,966,1795,70,25,0,750E
R357,967,1795,69,25,0,750E
R358,968,1795,70,25,0,740E
R359,969,1795,70,25,0,740E
R360,970,1796,69,25,0,740E
R361,972,1796,70,25,0,740E
R362,973,1797,70,25,0,740E
R363,974,1797,69,25,0,740E
R364,975,1797,70,25,0,730E
R365,976,1798,70,25,0,730E
R366,977,1799,70,25,0,730E
R367,978,1799,70,25,0,720E
R368,980,1799,69,25,0,720E
R369,981,1800,70,25,0,720E
R370,982,1800,70,25,0,720E
R371,983,1801,70,25,0,720E
R372,984,1801,70,25,0,720E
R373,985,1801,70,25,0,710E
R374,987,1802,70,25,0,710E
R375,989,1802,70,25,0,710E
R376,989,1803,69,25,0,720E
R377,990,1803,70,25,0,720E
R378,991,1803,70,25,0,720E
R379,992,1804,69,25,0,710E
R380,993,1804,70,25,0,710E
R381,994,1804,69,25,0,710E
R382,995,1804,69,25,0,700E
R383,997,1805,70,25,0,700E
R384,998,1805,69,25,0,700E
R385,999,1805,70,25,0,710E
R386,1000,1806,70,25,0,710E
R387,1001,1806,70,25,0,710E
R388,1003,1806,70,25,0,720E
R389,1003,1807,70,25,0,720E
R390,1005,1807,70,25,0,720E
R391,1006,1808,69,25,0,700E
R392,1007,1808,70,25,0,700E
R393,1008,1808,70,25,0,700E
R394,1009,1809,69,25,0,690E
R395,1010,1809,70,25,0,690E
R396,1011,1809,70,25,0,690E
R397,1013,1810,70,25,0,700E
R398,1013,1811,70,25,0,700E
R399,1015,1811,70,25,0,700E
R400,1016,1811,69,25,0,680E
R401,1016,1811,70,25,0,680E
R402,1018,1811,70,25,0,680E
R403,1018,1811,70,25,0,670E
R404,1019,1812,70,25,0,670E
R405,1021,1812,70,25,0,670E
R406,1022,1812,70,25,0,680E
R407,1023,1812,70,25,0,680E
R408,1024,1812,70,25,0,680E
R409,1025,1813,70,25,0,670E
R410,1026,1813,70,25,0,670E
R411,1027,1814,70,25,0,670E
R412,1028,1815,70,25,0,660E
R413,1029,1815,70,25,0,660E
R414,1030,1815,70,25,0,660E
R415,1031,1816,70,25,0,660E
R416,1032,1816,70,25,0,660E
R417,1033,1816,70,25,0,660E
R418,1034,1816,70,25,0,650E
R419,1035,1817,70,25,0,650E
R420,1036,1817,70,25,0,650E
R421,1037,1817,70,25,0,650E
R422,1038,1817,70,25,0,650E
R423,1039,1817,70,25,0,650E
R424,1041,1818,70,25,0,660E
R425,1042,1818,70,25,0,660E
R426,1043,1818,70,25,0,660E
R427,1044,1818,69,25,0,650E
R428,1045,1818,70,25,0,650E
R429,1045,1818,70,25,0,650E
R430,1046,1818,70,25,0,630E
R431,1047,1818,70,25,0,630E
R432,1048,1818,70,25,0,630E
R433,1050,1819,70,25,0,650E
R434,1051,1819,69,25,0,650E
R435,1052,1820,70,25,0,650E
R436,1053,1820,70,25,0,640E
R437,1053,1821,70,25,0,640E
R438,1054,1821,70,25,0,640E
R439,1055,1821,70,25,0,620E
R440,1056,1822,69,25,0,620E
R441,1057,1823,70,25,0,620E
R442,1058,1823,70,25,0,610E
R443,1059,1823,70,25,0,610E
R444,1060,1823,69,25,0,610E
R445,1061,1823,70,25,0,610E
R446,1062,1823,70,25,0,610E
R447,1063,1824,70,25,0,610E
R448,1063,1824,70,25,0,590E
R449,1065,1825,70,25,0,590E
R450,1066,1826,70,25,0,590E
R451,1066,1826,70,25,0,590E
R452,1067,1826,70,25,0,590E
R453,1068,1826,69,25,0,590E
R454,1069,1827,70,25,0,590E
R455,1070,1827,70,25,0,590E
R456,1070,1828,70,25,0,590E
R457,1072,1828,70,25,0,590E
R458,1073,1828,70,25,0,590E
R459,1074,1828,70,25,0,590E
R460,1075,1828,70,25,0,590E
R461,1076,1829,70,25,0,590E
R462,1076,1829,70,25,0,590E
R463,1077,1829,70,25,0,580E
R464,1078,1829,70,25,0,580E
R465,1079,1829,70,25,0,580E
R466,1081,1829,70,25,0,600E
R467,1081,1830,70,25,0,600E
R468,1082,1830,70,25,0,600E
R469,1083,1830,70,25,0,580E
R470,1084,1830,70,25,0,580E
R471,1085,1829,70,25,0,580E
R472,1086,1829,70,25,0,580E
R473,1087,1828,70,25,0,580E
R474,1088,1828,70,25,0,580E
R475,1089,1828,70,25,0,580E
R476,1089,1828,70,25,0,580E
R477,1090,1827,70,25,0,580E
R478,1091,1827,70,25,0,570E
R479,1092,1826,70,25,0,570E
R480,1093,1825,70,25,0,570E
R481,1094,1824,69,25,0,570E
R482,1094,1823,70,25,0,570E
R483,1096,1823,70,25,0,570E
R484,1096,1823,70,25,0,550E
R485,1097,1823,70,25,0,550E
R486,1098,1823,70,25,0,550E
R487,1099,1822,70,25,0,560E
R488,1100,1822,70,25,0,560E
R489,1101,1822,70,25,0,560E
R490,1101,1821,70,25,0,540E
R491,1102,1821,70,25,0,540E
R492,1103,1821,70,25,0,540E
R493,1103,1820,70,25,0,530E
R494,1104,1820,70,25,0,530E
R495,1106,1820,69,25,0,530E
R496,1106,1820,70,25,0,540E
R497,1107,1820,70,25,0,540E
R498,1108,1820,70,25,0,540E
R499,1109,1819,70,25,0,540E
R500,1110,1819,70,25,0,540E
R501,1110,1819,70,25,0,540E
R502,1111,1819,70,25,0,530E
R503,1112,1819,70,25,0,530E
R504,1112,1818,70,25,0,530E
R505,1114,1818,70,25,0,530E
R506,1114,1818,70,25,0,530E
R507,1115,1818,70,25,0,530E
R508,1116,1818,70,25,0,520E
R509,1117,1818,70,25,0,520E
R510,1118,1818,70,25,0,520E
R511,1119,1818,70,25,0,530E
R512,1119,1818,70,25,0,530E
R513,1120,1818,70,25,0,530E
R514,1121,1818,70,25,0,520E
R515,1122,1818,70,25,0,520E
R516,1123,1818,70,25,0,520E
R517,1124,1818,70,25,0,520E
R518,1124,1818,70,25,0,520E
R519,1125,1818,70,25,0,520E
R520,1126,1818,70,25,0,510E
R521,1127,1818,70,25,0,510E
R522,1128,1818,70,25,0,510E
R523,1129,1818,70,25,0,520E
R524,1130,1818,70,25,0,520E
R525,1131,1819,70,25,0,520E
R526,1132,1820,70,25,0,530E
R527,1132,1820,70,25,0,530E
R528,1133,1820,70,25,0,530E
R529,1134,1820,70,25,0,510E
R530,1135,1820,70,25,0,510E
R531,1136,1820,70,25,0,510E
R532,1137,1820,70,25,0,520E
R533,1138,1821,70,25,0,520E
R534,1139,1821,70,25,0,520E
R535,1139,1822,70,25,0,510E
R536,1140,1822,70,25,0,510E
R537,1141,1822,70,25,0,510E
R538,1141,1822,70,25,0,500E
R539,1142,1823,70,25,0,500E
R540,1143,1823,70,25,0,500E
R541,1144,1823,70,25,0,510E
R542,1145,1823,70,25,0,510E
R543,1146,1823,70,25,0,510E
R544,1146,1823,70,25,0,500E
R545,1147,1823,70,25,0,500E
R546,1148,1823,70,25,0,500E
R547,1149,1823,70,25,0,510E
R548,1150,1824,70,25,0,510E
R549,1151,1824,70,25,0,510E
R550,1152,1824,70,25,0,520E
R551,1153,1825,70,25,0,520E
R552,1153,1825,70,25,0,520E
R553,1154,1825,70,25,0,500E
R554,1156,1826,70,25,0,500E
R555,1156,1826,70,25,0,500E
R556,1157,1826,70,25,0,510E
R557,1158,1826,70,25,0,510E
R558,1159,1827,70,25,0,510E
R559,1160,1827,70,25,0,520E
R560,1161,1827,70,25,0,520E
R561,1162,1827,70,25,0,520E
R562,1163,1828,70,25,0,530E
R563,1163,1828,70,25,0,530E
R564,1164,1829,70,25,0,530E
R565,1164,1829,70,25,0,500E
R566,1165,1830,70,25,0,500E
R567,1166,1830,70,25,0,500E
R568,1167,1830,70,25,0,510E
R569,1167,1831,70,25,0,510E
R570,1168,1831,70,25,0,510E
R571,1169,1831,70,25,0,500E
R572,1170,1831,70,25,0,500E
R573,1171,1831,69,25,0,500E
R574,1171,1831,70,25,0,490E
R575,1172,1831,70,25,0,490E
R576,1172,1831,70,25,0,490E
R577,1173,1831,70,25,0,480E
R578,1173,1831,70,25,0,480E
R579,1175,1831,70,25,0,480E
R580,1175,1831,70,25,0,470E
R581,1175,1831,70,25,0,470E
R582,1177,1831,70,25,0,470E
R583,1178,1831,70,25,0,480E
R584,1178,1831,70,25,0,480E
R585,1179,1832,70,25,0,480E
R586,1180,1832,69,25,0,470E
R587,1180,1832,70,25,0,470E
R588,1181,1833,70,25,0,470E
R589,1182,1833,70,25,0,460E
R590,1182,1833,70,25,0,460E
R591,1183,1834,70,25,0,460E
R592,1183,1834,70,25,0,440E
R593,1185,1834,70,25,0,440E
R594,1185,1834,70,25,0,440E
R595,1185,1834,70,25,0,430E
R596,1186,1835,70,25,0,430E
R597,1187,1836,70,25,0,430E
R598,1187,1836,70,25,0,430E
R599,1188,1836,70,25,0,430E
R600,1189,1836,70,25,0,430E
R601,1190,1837,70,25,0,450E
R602,1191,1837,70,25,0,450E
R603,1191,1838,70,25,0,450E
R604,1192,1838,70,25,0,440E
R605,1194,1839,70,25,0,440E
R606,1194,1839,70,25,0,440E
R607,1195,1839,70,25,0,460E
R608,1196,1839,70,25,0,460E
R609,1196,1839,69,25,0,460E
R610,1197,1840,70,25,0,450E
R611,1197,1840,70,25,0,450E
R612,1198,1840,70,25,0,450E
R613,1199,1840,70,25,0,440E
R614,1200,1841,70,25,0,440E
R615,1200,1841,70,25,0,440E
R616,1201,1842,70,25,0,440E
R617,1202,1842,70,25,0,440E
R618,1202,1842,70,25,0,440E
R619,1203,1842,70,25,0,440E
R620,1204,1842,70,25,0,440E
R621,1204,1842,70,25,0,440E
R622,1205,1843,70,25,0,430E
R623,1205,1843,70,25,0,430E
R624,1206,1843,70,25,0,430E
R625,1206,1844,70,25,0,410E
R626,1207,1844,70,25,0,410E
R627,1208,1844,70,25,0,410E
R628,1209,1844,70,25,0,430E
R629,1209,1844,70,25,0,430E
R630,1210,1845,70,25,0,430E
R631,1210,1845,70,25,0,410E
R632,1211,1845,70,25,0,410E
R633,1211,1845,70,25,0,410E
R634,1212,1846,69,25,0,410E
R635,1212,1846,70,25,0,410E
R636,1213,1846,70,25,0,410E
R637,1213,1847,70,25,0,390E
R638,1214,1847,70,25,0,390E
R639,1215,1847,69,25,0,390E
R640,1215,1847,70,25,0,390E
R641,1216,1847,70,25,0,390E
R642,1217,1848,70,25,0,390E
R643,1217,1848,70,25,0,390E
R644,1218,1848,70,25,0,390E
R645,1218,1848,70,25,0,390E
R646,1219,1848,70,25,0,390E
R647,1220,1849,70,25,0,390E
R648,1220,1849,70,25,0,390E
R649,1220,1849,70,25,0,370E
R650,1221,1850,70,25,0,370E
R651,1222,1851,70,25,0,370E
R652,1222,1852,70,25,0,370E
R653,1222,1852,70,25,0,370E
R654,1224,1853,70,25,0,370E
R655,1224,1853,70,25,0,380E
R656,1225,1853,70,25,0,380E
R657,1226,1853,70,25,0,380E
R658,1227,1853,70,25,0,390E
R659,1228,1853,70,25,0,390E
R660,1228,1853,70,25,0,390E
R661,1229,1853,70,25,0,390E
R662,1230,1853,70,25,0,390E
R663,1230,1853,70,25,0,390E
R664,1230,1854,70,25,0,380E
R665,1231,1854,70,25,0,380E
R666,1231,1854,70,25,0,380E
R667,1232,1855,70,25,0,380E
R668,1232,1855,70,25,0,380E
R669,1233,1855,70,25,0,380E
R670,1234,1855,70,25,0,380E
R671,1235,1855,70,25,0,380E
R672,1235,1855,70,25,0,380E
R673,1236,1856,70,25,0,380E
R674,1237,1856,70,25,0,380E
R675,1237,1856,70,25,0,380E
R676,1238,1856,70,25,0,380E
R677,1238,1856,70,25,0,380E
R678,1239,1856,70,25,0,380E
R679,1240,1857,70,25,0,380E
R680,1240,1857,70,25,0,380E
R681,1241,1857,70,25,0,380E
R682,1241,1858,70,25,0,370E
R683,1241,1858,70,25,0,370E
R684,1242,1858,70,25,0,370E
R685,1243,1858,70,25,0,370E
R686,1244,1858,70,25,0,370E
R687,1244,1858,70,25,0,370E
R688,1245,1859,70,25,0,370E
R689,1246,1859,70,25,0,370E
R690,1246,1859,70,25,0,370E
R691,1247,1859,70,25,0,380E
R692,1248,1859,70,25,0,380E
R693,1248,1859,70,25,0,380E
R694,1248,1859,70,25,0,360E
R695,1249,1860,70,25,0,360E
R696,1250,1860,70,25,0,360E
R697,1251,1860,70,25,0,380E
R698,1252,1860,70,25,0,380E
R699,1252,1860,70,25,0,380E
R700,1253,1860,70,25,0,380E
R701,1253,1861,70,25,0,380E
R702,1253,1861,70,25,0,380E
R703,1254,1861,70,25,0,370E
R704,1254,1862,70,25,0,370E
R705,1255,1862,70,25,0,370E
R706,1255,1862,70,25,0,350E
R707,1256,1862,70,25,0,350E
R708,1256,1862,70,25,0,350E
R709,1257,1863,70,25,0,360E
R710,1258,1864,70,25,0,360E
R711,1258,1864,70,25,0,360E
R712,1258,1864,69,25,0,340E
R713,1259,1864,70,25,0,340E
R714,1259,1864,70,25,0,340E
R715,1260,1864,70,25,0,350E
R716,1261,1864,70,25,0,350E
R717,1262,1864,69,25,0,350E
R718,1262,1865,70,25,0,350E
R719,1262,1865,70,25,0,350E
R720,1263,1865,70,25,0,350E
R721,1264,1865,70,25,0,360E
R722,1264,1865,70,25,0,360E
R723,1265,1866,70,25,0,360E
R724,1265,1866,70,25,0,340E
R725,1265,1866,70,25,0,340E
R726,1266,1867,72,25,0,340E
R727,1267,1868,100,25,0,350E
R728,1267,1868,100,25,0,350E
R729,1268,1868,100,0,0,350E
R730,1268,1868,100,0,0,340E
R731,1269,1865,100,0,0,340E
R732,1270,1856,100,0,0,340E
R733,1270,1848,100,0,0,340E
R734,1270,1833,100,0,0,340E
R735,1270,1821,100,0,0,340E
R736,1271,1810,100,0,0,330E
R737,1272,1797,100,0,0,330E
R738,1272,1786,100,0,0,330E
R739,1272,1777,100,0,0,320E
R740,1273,1765,100,0,0,320E
R741,1273,1757,100,0,0,320E
R742,1273,1747,100,0,0,310E
R743,1274,1737,100,0,0,310E
R744,1275,1730,100,0,0,310E
R745,1275,1722,100,0,0,310E
R746,1275,1716,100,0,0,310E
R747,1275,1708,100,0,0,310E
R748,1276,1701,100,0,0,300E
R749,1276,1696,100,0,0,300E
R750,1276,1691,100,0,0,300E
R751,1277,1684,100,0,0,290E
R752,1277,1678,100,0,0,290E
R753,1277,1673,100,0,0,290E
R754,1278,1668,100,0,0,280E
R755,1278,1663,100,0,0,280E
R756,1278,1660,100,0,0,280E
R757,1279,1655,100,0,0,280E
R758,1279,1652,100,0,0,280E
R759,1279,1648,100,0,0,280E
R760,1280,1643,100,0,0,270E
R761,1281,1641,100,0,0,270E
R762,1281,1637,100,0,0,270E
R763,1281,1634,100,0,0,260E
R764,1282,1631,100,0,0,260E
R765,1282,1628,100,0,0,260E
R766,1282,1626,100,0,0,260E
R767,1282,1624,100,0,0,260E
R768,1282,1621,100,0,0,260E
R769,1283,1619,100,0,0,250E
R770,1283,1617,100,0,0,250E
R771,1283,1614,100,0,0,250E
R772,1284,1612,100,0,0,250E
R773,1284,1610,100,0,0,250E
R774,1284,1609,100,0,0,250E
R775,1284,1607,100,0,0,230E
R776,1284,1605,100,0,0,230E
R777,1284,1603,100,0,0,230E
R778,1285,1602,100,0,0,220E
R779,1285,1600,100,0,0,220E
R780,1286,1599,100,0,0,220E
R781,1286,1598,100,0,0,220E
R782,1286,1596,100,0,0,220E
R783,1287,1595,100,0,0,220E
R784,1287,1594,100,0,0,220E
R785,1287,1592,100,0,0,220E
R786,1287,1592,100,0,0,220E
R787,1287,1591,100,0,0,200E
R788,1288,1590,100,0,0,200E
R789,1288,1589,100,0,0,200E
R790,1288,1587,100,0,0,200E
R791,1288,1586,100,0,0,200E
R792,1290,1585,100,0,0,200E
R793,1290,1584,100,0,0,220E
R794,1290,1583,100,0,0,220E
R795,1290,1582,100,0,0,220E
R796,1290,1581,100,0,0,200E
R797,1290,1580,100,0,0,200E
R798,1290,1580,100,0,0,200E
R799,1291,1579,100,0,0,200E
R800,1292,1578,100,0,0,200E
R801,1292,1577,100,0,0,200E
R802,1292,1577,100,0,0,200E
R803,1292,1576,100,0,0,200E
R804,1292,1575,100,0,0,200E
R805,1293,1575,100,0,0,200E
R806,1293,1575,100,0,0,200E
R807,1293,1575,100,0,0,200E
R808,1293,1574,100,0,0,180E
R809,1293,1574,100,0,0,180E
R810,1293,1573,100,0,0,180E
R811,1293,1573,100,0,0,170E
R812,1293,1572,100,0,0,170E
R813,1293,1572,100,0,0,170E
R814,1294,1571,100,0,0,170E
R815,1294,1571,100,0,0,170E
R816,1294,1571,100,0,0,170E
R817,1294,1570,100,0,0,150E
R818,1295,1570,100,0,0,150E
R819,1295,1570,100,0,0,150E
R820,1295,1569,100,0,0,160E
R821,1295,1569,100,0,0,160E
R822,1295,1569,100,0,0,160E
R823,1295,1568,100,0,0,140E
R824,1295,1568,100,0,0,140E
R825,1295,1567,100,0,0,140E
R826,1296,1567,100,0,0,150E
R827,1296,1566,100,0,0,150E
R828,1296,1566,100,0,0,150E
R829,1297,1565,100,0,0,150E
R830,1297,1564,100,0,0,150E
R831,1297,1564,100,0,0,150E
R832,1297,1564,100,0,0,140E
R833,1297,1563,100,0,0,140E
R834,1297,1563,100,0,0,140E
R835,1297,1562,100,0,0,130E
R836,1297,1562,100,0,0,130E
R837,1297,1562,100,0,0,130E
R838,1298,1561,100,0,0,130E
R839,1298,1561,100,0,0,130E
R840,1298,1560,100,0,0,130E
R841,1298,1560,100,0,0,120E
R842,1298,1559,100,0,0,120E
R843,1298,1558,100,0,0,120E
R844,1299,1558,100,0,0,130E
R845,1299,1557,100,0,0,130E
R846,1299,1557,100,0,0,130E
R847,1299,1556,100,0,0,120E
R848,1300,1556,100,0,0,120E
R849,1300,1555,100,0,0,120E
R850,1300,1555,100,0,0,120E
R851,1300,1554,100,0,0,120E
R852,1300,1553,100,0,0,120E
R853,1300,1553,100,0,0,110E
R854,1300,1553,100,0,0,110E
R855,1300,1552,100,0,0,110E
R856,1300,1552,100,0,0,100E
R857,1301,1551,100,0,0,100E
R858,1301,1551,100,0,0,100E
R859,1301,1551,100,0,0,110E
R860,1301,1550,100,0,0,110E
R861,1301,1550,100,0,0,110E
R862,1301,1550,100,0,0,100E
R863,1301,1549,100,0,0,100E
R864,1301,1549,100,0,0,100E
R865,1301,1549,100,0,0,90E
R866,1301,1548,100,0,0,90E
R867,1301,1548,100,0,0,90E
R868,1301,1548,100,0,0,80E
R869,1301,1548,100,0,0,80E
R870,1301,1547,100,0,0,80E
R871,1302,1547,100,0,0,90E
R872,1302,1547,100,0,0,90E
R873,1302,1547,100,0,0,90E
R874,1302,1546,100,0,0,80E
R875,1302,1546,100,0,0,80E
R876,1303,1545,100,0,0,80E
R877,1303,1545,100,0,0,90E
R878,1303,1545,100,0,0,90E
R879,1303,1544,100,0,0,90E
R880,1303,1544,100,0,0,80E
R881,1303,1543,100,0,0,80E
R882,1304,1543,100,0,0,80E
R883,1304,1543,100,0,0,90E
R884,1304,1542,100,0,0,90E
R885,1304,1542,100,0,0,90E
R886,1304,1542,100,0,0,80E
R887,1304,1542,100,0,0,80E
R888,1304,1541,100,0,0,80E
R889,1304,1540,100,0,0,80E
R890,1304,1540,100,0,0,80E
R891,1304,1540,100,0,0,80E
R892,1304,1539,100,0,0,70E
R893,1304,1539,100,0,0,70E
R894,1304,1539,100,0,0,70E
R895,1304,1538,100,0,0,60E
R896,1305,1538,100,0,0,60E
R897,1305,1538,100,0,0,60E
R898,1305,1538,100,0,0,70E
R899,1305,1537,100,0,0,70E
R900,1305,1537,100,0,0,70E
R901,1305,1537,100,0,0,70E
R902,1305,1537,100,0,0,70E
R903,1305,1536,100,0,0,70E
R904,1305,1536,100,0,0,60E
R905,1306,1536,100,0,0,60E
R906,1306,1535,100,0,0,60E
R907,1306,1535,100,0,0,70E
R908,1306,1534,100,0,0,70E
R909,1306,1534,100,0,0,70E
R910,1306,1534,100,0,0,60E
R911,1306,1534,100,0,0,60E
R912,1306,1534,100,0,0,60E
R913,1306,1534,100,0,0,60E
R914,1306,1533,100,0,0,60E
R915,1306,1533,100,0,0,60E
R916,1306,1533,100,0,0,50E
R917,1306,1532,100,0,0,50E
R918,1308,1532,100,0,0,50E
R919,1308,1532,100,0,0,80E
R920,1308,1532,100,0,0,80E
R921,1308,1531,100,0,0,80E
R922,1308,1531,100,0,0,70E
R923,1308,1531,100,0,0,70E
R924,1308,1531,100,0,0,70E
R925,1308,1530,100,0,0,70E
R926,1308,1530,100,0,0,70E
R927,1308,1530,100,0,0,70E
R928,1308,1530,100,0,0,60E
R929,1308,1530,100,0,0,60E
R930,1309,1530,100,0,0,60E
R931,1309,1530,100,0,0,70E
R932,1309,1529,100,0,0,70E
R933,1309,1529,100,0,0,70E
R934,1309,1529,100,0,0,60E
R935,1309,1529,100,0,0,60E
R936,1310,1528,100,0,0,60E
R937,1310,1528,100,0,0,80E
R938,1310,1528,100,0,0,80E
R939,1310,1528,100,0,0,80E
R940,1311,1527,100,0,0,90E
R941,1311,1526,100,0,0,90E
R942,1311,1526,100,0,0,90E
R943,1311,1526,100,0,0,80E
R944,1311,1525,100,0,0,80E
R945,1311,1525,100,0,0,80E
R946,1311,1525,100,0,0,70E
R947,1311,1525,100,0,0,70E
R948,1311,1525,100,0,0,70E
R949,1311,1524,100,0,0,60E
R950,1311,1524,100,0,0,60E
R951,1312,1524,100,0,0,60E
R952,1312,1524,100,0,0,80E
R953,1312,1524,100,0,0,80E
R954,1312,1524,100,0,0,80E
R955,1312,1524,100,0,0,70E
R956,1312,1524,100,0,0,70E
R957,1312,1524,100,0,0,70E
R958,1312,1523,100,0,0,60E
R959,1312,1523,100,0,0,60E
R960,1312,1523,100,0,0,60E
R961,1312,1523,100,0,0,60E
R962,1312,1523,100,0,0,60E
R963,1313,1523,100,0,0,60E
R964,1313,1522,100,0,0,70E
R965,1313,1521,100,0,0,70E
R966,1313,1521,100,0,0,70E
R967,1313,1521,100,0,0,60E
R968,1313,1521,100,0,0,60E
R969,1313,1521,100,0,0,60E
R970,1313,1521,100,0,0,60E
R971,1313,1521,100,0,0,60E
R972,1313,1520,100,0,0,60E
R973,1313,1520,100,0,0,50E
R974,1313,1520,100,0,0,50E
R975,1313,1520,100,0,0,50E
R976,1313,1520,100,0,0,50E
R977,1313,1519,100,0,0,50E
R978,1313,1519,100,0,0,50E
R979,1313,1519,100,0,0,40E
R980,1313,1519,100,0,0,40E
R981,1313,1519,100,0,0,40E
R982,1313,1519,100,0,0,40E
R983,1313,1519,100,0,0,40E
R984,1314,1519,100,0,0,40E
R985,1314,1519,100,0,0,50E
R986,1314,1519,100,0,0,50E
R987,1314,1519,100,0,0,50E
R988,1314,1519,100,0,0,50E
R989,1314,1519,100,0,0,50E
R990,1314,1518,100,0,0,50E
R991,1314,1518,100,0,0,40E
R992,1314,1517,100,0,0,40E
R993,1314,1517,100,0,0,40E
R994,1315,1517,100,0,0,50E
R995,1315,1517,100,0,0,50E
R996,1315,1516,100,0,0,50E
R997,1315,1516,100,0,0,50E
R998,1315,1516,100,0,0,50E
R999,1315,1516,100,0,0,50E
R1000,1315,1516,100,0,0,40E
R1001,1316,1515,100,0,0,40E
R1002,1316,1515,100,0,0,40E
R1003,1316,1515,100,0,0,60E
R1004,1316,1514,100,0,0,60E
R1005,1316,1514,100,0,0,60E
R1006,1316,1514,100,0,0,50E
R1007,1316,1514,100,0,0,50E
R1008,1316,1514,100,0,0,50E
R1009,1316,1514,100,0,0,50E
R1010,1316,1514,100,0,0,50E
R1011,1316,1514,100,0,0,50E
R1012,1317,1514,100,0,0,60E
R1013,1317,1514,100,0,0,60E
R1014,1318,1513,100,0,0,60E
R1015,1318,1513,100,0,0,70E
R1016,1318,1512,100,0,0,70E
R1017,1318,1512,100,0,0,70E
R1018,1318,1512,100,0,0,60E
R1019,1318,1512,100,0,0,60E
R1020,1319,1512,100,0,0,60E
R1021,1319,1512,100,0,0,70E
R1022,1319,1511,100,0,0,70E
R1023,1319,1510,100,0,0,70E
R1024,1319,1510,100,0,0,70E
R1025,1319,1510,100,0,0,70E
R1026,1319,1510,100,0,0,70E
R1027,1319,1510,100,0,0,60E
R1028,1319,1510,100,0,0,60E
R1029,1319,1510,100,0,0,60E
R1030,1319,1510,100,0,0,60E
R1031,1319,1510,100,0,0,60E
R1032,1320,1510,100,0,0,60E
R1033,1320,1509,100,0,0,70E
R1034,1320,1509,100,0,0,70E
R1035,1320,1508,100,0,0,70E
R1036,1320,1508,100,0,0,60E
R1037,1320,1508,100,0,0,60E
R1038,1320,1508,100,0,0,60E
R1039,1320,1507,100,0,0,60E
R1040,1320,1507,100,0,0,60E
R1041,1320,1507,100,0,0,60E
R1042,1321,1507,100,0,0,70E
R1043,1321,1507,100,0,0,70E
R1044,1321,1507,100,0,0,70E
R1045,1321,1507,100,0,0,60E
R1046,1322,1507,100,0,0,60E
R1047,1322,1507,100,0,0,60E
R1048,1322,1507,100,0,0,70E
R1049,1322,1507,100,0,0,70E
R1050,1322,1507,100,0,0,70E
R1051,1322,1506,100,0,0,70E
R1052,1322,1506,100,0,0,70E
R1053,1322,1506,100,0,0,70E
R1054,1323,1506,100,0,0,80E
R1055,1323,1506,100,0,0,80E
R1056,1323,1506,100,0,0,80E
R1057,1323,1506,100,0,0,70E
R1058,1323,1506,100,0,0,70E
R1059,1323,1505,100,0,0,70E
R1060,1323,1505,100,0,0,60E
R1061,1323,1505,100,0,0,60E
R1062,1323,1505,100,0,0,60E
R1063,1323,1505,100,0,0,60E
R1064,1323,1505,100,0,0,60E
R1065,1323,1505,100,0,0,60E
R1066,1323,1505,100,0,0,50E
R1067,1323,1505,100,0,0,50E
R1068,1323,1505,100,0,0,50E
R1069,1324,1505,100,0,0,60E
R1070,1324,1504,100,0,0,60E
R1071,1324,1504,100,0,0,60E
R1072,1324,1504,100,0,0,60E
R1073,1324,1504,100,0,0,60E
R1074,1324,1504,100,0,0,60E
R1075,1324,1504,100,0,0,50E
R1076,1324,1504,100,0,0,50E
R1077,1324,1504,100,0,0,50E
R1078,1324,1503,100,0,0,50E
R1079,1324,1502,100,0,0,50E
R1080,1324,1502,100,0,0,50E
R1081,1324,1502,100,0,0,40E
R1082,1324,1502,100,0,0,40E
R1083,1324,1502,100,0,0,40E
R1084,1325,1502,100,0,0,60E
R1085,1325,1502,100,0,0,60E
R1086,1325,1501,100,0,0,60E
R1087,1325,1501,100,0,0,50E
R1088,1325,1501,100,0,0,50E
R1089,1325,1501,100,0,0,50E
R1090,1325,1501,100,0,0,50E
R1091,1325,1500,100,0,0,50E
R1092,1325,1500,100,0,0,50E
R1093,1325,1500,100,0,0,40E
R1094,1325,1500,100,0,0,40E
R1095,1326,1500,100,0,0,40E
R1096,1326,1499,100,0,0,50E
R1097,1326,1499,100,0,0,50E
R1098,1326,1499,100,0,0,50E
R1099,1326,1499,100,0,0,50E
R1100,1326,1499,100,0,0,50E
R1101,1326,1499,100,0,0,50E
R1102,1326,1499,100,0,0,40E
R1103,1326,1499,100,0,0,40E
R1104,1326,1498,100,0,0,40E
R1105,1326,1497,100,0,0,40E
R1106,1326,1497,100,0,0,40E
R1107,1326,1497,100,0,0,40E
R1108,1326,1497,100,0,0,40E
R1109,1326,1497,100,0,0,40E
R1110,1326,1497,100,0,0,40E
R1111,1326,1497,100,0,0,30E
R1112,1326,1497,100,0,0,30E
R1113,1326,1497,100,0,0,30E
R1114,1327,1497,100,0,0,50E
R1115,1327,1497,100,0,0,50E
R1116,1327,1497,100,0,0,50E
R1117,1327,1497,100,0,0,40E
R1118,1327,1497,100,0,0,40E
R1119,1327,1497,100,0,0,40E
R1120,1327,1497,100,0,0,40E
R1121,1327,1496,100,0,0,40E
R1122,1327,1496,100,0,0,40E
R1123,1327,1496,100,0,0,40E
R1124,1327,1496,100,0,0,40E
R1125,1328,1496,100,0,0,40E
R1126,1328,1496,100,0,0,50E
R1127,1328,1496,100,0,0,50E
R1128,1328,1496,100,0,0,50E
R1129,1328,1496,100,0,0,40E
R1130,1328,1496,100,0,0,40E
R1131,1328,1496,100,0,0,40E
R1132,1328,1496,100,0,0,40E
R1133,1328,1496,100,0,0,40E
R1134,1328,1496,100,0,0,40E
R1135,1328,1496,100,0,0,40E
R1136,1329,1496,100,0,0,40E
R1137,1329,1496,100,0,0,40E
R1138,1329,1496,100,0,0,50E
R1139,1329,1496,100,0,0,50E
R1140,1329,1496,100,0,0,50E
R1141,1329,1496,100,0,0,40E
R1142,1329,1495,100,0,0,40E
R1143,1330,1495,100,0,0,40E
R1144,1330,1495,100,0,0,50E
R1145,1330,1495,100,0,0,50E
R1146,1330,1495,100,0,0,50E
R1147,1330,1495,100,0,0,50E
R1148,1330,1495,100,0,0,50E
R1149,1330,1495,100,0,0,50E
R1150,1330,1495,100,0,0,50E
R1151,1330,1495,100,0,0,50E
R1152,1330,1495,100,0,0,50E
R1153,1330,1495,100,0,0,40E
R1154,1330,1495,100,0,0,40E
R1155,1330,1495,100,0,0,40E
R1156,1331,1495,100,0,0,50E
R1157,1331,1494,100,0,0,50E
R1158,1331,1494,100,0,0,50E
R1159,1331,1494,100,0,0,50E
R1160,1331,1494,100,0,0,50E
R1161,1331,1494,100,0,0,50E
R1162,1331,1494,100,0,0,40E
R1163,1331,1494,100,0,0,40E
R1164,1331,1494,100,0,0,40E
R1165,1331,1494,100,0,0,40E
R1166,1331,1494,100,0,0,40E
R1167,1331,1494,100,0,0,40E
R1168,1331,1494,100,0,0,40E
R1169,1331,1494,100,0,0,40E
R1170,1331,1494,100,0,0,40E
R1171,1331,1494,100,0,0,30E
R1172,1331,1494,100,0,0,30E
R1173,1331,1494,100,0,0,30E
R1174,1331,1494,100,0,0,30E
R1175,1331,1493,100,0,0,30E
R1176,1331,1493,100,0,0,30E
R1177,1332,1493,100,0,0,40E
R1178,1332,1493,100,0,0,40E
R1179,1332,1493,100,0,0,40E
R1180,1332,1493,100,0,0,40E
R1181,1332,1493,100,0,0,40E
R1182,1332,1493,100,0,0,40E
R1183,1332,1492,100,0,0,40E
R1184,1332,1492,100,0,0,40E
R1185,1332,1492,100,0,0,40E
R1186,1332,1492,100,0,0,30E
R1187,1332,1492,100,0,0,30E
R1188,1332,1492,100,0,0,30E
R1189,1332,1491,100,0,0,30E
R1190,1332,1491,100,0,0,30E
R1191,1332,1490,100,0,0,30E
R1192,1332,1490,100,0,0,30E
R1193,1332,1490,100,0,0,30E
R1194,1332,1490,100,0,0,30E
R1195,1332,1490,100,0,0,30E
R1196,1332,1489,100,0,0,30E
R1197,1332,1489,100,0,0,30E
R1198,1332,1489,100,0,0,20E
R1199,1333,1489,100,0,0,20E
R1200,1333,1489,100,0,0,20E
R1201,1334,1489,100,0,0,50E
R1202,1334,1489,100,0,0,50E
R1203,1334,1488,100,0,0,50E
R1204,1334,1488,100,0,0,40E
R1205,1334,1488,100,0,0,40E
R1206,1334,1488,100,0,0,40E
R1207,1334,1488,100,0,0,40E
R1208,1334,1488,100,0,0,40E
R1209,1334,1488,100,0,0,40E
R1210,1334,1487,100,0,0,40E
R1211,1334,1487,100,0,0,40E
R1212,1334,1487,100,0,0,40E
R1213,1334,1487,100,0,0,30E
R1214,1334,1487,100,0,0,30E
R1215,1334,1487,100,0,0,30E
R1216,1334,1487,100,0,0,30E
R1217,1334,1487,100,0,0,30E
R1218,1334,1487,100,0,0,30E
R1219,1334,1487,100,0,0,30E
R1220,1334,1487,100,0,0,30E
R1221,1334,1487,100,0,0,30E
R1222,1334,1487,100,0,0,30E
R1223,1334,1487,100,0,0,30E
R1224,1334,1487,100,0,0,30E
R1225,1334,1487,100,0,0,20E
R1226,1334,1486,100,0,0,20E
R1227,1334,1486,100,0,0,20E
R1228,1335,1486,100,0,0,30E
R1229,1335,1486,100,0,0,30E
R1230,1335,1486,100,0,0,30E
R1231,1335,1486,100,0,0,30E
R1232,1335,1486,100,0,0,30E
R1233,1335,1486,100,0,0,30E
R1234,1335,1485,100,0,0,30E
R1235,1335,1485,100,0,0,30E
R1236,1335,1485,100,0,0,30E
R1237,1335,1485,100,0,0,30E
R1238,1335,1485,100,0,0,30E
R1239,1336,1485,100,0,0,30E
R1240,1336,1484,100,0,0,40E
R1241,1336,1484,100,0,0,40E
R1242,1336,1484,100,0,0,40E
R1243,1336,1484,100,0,0,30E
R1244,1336,1484,100,0,0,30E
R1245,1336,1484,100,0,0,30E
R1246,1336,1484,100,0,0,30E
R1247,1336,1483,100,0,0,30E
R1248,1336,1483,100,0,0,30E
R1249,1336,1483,100,0,0,30E
R1250,1336,1483,100,0,0,30E
R1251,1336,1483,100,0,0,30E
R1252,1336,1483,100,0,0,30E
R1253,1336,1483,100,0,0,30E
R1254,1336,1483,100,0,0,30E
R1255,1336,1483,100,0,0,30E
R1256,1336,1483,100,0,0,30E
R1257,1336,1483,100,0,0,30E
R1258,1336,1483,100,0,0,20E
R1259,1336,1482,100,0,0,20E
R1260,1336,1482,100,0,0,20E
R1261,1336,1482,100,0,0,20E
R1262,1336,1482,100,0,0,20E
R1263,1336,1482,100,0,0,20E
R1264,1336,1482,100,0,0,20E
R1265,1336,1482,100,0,0,20E
R1266,1336,1482,100,0,0,20E
R1267,1336,1481,100,0,0,20E
R1268,1336,1481,100,0,0,20E
R1269,1336,1481,100,0,0,20E
R1270,1336,1481,100,0,0,20E
R1271,1336,1481,100,0,0,20E
R1272,1336,1481,100,0,0,20E
R1273,1336,1481,100,0,0,20E
R1274,1336,1481,100,0,0,20E
R1275,1336,1481,100,0,0,20E
R1276,1336,1481,100,0,0,20E
R1277,1336,1481,100,0,0,20E
R1278,1336,1481,100,0,0,20E
R1279,1336,1481,100,0,0,20E
R1280,1336,1481,100,0,0,20E
R1281,1336,1481,100,0,0,20E
R1282,1336,1481,100,0,0,10E
R1283,1336,1481,100,0,0,10E
R1284,1337,1480,100,0,0,10E
R1285,1337,1480,100,0,0,20E
R1286,1337,1480,100,0,0,20E
R1287,1337,1480,100,0,0,20E
R1288,1337,1480,100,0,0,20E
R1289,1337,1480,100,0,0,20E
R1290,1337,1480,100,0,0,20E
R1291,1337,1480,100,0,0,20E
R1292,1337,1479,100,0,0,20E
R1293,1337,1479,100,0,0,20E
R1294,1337,1479,100,0,0,20E
R1295,1337,1479,100,0,0,20E
R1296,1337,1479,100,0,0,20E
R1297,1337,1479,100,0,0,20E
R1298,1337,1479,100,0,0,20E
R1299,1337,1479,100,0,0,20E
R1300,1337,1479,100,0,0,20E
R1301,1337,1479,100,0,0,20E
R1302,1337,1477,100,0,0,20E
R1303,1337,1471,100,0,0,20E
R1304,1337,1462,100,2,0,20E
R1305,1337,1453,100,4,0,20E
R1306,1337,1438,100,4,0,10E
R1307,1337,1426,100,4,0,10E
R1308,1337,1415,100,4,0,10E
R1309,1337,1402,100,4,0,10E
R1310,1337,1392,100,4,0,10E
R1311,1337,1381,100,4,0,10E
R1312,1337,1369,100,4,0,10E
R1313,1337,1360,100,4,0,10E
R1314,1337,1352,100,4,0,10E
R1315,1337,1341,100,4,0,10E
R1316,1337,1332,100,4,0,10E
R1317,1337,1325,100,4,0,10E
R1318,1337,1316,100,4,0,10E
R1319,1337,1310,100,0,0,10E
R1320,1337,1305,100,0,0,10E
R1321,1337,1302,100,0,0,10E
R1322,1337,1301,100,0,0,10E
R1323,1337,1300,100,0,0,10E
R1324,1336,1299,100,0,0,0E
R1325,1336,1299,100,0,0,0E
R1326,1336,1298,100,0,0,0E
R1327,1335,1298,100,0,0,0E
R1328,1335,1297,100,0,0,0E
R1329,1335,1296,100,0,0,0E
R1330,1335,1295,100,0,0,0E
R1331,1335,1294,100,0,0,0E
R1332,1335,1293,100,0,0,0E
R1333,1335,1293,100,0,0,0E
R1334,1335,1292,100,0,0,0E
R1335,1335,1291,100,0,0,0E
R1336,1335,1290,100,0,0,0E
R1337,1334,1290,100,0,0,0E
R1338,1334,1289,100,0,0,0E
R1339,1334,1289,100,0,0,-10E
R1340,1334,1289,100,0,0,-10E
R1341,1333,1289,100,0,0,-10E
R1342,1333,1288,100,0,0,-10E
R1343,1333,1288,100,0,0,-10E
R1344,1333,1288,100,0,0,-10E
R1345,1333,1287,100,0,0,-10E
R1346,1333,1286,100,0,0,-10E
R1347,1333,1286,100,0,0,-10E
R1348,1332,1286,100,0,0,-20E
R1349,1332,1286,100,0,0,-20E
R1350,1331,1286,100,0,0,-20E
R1351,1331,1285,100,0,0,-30E
R1352,1331,1284,100,0,0,-30E
R1353,1331,1284,100,0,0,-30E
R1354,1330,1283,100,0,0,-40E
R1355,1330,1283,100,0,0,-40E
R1356,1330,1282,100,0,0,-40E
R1357,1330,1281,100,0,0,-40E
R1358,1329,1281,100,0,0,-40E
R1359,1329,1280,100,0,0,-40E
R1360,1329,1279,100,0,0,-50E
R1361,1329,1279,100,0,0,-50E
R1362,1329,1278,100,0,0,-50E
R1363,1328,1278,100,0,0,-60E
R1364,1328,1277,100,0,0,-60E
R1365,1328,1276,100,0,0,-60E
R1366,1328,1276,100,0,0,-60E
R1367,1327,1276,100,0,0,-60E
R1368,1327,1275,100,0,0,-60E
R1369,1327,1274,100,0,0,-70E
R1370,1327,1274,100,0,0,-70E
R1371,1327,1273,100,0,0,-70E
R1372,1327,1272,100,0,0,-60E
R1373,1326,1272,100,0,0,-60E
R1374,1326,1270,100,0,0,-60E
R1375,1326,1270,100,0,0,-70E
R1376,1326,1270,100,0,0,-70E
R1377,1326,1269,100,0,0,-70E
R1378,1325,1268,100,0,0,-80E
R1379,1325,1267,100,0,0,-80E
R1380,1325,1267,100,0,0,-80E
R1381,1325,1268,100,0,0,-80E
R1382,1325,1271,100,0,0,-80E
R1383,1325,1279,100,0,0,-80E
R1384,1324,1284,100,0,0,-90E
R1385,1324,1291,100,0,0,-90E
R1386,1324,1298,100,0,0,-90E
R1387,1323,1304,100,0,0,-90E
R1388,1323,1310,100,0,0,-90E
R1389,1323,1315,100,0,0,-90E
R1390,1323,1320,100,0,0,-90E
R1391,1323,1326,100,0,0,-90E
R1392,1323,1331,100,0,0,-90E
R1393,1323,1335,100,0,0,-80E
R1394,1323,1340,100,0,0,-80E
R1395,1322,1344,100,0,0,-80E
R1396,1322,1347,100,0,0,-90E
R1397,1322,1350,100,0,0,-90E
R1398,1322,1354,100,0,0,-90E
R1399,1322,1357,100,0,0,-80E
R1400,1322,1360,100,0,0,-80E
R1401,1322,1363,100,0,0,-80E
R1402,1322,1365,100,0,0,-70E
R1403,1322,1368,100,0,0,-70E
R1404,1322,1370,100,0,0,-70E
R1405,1322,1373,100,0,0,-70E
R1406,1322,1375,100,0,0,-70E
R1407,1322,1377,100,0,0,-70E
R1408,1322,1379,100,0,0,-60E
R1409,1321,1382,100,0,0,-60E
R1410,1321,1383,100,0,0,-60E
R1411,1321,1385,100,0,0,-70E
R1412,1321,1387,100,0,0,-70E
R1413,1321,1388,100,0,0,-70E
R1414,1321,1390,100,0,0,-60E
R1415,1321,1391,100,0,0,-60E
R1416,1321,1392,100,0,0,-60E
R1417,1321,1394,100,0,0,-60E
R1418,1321,1395,100,0,0,-60E
R1419,1321,1396,100,0,0,-60E
R1420,1321,1397,100,0,0,-50E
R1421,1321,1398,100,0,0,-50E
R1422,1321,1400,100,0,0,-50E
R1423,1321,1401,100,0,0,-50E
R1424,1321,1402,100,0,0,-50E
R1425,1321,1402,100,0,0,-50E
R1426,1321,1403,100,0,0,-40E
R1427,1321,1404,100,0,0,-40E
R1428,1321,1404,100,0,0,-40E
R1429,1321,1405,100,0,0,-40E
R1430,1321,1406,100,0,0,-40E
R1431,1321,1407,100,0,0,-40E
R1432,1321,1407,100,0,0,-40E
R1433,1321,1408,100,0,0,-40E
R1434,1321,1409,100,0,0,-40E
R1435,1321,1409,100,0,0,-30E
R1436,1321,1410,100,0,0,-30E
R1437,1321,1410,100,0,0,-30E
R1438,1321,1411,100,0,0,-30E
R1439,1321,1411,100,0,0,-30E
R1440,1321,1411,100,0,0,-30E
R1441,1321,1412,100,0,0,-30E
R1442,1321,1412,100,0,0,-30E
R1443,1321,1413,100,0,0,-30E
R1444,1321,1413,100,0,0,-30E
R1445,1321,1414,100,0,0,-30E
R1446,1321,1414,100,0,0,-30E
R1447,1321,1414,100,0,0,-20E
R1448,1321,1414,100,0,0,-20E
R1449,1321,1415,100,0,0,-20E
R1450,1321,1415,100,0,0,-20E
R1451,1321,1415,100,0,0,-20E
R1452,1321,1416,100,0,0,-20E
R1453,1321,1416,100,0,0,-20E
R1454,1321,1416,100,0,0,-20E
R1455,1321,1416,100,0,0,-20E
R1456,1321,1417,100,0,0,-20E
R1457,1321,1417,100,0,0,-20E
R1458,1321,1417,100,0,0,-20E
R1459,1321,1417,100,0,0,-20E
R1460,1321,1418,100,0,0,-20E
R1461,1321,1418,100,0,0,-20E
R1462,1321,1418,100,0,0,-20E
R1463,1321,1418,100,0,0,-20E
R1464,1321,1419,100,0,0,-20E
R1465,1321,1419,100,0,0,-20E
R1466,1321,1419,100,0,0,-20E
R1467,1321,1420,100,0,0,-20E
R1468,1321,1420,100,0,0,-10E
R1469,1321,1420,100,0,0,-10E
R1470,1321,1420,100,0,0,-10E
R1471,1321,1420,100,0,0,-10E
R1472,1321,1420,100,0,0,-10E
R1473,1321,1421,100,0,0,-10E
R1474,1321,1421,100,0,0,-10E
R1475,1321,1421,100,0,0,-10E
R1476,1321,1421,100,0,0,-10E
R1477,1321,1421,100,0,0,-10E
R1478,1321,1422,100,0,0,-10E
R1479,1321,1422,100,0,0,-10E
R1480,1321,1422,100,0,0,-10E
R1481,1321,1422,100,0,0,-10E
R1482,1321,1422,100,0,0,-10E
R1483,1321,1423,100,0,0,-10E
R1484,1321,1423,100,0,0,-10E
R1485,1321,1424,100,0,0,-10E
R1486,1321,1424,100,0,0,-10E
R1487,1321,1424,100,0,0,-10E
R1488,1321,1424,100,0,0,-10E
R1489,1321,1424,100,0,0,-10E
R1490,1321,1424,100,0,0,-10E
R1491,1321,1424,100,0,0,-10E
R1492,1321,1424,100,0,0,-10E
R1493,1321,1424,100,0,0,-10E
R1494,1321,1424,100,0,0,-10E
R1495,1321,1425,100,0,0,-10E
R1496,1321,1425,100,0,0,-10E
R1497,1321,1425,100,0,0,-10E
R1498,1321,1425,100,0,0,-10E
R1499,1321,1425,100,0,0,-10E
R1500,1321,1425,100,0,0,-10E
R1501,1321,1425,100,0,0,-10E
R1502,1321,1425,100,0,0,-10E
R1503,1321,1425,100,0,0,-10E
R1504,1321,1425,100,0,0,-10E
R1505,1321,1425,100,0,0,-10E
R1506,1321,1425,100,0,0,-10E
R1507,1321,1425,100,0,0,-10E
R1508,1321,1426,100,0,0,-10E
R1509,1321,1426,100,0,0,-10E
R1510,1321,1426,100,0,0,-10E
R1511,1321,1426,100,0,0,-10E
R1512,1321,1427,100,0,0,-10E
R1513,1321,1427,100,0,0,-10E
R1514,1321,1427,100,0,0,-10E
R1515,1321,1427,100,0,0,-10E
R1516,1321,1427,100,0,0,-10E
R1517,1321,1427,100,0,0,-10E
R1518,1321,1427,100,0,0,-10E
R1519,1321,1427,100,0,0,0E
R1520,1321,1427,100,0,0,0E
R1521,1321,1427,100,0,0,0E
R1522,1321,1427,100,0,0,0E
R1523,1321,1427,100,0,0,0E
R1524,1321,1427,100,0,0,0E
R1525,1321,1427,100,0,0,0E
R1526,1321,1427,100,0,0,0E
R1527,1321,1427,100,0,0,0E
R1528,1321,1427,100,0,0,0E
R1529,1321,1427,100,0,0,0E
R1530,1321,1428,100,0,0,0E
R1531,1321,1428,100,0,0,0E
R1532,1321,1428,100,0,0,0E
R1533,1321,1428,100,0,0,0E
R1534,1321,1428,100,0,0,0E
R1535,1321,1428,100,0,0,0E
R1536,1321,1428,100,0,0,0E
R1537,1321,1428,100,0,0,0E
R1538,1321,1428,100,0,0,0E
R1539,1321,1428,100,0,0,0E
R1540,1321,1428,100,0,0,0E
R1541,1321,1428,100,0,0,0E
R1542,1321,1428,100,0,0,0E
R1543,1321,1428,100,0,0,0E
R1544,1321,1428,100,0,0,0E
R1545,1321,1428,100,0,0,0E
R1546,1321,1428,100,0,0,0E
R1547,1321,1428,100,0,0,0E
R1548,1321,1428,100,0,0,0E
R1549,1321,1429,100,0,0,0E
R1550,1321,1429,100,0,0,0E
R1551,1321,1429,100,0,0,0E
R1552,1321,1429,100,0,0,0E
R1553,1321,1429,100,0,0,0E
R1554,1321,1429,100,0,0,0E
R1555,1321,1429,100,0,0,0E
R1556,1321,1429,100,0,0,0E
R1557,1321,1429,100,0,0,0E
R1558,1321,1429,100,0,0,0E
R1559,1321,1429,100,0,0,0E
R1560,1321,1429,100,0,0,0E
R1561,1321,1429,100,0,0,0E
R1562,1321,1429,100,0,0,0E
R1563,1321,1429,100,0,0,0E
R1564,1321,1429,100,0,0,0E
R1565,1321,1429,100,0,0,0E
R1566,1321,1429,100,0,0,0E
R1567,1321,1429,100,0,0,0E
R1568,1321,1429,100,0,0,0E
R1569,1321,1429,100,0,0,0E
R1570,1321,1429,100,0,0,0E
R1571,1321,1429,100,0,0,0E
R1572,1321,1429,100,0,0,0E
R1573,1321,1429,100,0,0,0E
R1574,1321,1429,100,0,0,0E
R1575,1321,1429,100,0,0,0E
R1576,1321,1429,100,0,0,0E
R1577,1321,1429,100,0,0,0E
R1578,1321,1429,100,0,0,0E
R1579,1321,1429,100,0,0,0E
R1580,1322,1429,100,0,0,0E
R1581,1322,1429,100,0,0,0E
R1582,1322,1429,100,0,0,0E
R1583,1322,1429,100,0,0,0E
R1584,1322,1429,100,0,0,0E
R1585,1322,1429,100,0,0,0E
R1586,1322,1429,100,0,0,0E
R1587,1322,1429,100,0,0,0E
R1588,1322,1429,100,0,0,0E
R1589,1323,1429,100,0,0,0E
R1590,1323,1429,100,0,0,0E
R1591,1323,1429,100,0,0,0E
R1592,1323,1429,100,0,0,0E
R1593,1323,1429,100,0,0,0E
R1594,1323,1429,100,0,0,0E
R1595,1323,1429,100,0,0,0E
R1596,1323,1429,100,0,0,0E
R1597,1323,1429,100,0,0,0E
R1598,1323,1429,100,0,0,0E
R1599,1323,1429,100,0,0,0E
R1600,1323,1429,100,0,0,0E
R1601,1323,1429,100,0,0,0E
R1602,1323,1429,100,0,0,0E
R1603,1324,1429,100,0,0,0E
R1604,1324,1429,100,0,0,0E
R1605,1324,1429,100,0,0,0E
R1606,1324,1429,100,0,0,0E
R1607,1324,1429,100,0,0,0E
R1608,1324,1429,100,0,0,0E
R1609,1324,1429,100,0,0,0E
R1610,1324,1430,100,0,0,0E
R1611,1324,1430,100,0,0,0E
R1612,1324,1430,100,0,0,0E
R1613,1324,1430,100,0,0,0E
R1614,1324,1430,100,0,0,0E
R1615,1324,1430,100,0,0,0E
R1616,1324,1430,100,0,0,0E
R1617,1324,1430,100,0,0,0E
R1618,1324,1430,100,0,0,0E
R1619,1324,1430,100,0,0,0E
R1620,1324,1430,100,0,0,0E
R1621,1324,1430,100,0,0,0E
R1622,1324,1430,100,0,0,0E
R1623,1324,1430,100,0,0,0E
R1624,1324,1430,100,0,0,0E
R1625,1324,1430,100,0,0,0E
R1626,1324,1431,100,0,0,0E
R1627,1324,1431,100,0,0,0E
R1628,1324,1431,100,0,0,0E
R1629,1324,1431,100,0,0,0E
R1630,1324,1431,100,0,0,0E
R1631,1324,1431,100,0,0,0E
R1632,1324,1431,100,0,0,0E
R1633,1324,1431,100,0,0,0E
R1634,1324,1431,100,0,0,0E
R1635,1324,1431,100,0,0,0E
R1636,1324,1431,100,0,0,0E
R1637,1324,1431,100,0,0,0E
R1638,1324,1431,100,0,0,0E
R1639,1324,1431,100,0,0,0E
R1640,1324,1431,100,0,0,0E
R1641,1324,1431,100,0,0,0E
R1642,1324,1431,100,0,0,0E
R1643,1324,1431,100,0,0,0E
R1644,1324,1431,100,0,0,0E
R1645,1324,1431,100,0,0,0E
R1646,1324,1431,100,0,0,0E
R1647,1324,1431,100,0,0,0E
R1648,1324,1431,100,0,0,0E
R1649,1325,1431,100,0,0,0E
R1650,1325,1431,100,0,0,0E
R1651,1325,1431,100,0,0,10E
R1652,1325,1431,100,0,0,10E
R1653,1325,1431,100,0,0,10E
R1654,1325,1431,100,0,0,0E
R1655,1325,1431,100,0,0,0E
R1656,1325,1431,100,0,0,0E
R1657,1325,1431,100,0,0,0E
R1658,1325,1431,100,0,0,0E
R1659,1325,1431,100,0,0,0E
R1660,1325,1431,100,0,0,0E
R1661,1325,1431,100,0,0,0E
R1662,1325,1431,100,0,0,0E
R1663,1325,1431,100,0,0,0E
R1664,1325,1431,100,0,0,0E
R1665,1325,1431,100,0,0,0E
R1666,1325,1431,100,0,0,0E
R1667,1325,1431,100,0,0,0E
R1668,1325,1431,100,0,0,0E
R1669,1325,1431,100,0,0,0E
R1670,1325,1431,100,0,0,0E
R1671,1325,1431,100,0,0,0E
R1672,1325,1431,100,0,0,0E
R1673,1325,1431,100,0,0,0E
R1674,1325,1431,100,0,0,0E
R1675,1325,1431,100,0,0,0E
R1676,1325,1431,100,0,0,0E
R1677,1325,1431,100,0,0,0E
R1678,1325,1431,100,0,0,0E
R1679,1325,1431,100,0,0,0E
R1680,1325,1431,100,0,0,0E
R1681,1325,1431,100,0,0,0E
R1682,1325,1431,100,0,0,0E
R1683,1325,1431,100,0,0,0E
R1684,1325,1431,100,0,0,0E
R1685,1325,1431,100,0,0,0E
R1686,1325,1431,100,0,0,0E
R1687,1325,1430,100,0,0,0E
R1688,1326,1430,100,0,0,0E
R1689,1326,1430,100,0,0,0E
R1690,1326,1430,100,0,0,10E
R1691,1326,1430,100,0,0,10E
R1692,1326,1430,100,0,0,10E
R1693,1326,1430,100,0,0,10E
R1694,1326,1430,100,0,0,10E
R1695,1326,1430,100,0,0,10E
R1696,1326,1430,100,0,0,10E
R1697,1326,1430,100,0,0,10E
R1698,1326,1430,100,0,0,10E
R1699,1326,1430,100,0,0,10E
R1700,1326,1430,100,0,0,10E
R1701,1326,1430,100,0,0,10E
R1702,1326,1430,100,0,0,10E
R1703,1326,1430,100,0,0,10E
R1704,1326,1430,100,0,0,10E
R1705,1326,1430,100,0,0,10E
R1706,1326,1430,100,0,0,10E
R1707,1326,1430,100,0,0,10E
R1708,1326,1430,100,0,0,10E
R1709,1326,1430,100,0,0,10E
R1710,1326,1430,100,0,0,10E
R1711,1326,1430,100,0,0,0E
R1712,1326,1430,100,0,0,0E
R1713,1326,1430,100,0,0,0E
R1714,1326,1430,100,0,0,0E
R1715,1326,1430,100,0,0,0E
R1716,1326,1430,100,0,0,0E
R1717,1326,1430,100,0,0,0E
R1718,1326,1430,100,0,0,0E
R1719,1326,1430,100,0,0,0E
R1720,1326,1430,100,0,0,0E
R1721,1326,1430,100,0,0,0E
R1722,1326,1430,100,0,0,0E
R1723,1326,1430,100,0,0,0E
R1724,1326,1430,100,0,0,0E
R1725,1326,1430,100,0,0,0E
R1726,1326,1430,100,0,0,0E
R1727,1326,1430,100,0,0,0E
R1728,1326,1430,100,0,0,0E
R1729,1326,1430,100,0,0,0E
R1730,1326,1430,100,0,0,0E
R1731,1326,1430,100,0,0,0E
R1732,1326,1430,100,0,0,0E
R1733,1326,1430,100,0,0,0E
R1734,1326,1430,100,0,0,0E
R1735,1326,1430,100,0,0,0E
R1736,1326,1430,100,0,0,0E
R1737,1326,1430,100,0,0,0E
R1738,1326,1430,100,0,0,0E
R1739,1326,1430,100,0,0,0E
R1740,1326,1430,100,0,0,0E
R1741,1326,1430,100,0,0,0E
R1742,1327,1430,100,0,0,0E
R1743,1327,1430,100,0,0,0E
R1744,1327,1430,100,0,0,10E
R1745,1327,1430,100,0,0,10E
R1746,1327,1430,100,0,0,10E
R1747,1327,1429,100,0,0,10E
R1748,1327,1429,100,0,0,10E
R1749,1327,1429,100,0,0,10E
R1750,1327,1429,100,0,0,10E
R1751,1327,1429,100,0,0,10E
R1752,1327,1429,100,0,0,10E
R1753,1327,1429,100,0,0,10E
R1754,1327,1428,100,0,0,10E
R1755,1327,1428,100,0,0,10E
R1756,1327,1428,100,0,0,10E
R1757,1327,1428,100,0,0,10E
R1758,1327,1428,100,0,0,10E
R1759,1327,1428,100,0,0,10E
R1760,1327,1428,100,0,0,10E
R1761,1327,1428,100,0,0,10E
R1762,1328,1428,100,0,0,10E
R1763,1328,1428,100,0,0,10E
R1764,1328,1428,100,0,0,10E
R1765,1328,1428,100,0,0,10E
R1766,1328,1428,100,0,0,10E
R1767,1328,1428,100,0,0,10E
R1768,1328,1428,100,0,0,10E
R1769,1328,1428,100,0,0,10E
R1770,1328,1428,100,0,0,10E
P1342,713,141,1300,847,0,0,0,0,1328,1771E
