R1,1953,2166,65,20,0,6630E
R2,1962,2170,65,20,0,6630E
R3,1964,2166,65,20,0,6630E
R4,1942,2124,65,20,0,2600E
R5,1916,2062,65,20,0,2600E
R6,1893,2019,65,20,0,2600E
R7,1849,1953,65,20,0,-9500E
R8,1809,1899,65,20,0,-9500E
R9,1767,1828,65,20,0,-9500E
R10,1726,1766,65,20,0,-9500E
R11,1681,1705,65,20,0,-9500E
R12,1656,1646,65,20,0,-9500E
R13,1611,1596,65,20,0,-9500E
R14,1588,1558,65,20,0,-9500E
R15,1550,1502,65,20,0,-9500E
R16,1524,1456,65,20,0,-9500E
R17,1497,1417,65,20,0,-9500E
R18,1469,1391,65,20,0,-9500E
R19,1443,1352,65,20,0,-9500E
R20,1420,1328,65,20,0,-9500E
R21,1393,1301,65,20,0,-9500E
R22,1365,1264,65,20,0,-9500E
R23,1337,1254,65,20,0,-9500E
R24,1325,1224,65,20,0,-9500E
R25,1299,1202,65,20,0,-9500E
R26,1274,1188,65,20,0,-9500E
R27,1249,1165,65,20,0,-9500E
R28,1237,1156,65,20,0,-9500E
R29,1213,1145,65,20,0,-9500E
R30,1190,1138,65,20,0,-9500E
R31,1178,1132,65,20,0,-9500E
R32,1161,1125,65,20,0,-9500E
R33,1137,1120,65,20,0,-9500E
R34,1126,1116,65,20,0,-9500E
R35,1098,1110,65,20,0,-9500E
R36,1089,1107,65,20,0,-9500E
R37,1076,1103,65,20,0,-9500E
R38,1062,1099,65,20,0,-9500E
R39,1049,1096,65,20,0,-9500E
R40,1033,1093,65,20,0,-9370E
R41,1018,1090,65,20,0,-9370E
R42,1008,1088,65,20,0,-9370E
R43,996,1085,65,20,0,-8150E
R44,982,1084,65,20,0,-8150E
R45,970,1082,65,20,0,-8150E
R46,959,1080,65,20,0,-7660E
R47,949,1079,65,20,0,-7660E
R48,938,1077,65,20,0,-7660E
R49,928,1077,65,20,0,-6880E
R50,919,1076,65,20,0,-6880E
R51,910,1075,65,20,0,-6880E
R52,900,1074,65,20,0,-6040E
R53,893,1074,65,20,0,-6040E
R54,885,1073,65,20,0,-6040E
R55,878,1073,65,20,0,-5190E
R56,869,1073,65,20,0,-5190E
R57,861,1073,65,20,0,-5190E
R58,855,1073,65,20,0,-4840E
R59,849,1073,65,20,0,-4840E
R60,841,1073,65,20,0,-4840E
R61,836,1073,65,20,0,-4330E
R62,830,1073,65,20,0,-4330E
R63,826,1074,65,20,0,-4330E
R64,820,1075,65,20,0,-3770E
R65,815,1075,65,20,0,-3770E
R66,811,1075,65,20,0,-3770E
R67,807,1076,65,20,0,-3160E
R68,802,1077,65,20,0,-3160E
R69,798,1078,65,20,0,-3160E
R70,795,1079,65,20,0,-2760E
R71,792,1079,65,20,0,-2760E
R72,788,1080,65,20,0,-2760E
R73,785,1081,65,20,0,-2390E
R74,782,1082,65,20,0,-2390E
R75,779,1083,65,20,0,-2390E
R76,776,1084,65,20,0,-2120E
R77,774,1085,65,20,0,-2120E
R78,772,1086,65,20,0,-2120E
R79,769,1088,65,20,0,-1730E
R80,767,1089,65,20,0,-1730E
R81,766,1090,65,20,0,-1730E
R82,764,1091,65,20,0,-1490E
R83,762,1093,65,20,0,-1490E
R84,762,1094,65,20,0,-1490E
R85,761,1096,65,20,0,-1120E
R86,759,1097,65,20,0,-1120E
R87,758,1098,65,20,0,-1120E
R88,757,1100,65,20,0,-980E
R89,757,1101,65,20,0,-980E
R90,756,1103,65,20,0,-980E
R91,756,1104,65,20,0,-690E
R92,755,1105,65,20,0,-690E
R93,755,1106,65,20,0,-690E
R94,755,1108,65,20,0,-500E
R95,755,1110,65,20,0,-500E
R96,755,1111,65,20,0,-500E
R97,755,1112,65,20,0,-310E
R98,755,1114,65,20,0,-310E
R99,755,1115,65,20,0,-310E
R100,755,1117,65,20,0,-200E
R101,755,1118,65,20,0,-200E
R102,755,1120,65,20,0,-200E
R103,756,1121,65,20,0,-70E
R104,756,1123,65,20,0,-70E
R105,757,1125,65,20,0,-70E
R106,758,1127,65,20,0,70E
R107,759,1128,65,20,0,70E
R108,760,1130,65,20,0,70E
R109,761,1131,65,20,0,170E
R110,762,1132,65,20,0,170E
R111,763,1134,65,20,0,170E
R112,764,1136,65,20,0,350E
R113,766,1137,65,20,0,350E
R114,767,1138,65,20,0,350E
R115,768,1139,65,20,0,500E
R116,770,1141,65,20,0,500E
R117,771,1143,65,20,0,500E
R118,772,1144,65,20,0,590E
R119,774,1145,65,20,0,590E
R120,775,1147,65,20,0,590E
R121,777,1148,65,20,0,710E
R122,778,1150,65,20,0,710E
R123,780,1151,65,20,0,710E
R124,782,1152,65,20,0,790E
R125,783,1154,65,20,0,790E
R126,785,1155,65,20,0,790E
R127,787,1157,65,20,0,850E
R128,789,1158,65,20,0,850E
R129,790,1159,65,20,0,850E
R130,792,1161,65,20,0,880E
R131,794,1162,65,20,0,880E
R132,796,1164,65,20,0,880E
R133,798,1165,65,20,0,950E
R134,800,1167,65,20,0,950E
R135,802,1168,65,20,0,950E
R136,804,1169,65,20,0,1010E
R137,806,1171,65,20,0,1010E
R138,808,1172,65,20,0,1010E
R139,809,1173,65,20,0,1000E
R140,812,1175,65,20,0,1000E
R141,814,1176,65,20,0,1000E
R142,816,1178,65,34,0,1070E
R143,818,1179,65,41,0,1070E
R144,820,1180,65,46,0,1070E
R145,822,1183,65,48,0,1100E
R146,824,1186,65,52,0,1100E
R147,825,1189,65,53,0,1100E
R148,827,1194,65,55,0,1080E
R149,829,1198,65,55,0,1080E
R150,832,1203,65,56,0,1080E
R151,833,1209,65,62,0,1100E
R152,836,1214,65,65,0,1100E
R153,838,1221,65,68,0,1100E
R154,840,1228,65,70,0,1150E
R155,842,1234,65,70,0,1150E
R156,845,1243,65,70,0,1150E
R157,847,1250,65,70,0,1190E
R158,849,1256,65,70,0,1190E
R159,852,1265,65,70,0,1190E
R160,854,1271,65,70,0,1220E
R161,857,1277,65,70,0,1220E
R162,860,1285,65,70,0,1220E
R163,862,1291,65,70,0,1250E
R164,864,1295,65,70,0,1250E
R165,867,1303,65,70,0,1250E
R166,870,1308,65,70,0,1310E
R167,872,1314,65,70,0,1310E
R168,875,1320,65,70,0,1310E
R169,878,1325,65,70,0,1400E
R170,881,1331,65,70,0,1400E
R171,883,1335,65,70,0,1400E
R172,885,1339,65,70,0,1400E
R173,889,1345,65,70,0,1400E
R174,891,1349,65,70,0,1400E
R175,893,1352,65,70,0,1430E
R176,896,1358,65,70,0,1430E
R177,900,1362,65,70,0,1430E
R178,902,1365,65,70,0,1500E
R179,905,1370,65,70,0,1500E
R180,908,1374,65,70,0,1500E
R181,911,1377,65,70,0,1560E
R182,914,1381,65,70,0,1560E
R183,917,1384,65,70,0,1560E
R184,919,1387,65,70,0,1560E
R185,923,1391,65,70,0,1560E
R186,926,1394,65,70,0,1560E
R187,928,1397,65,70,0,1600E
R188,931,1400,65,70,0,1600E
R189,934,1402,65,70,0,1600E
R190,937,1405,65,70,0,1640E
R191,940,1408,65,70,0,1640E
R192,943,1410,65,70,0,1640E
R193,946,1413,65,70,0,1660E
R194,949,1415,65,70,0,1660E
R195,952,1417,65,70,0,1660E
R196,955,1420,65,70,0,1690E
R197,958,1422,65,70,0,1690E
R198,961,1425,65,70,0,1690E
R199,964,1427,65,70,0,1700E
R200,967,1430,65,70,0,1700E
R201,970,1432,65,70,0,1700E
R202,973,1435,65,70,0,1720E
R203,976,1437,65,70,0,1720E
R204,980,1440,65,70,0,1720E
R205,983,1442,65,70,0,1760E
R206,986,1444,65,70,0,1760E
R207,989,1447,65,70,0,1760E
R208,992,1448,65,70,0,1760E
R209,995,1450,65,70,0,1760E
R210,998,1453,65,70,0,1760E
R211,1001,1454,65,70,0,1740E
R212,1004,1456,65,70,0,1740E
R213,1007,1458,65,70,0,1740E
R214,1010,1460,65,70,0,1750E
R215,1012,1461,65,70,0,1750E
R216,1016,1463,65,70,0,1750E
R217,1019,1465,65,70,0,1750E
R218,1021,1467,65,70,0,1750E
R219,1024,1468,65,70,0,1750E
R220,1027,1470,65,70,0,1760E
R221,1031,1472,65,70,0,1760E
R222,1034,1474,65,70,0,1760E
R223,1037,1476,65,70,0,1760E
R224,1040,1478,65,70,0,1760E
R225,1043,1480,65,70,0,1760E
R226,1045,1481,65,70,0,1770E
R227,1048,1483,65,70,0,1770E
R228,1052,1484,65,70,0,1770E
R229,1054,1485,65,70,0,1770E
R230,1057,1487,65,70,0,1770E
R231,1060,1489,65,70,0,1770E
R232,1063,1490,65,70,0,1770E
R233,1067,1493,65,70,0,1770E
R234,1069,1494,65,70,0,1770E
R235,1072,1496,65,70,0,1770E
R236,1075,1497,65,70,0,1770E
R237,1077,1499,65,70,0,1770E
R238,1080,1501,65,70,0,1760E
R239,1084,1502,65,70,0,1760E
R240,1086,1504,65,70,0,1760E
R241,1089,1506,65,70,0,1760E
R242,1092,1507,65,70,0,1760E
R243,1095,1508,65,70,0,1760E
R244,1098,1510,65,70,0,1760E
R245,1101,1511,65,70,0,1760E
R246,1104,1512,65,70,0,1760E
R247,1107,1514,65,70,0,1770E
R248,1109,1515,65,70,0,1770E
R249,1112,1517,65,70,0,1770E
R250,1115,1518,65,70,0,1750E
R251,1118,1520,65,70,0,1750E
R252,1120,1521,65,70,0,1750E
R253,1123,1522,65,70,0,1740E
R254,1125,1524,65,70,0,1740E
R255,1128,1526,65,70,0,1740E
R256,1131,1527,65,70,0,1730E
R257,1134,1528,65,70,0,1730E
R258,1137,1530,65,70,0,1730E
R259,1139,1532,65,70,0,1720E
R260,1142,1533,65,70,0,1720E
R261,1145,1535,65,70,0,1720E
R262,1147,1536,65,70,0,1710E
R263,1151,1538,65,70,0,1710E
R264,1153,1539,65,70,0,1710E
R265,1155,1540,65,70,0,1700E
R266,1158,1542,65,70,0,1700E
R267,1161,1544,65,70,0,1700E
R268,1163,1545,65,70,0,1690E
R269,1166,1547,65,70,0,1690E
R270,1168,1548,65,70,0,1690E
R271,1171,1549,65,70,0,1680E
R272,1173,1551,65,70,0,1680E
R273,1176,1553,65,70,0,1680E
R274,1178,1554,65,70,0,1650E
R275,1181,1556,65,70,0,1650E
R276,1183,1558,65,70,0,1650E
R277,1185,1559,65,70,0,1620E
R278,1188,1561,65,70,0,1620E
R279,1191,1563,65,70,0,1620E
R280,1193,1564,65,70,0,1620E
R281,1196,1566,65,70,0,1620E
R282,1198,1568,65,70,0,1620E
R283,1200,1570,65,70,0,1600E
R284,1203,1571,65,70,0,1600E
R285,1205,1573,65,70,0,1600E
R286,1207,1575,65,70,0,1570E
R287,1210,1577,65,70,0,1570E
R288,1212,1578,65,70,0,1570E
R289,1214,1581,65,70,0,1550E
R290,1217,1583,65,70,0,1550E
R291,1220,1584,65,70,0,1550E
R292,1222,1586,65,70,0,1560E
R293,1224,1588,65,70,0,1560E
R294,1228,1589,65,70,0,1560E
R295,1230,1591,65,70,0,1560E
R296,1233,1593,65,70,0,1560E
R297,1235,1595,65,70,0,1560E
R298,1238,1597,65,70,0,1560E
R299,1240,1598,65,70,0,1560E
R300,1243,1600,65,70,0,1560E
R301,1245,1602,65,70,0,1550E
R302,1247,1604,65,70,0,1550E
R303,1250,1606,65,70,0,1550E
R304,1252,1607,65,70,0,1530E
R305,1254,1608,65,70,0,1530E
R306,1257,1611,65,70,0,1530E
R307,1260,1613,65,70,0,1520E
R308,1262,1614,65,70,0,1520E
R309,1264,1616,65,70,0,1520E
R310,1267,1617,65,70,0,1500E
R311,1269,1619,65,70,0,1500E
R312,1271,1621,65,70,0,1500E
R313,1273,1623,65,70,0,1490E
R314,1275,1624,65,70,0,1490E
R315,1278,1626,65,70,0,1490E
R316,1280,1628,65,70,0,1480E
R317,1282,1630,65,70,0,1480E
R318,1285,1631,65,70,0,1480E
R319,1287,1633,65,70,0,1470E
R320,1289,1635,65,70,0,1470E
R321,1291,1638,65,70,0,1470E
R322,1294,1639,65,70,0,1460E
R323,1296,1641,65,70,0,1460E
R324,1298,1643,65,70,0,1460E
R325,1300,1645,65,70,0,1440E
R326,1303,1647,65,70,0,1440E
R327,1305,1648,65,70,0,1440E
R328,1307,1649,65,70,0,1430E
R329,1309,1652,65,70,0,1430E
R330,1312,1653,65,70,0,1430E
R331,1314,1656,65,70,0,1430E
R332,1316,1658,65,70,0,1430E
R333,1318,1660,65,70,0,1430E
R334,1320,1662,65,70,0,1410E
R335,1322,1664,65,70,0,1410E
R336,1325,1665,65,70,0,1410E
R337,1327,1667,65,70,0,1380E
R338,1329,1668,65,70,0,1380E
R339,1330,1670,65,70,0,1380E
R340,1332,1672,65,70,0,1360E
R341,1334,1674,65,70,0,1360E
R342,1337,1675,65,70,0,1360E
R343,1338,1678,65,70,0,1340E
R344,1341,1681,65,70,0,1340E
R345,1342,1683,65,70,0,1340E
R346,1345,1685,65,70,0,1350E
R347,1347,1687,65,70,0,1350E
R348,1349,1689,65,70,0,1350E
R349,1351,1690,65,70,0,1330E
R350,1353,1692,65,70,0,1330E
R351,1355,1694,65,70,0,1330E
R352,1357,1696,65,70,0,1310E
R353,1359,1697,65,70,0,1310E
R354,1362,1700,65,70,0,1310E
R355,1364,1701,65,70,0,1320E
R356,1366,1703,65,70,0,1320E
R357,1368,1705,65,70,0,1320E
R358,1370,1706,65,70,0,1310E
R359,1372,1708,65,70,0,1310E
R360,1373,1709,65,70,0,1310E
R361,1376,1711,65,70,0,1300E
R362,1378,1713,65,70,0,1300E
R363,1380,1714,65,70,0,1300E
R364,1381,1716,65,70,0,1260E
R365,1384,1718,65,70,0,1260E
R366,1385,1719,65,70,0,1260E
R367,1387,1720,65,70,0,1250E
R368,1389,1723,65,70,0,1250E
R369,1391,1724,65,70,0,1250E
R370,1392,1726,65,70,0,1220E
R371,1394,1728,65,70,0,1220E
R372,1396,1729,65,70,0,1220E
R373,1398,1731,65,70,0,1220E
R374,1400,1733,65,70,0,1220E
R375,1402,1734,65,70,0,1220E
R376,1404,1736,65,70,0,1220E
R377,1406,1737,65,70,0,1220E
R378,1408,1739,65,70,0,1220E
R379,1410,1740,65,70,0,1190E
R380,1411,1742,65,70,0,1190E
R381,1414,1744,65,70,0,1190E
R382,1416,1746,65,70,0,1190E
R383,1417,1747,65,70,0,1190E
R384,1419,1749,65,70,0,1190E
R385,1422,1751,65,70,0,1210E
R386,1423,1752,65,70,0,1210E
R387,1425,1753,65,70,0,1210E
R388,1427,1755,65,70,0,1190E
R389,1429,1757,65,70,0,1190E
R390,1431,1758,65,70,0,1190E
R391,1433,1760,65,70,0,1190E
R392,1434,1762,65,70,0,1190E
R393,1436,1763,65,70,0,1190E
R394,1438,1765,65,70,0,1170E
R395,1440,1766,65,70,0,1170E
R396,1442,1768,65,70,0,1170E
R397,1444,1770,65,70,0,1170E
R398,1446,1772,65,70,0,1170E
R399,1447,1774,65,70,0,1170E
R400,1449,1776,65,70,0,1150E
R401,1451,1777,65,70,0,1150E
R402,1453,1779,65,70,0,1150E
R403,1455,1780,65,70,0,1160E
R404,1458,1781,65,70,0,1160E
R405,1459,1783,65,70,0,1160E
R406,1461,1784,65,70,0,1160E
R407,1463,1785,65,70,0,1160E
R408,1465,1787,65,70,0,1160E
R409,1467,1788,65,70,0,1170E
R410,1468,1789,65,70,0,1170E
R411,1470,1791,65,70,0,1170E
R412,1472,1792,65,70,0,1150E
R413,1474,1794,65,70,0,1150E
R414,1476,1796,65,70,0,1150E
R415,1477,1797,65,70,0,1130E
R416,1479,1799,65,70,0,1130E
R417,1481,1800,65,70,0,1130E
R418,1483,1802,65,70,0,1140E
R419,1484,1804,65,70,0,1140E
R420,1486,1805,65,70,0,1140E
R421,1488,1807,65,70,0,1130E
R422,1490,1809,65,70,0,1130E
R423,1491,1810,65,70,0,1130E
R424,1493,1811,65,70,0,1110E
R425,1495,1813,65,70,0,1110E
R426,1497,1815,65,70,0,1110E
R427,1499,1815,65,70,0,1100E
R428,1501,1817,65,70,0,1100E
R429,1502,1818,65,70,0,1100E
R430,1504,1820,65,70,0,1110E
R431,1506,1822,65,70,0,1110E
R432,1508,1823,65,67,0,1110E
R433,1509,1825,65,65,0,1100E
R434,1511,1826,65,63,0,1100E
R435,1513,1827,65,61,0,1100E
R436,1515,1829,65,61,0,1110E
R437,1516,1830,65,61,0,1110E
R438,1518,1831,65,59,0,1110E
R439,1520,1832,65,59,0,1100E
R440,1522,1833,65,59,0,1100E
R441,1524,1834,65,59,0,1100E
R442,1525,1835,65,59,0,1090E
R443,1527,1835,65,59,0,1090E
R444,1529,1835,65,59,0,1090E
R445,1530,1836,65,59,0,1080E
R446,1532,1837,65,59,0,1080E
R447,1533,1837,65,59,0,1080E
R448,1535,1838,65,59,0,1070E
R449,1537,1838,65,59,0,1070E
R450,1538,1839,65,59,0,1070E
R451,1540,1840,65,59,0,1060E
R452,1542,1840,65,59,0,1060E
R453,1543,1841,65,59,0,1060E
R454,1545,1842,65,59,0,1060E
R455,1546,1842,65,59,0,1060E
R456,1549,1844,65,59,0,1060E
R457,1550,1845,65,59,0,1050E
R458,1552,1846,65,59,0,1050E
R459,1553,1847,65,59,0,1050E
R460,1555,1848,65,59,0,1050E
R461,1556,1849,65,59,0,1050E
R462,1558,1850,65,59,0,1050E
R463,1560,1851,65,59,0,1040E
R464,1561,1852,65,59,0,1040E
R465,1563,1853,65,59,0,1040E
R466,1564,1854,65,59,0,1020E
R467,1566,1855,65,59,0,1020E
R468,1568,1856,65,59,0,1020E
R469,1569,1857,65,59,0,1020E
R470,1570,1858,65,59,0,1020E
R471,1572,1859,65,59,0,1020E
R472,1573,1860,65,59,0,1000E
R473,1575,1862,65,59,0,1000E
R474,1576,1863,65,59,0,1000E
R475,1578,1864,65,59,0,1000E
R476,1579,1865,65,59,0,1000E
R477,1580,1866,65,59,0,1000E
R478,1582,1867,65,59,0,980E
R479,1583,1868,65,59,0,980E
R480,1585,1869,65,59,0,980E
R481,1587,1871,65,59,0,960E
R482,1588,1871,65,59,0,960E
R483,1589,1873,65,59,0,960E
R484,1591,1874,65,59,0,970E
R485,1592,1875,65,59,0,970E
R486,1593,1876,65,59,0,970E
R487,1595,1877,65,59,0,950E
R488,1597,1878,65,59,0,950E
R489,1598,1878,65,59,0,950E
R490,1599,1879,65,59,0,930E
R491,1601,1881,65,59,0,930E
R492,1603,1882,65,59,0,930E
R493,1604,1883,65,59,0,940E
R494,1605,1884,65,59,0,940E
R495,1607,1885,65,59,0,940E
R496,1609,1886,65,59,0,950E
R497,1610,1888,65,59,0,950E
R498,1611,1889,65,59,0,950E
R499,1613,1890,65,59,0,930E
R500,1614,1891,65,59,0,930E
R501,1616,1892,65,59,0,930E
R502,1617,1893,65,59,0,920E
R503,1619,1894,65,59,0,920E
R504,1620,1895,65,58,0,920E
R505,1622,1896,65,57,0,930E
R506,1623,1897,65,56,0,930E
R507,1625,1899,65,55,0,930E
R508,1626,1900,65,55,0,910E
R509,1627,1901,65,55,0,910E
R510,1629,1901,65,55,0,910E
R511,1630,1903,65,55,0,900E
R512,1631,1903,65,55,0,900E
R513,1633,1904,65,55,0,900E
R514,1634,1905,65,55,0,890E
R515,1636,1906,65,55,0,890E
R516,1637,1907,65,55,0,890E
R517,1638,1908,65,55,0,880E
R518,1640,1909,65,55,0,880E
R519,1641,1910,65,55,0,880E
R520,1643,1911,65,55,0,890E
R521,1644,1912,65,55,0,890E
R522,1645,1913,65,55,0,890E
R523,1647,1914,65,55,0,880E
R524,1649,1915,65,55,0,880E
R525,1650,1915,65,55,0,880E
R526,1651,1916,65,55,0,870E
R527,1652,1917,65,55,0,870E
R528,1654,1919,65,55,0,870E
R529,1655,1920,65,55,0,870E
R530,1656,1921,65,55,0,870E
R531,1658,1922,65,55,0,870E
R532,1659,1923,65,55,0,860E
R533,1661,1924,65,55,0,860E
R534,1662,1925,65,55,0,860E
R535,1663,1926,65,55,0,850E
R536,1665,1928,65,55,0,850E
R537,1666,1928,65,55,0,850E
R538,1667,1929,65,55,0,850E
R539,1669,1930,65,55,0,850E
R540,1670,1931,65,55,0,850E
R541,1671,1933,65,55,0,840E
R542,1673,1934,65,55,0,840E
R543,1674,1935,65,55,0,840E
R544,1675,1936,65,55,0,840E
R545,1677,1936,65,55,0,840E
R546,1678,1938,65,55,0,840E
R547,1680,1938,65,55,0,850E
R548,1682,1939,65,55,0,850E
R549,1683,1940,65,55,0,850E
R550,1684,1942,65,55,0,850E
R551,1686,1943,65,55,0,850E
R552,1687,1944,65,55,0,850E
R553,1688,1944,65,55,0,840E
R554,1690,1945,65,55,0,840E
R555,1691,1946,65,55,0,840E
R556,1693,1947,65,55,0,860E
R557,1694,1948,65,55,0,860E
R558,1695,1949,65,55,0,860E
R559,1697,1950,65,55,0,850E
R560,1698,1952,65,55,0,850E
R561,1699,1953,65,55,0,850E
R562,1701,1954,65,55,0,850E
R563,1702,1954,65,55,0,850E
R564,1704,1955,65,55,0,850E
R565,1705,1955,65,55,0,840E
R566,1706,1957,65,55,0,840E
R567,1708,1958,65,55,0,840E
R568,1709,1959,65,55,0,840E
R569,1710,1960,65,55,0,840E
R570,1711,1960,65,55,0,840E
R571,1713,1961,65,55,0,830E
R572,1715,1963,65,55,0,830E
R573,1716,1964,65,55,0,830E
R574,1717,1964,65,55,0,830E
R575,1719,1965,65,55,0,830E
R576,1720,1967,65,55,0,830E
R577,1722,1968,65,55,0,830E
R578,1723,1969,65,55,0,830E
R579,1724,1970,65,55,0,830E
R580,1726,1971,65,55,0,830E
R581,1726,1972,65,55,0,830E
R582,1728,1972,65,55,0,830E
R583,1729,1974,65,55,0,830E
R584,1731,1975,65,55,0,830E
R585,1732,1975,65,55,0,830E
R586,1733,1976,65,55,0,820E
R587,1735,1977,65,55,0,820E
R588,1736,1977,65,55,0,820E
R589,1738,1979,65,55,0,830E
R590,1739,1980,65,55,0,830E
R591,1741,1981,65,55,0,830E
R592,1742,1982,65,55,0,830E
R593,1743,1983,65,55,0,830E
R594,1745,1985,65,55,0,830E
R595,1746,1985,65,55,0,830E
R596,1748,1986,65,55,0,830E
R597,1749,1988,65,55,0,830E
R598,1750,1988,65,54,0,830E
R599,1752,1989,65,53,0,830E
R600,1753,1990,65,52,0,830E
R601,1754,1991,65,52,0,820E
R602,1756,1991,65,50,0,820E
R603,1758,1992,65,50,0,820E
R604,1759,1992,65,50,0,830E
R605,1760,1993,65,50,0,830E
R606,1762,1993,65,50,0,830E
R607,1763,1993,65,50,0,830E
R608,1764,1993,65,50,0,830E
R609,1765,1994,65,50,0,830E
R610,1767,1995,65,50,0,830E
R611,1768,1995,65,50,0,830E
R612,1770,1996,65,50,0,830E
R613,1771,1996,65,50,0,830E
R614,1772,1996,65,50,0,830E
R615,1774,1996,65,50,0,830E
R616,1775,1997,65,50,0,830E
R617,1776,1998,65,50,0,830E
R618,1777,1998,65,50,0,830E
R619,1779,1999,65,50,0,820E
R620,1780,1999,65,50,0,820E
R621,1781,2000,65,50,0,820E
R622,1783,2000,65,50,0,820E
R623,1785,2001,65,50,0,820E
R624,1786,2001,65,50,0,820E
R625,1787,2002,65,50,0,820E
R626,1788,2002,65,50,0,820E
R627,1790,2003,65,50,0,820E
R628,1791,2004,65,50,0,820E
R629,1792,2004,65,50,0,820E
R630,1793,2005,65,50,0,820E
R631,1794,2005,65,50,0,810E
R632,1796,2006,65,50,0,810E
R633,1797,2006,65,50,0,810E
R634,1798,2007,65,50,0,810E
R635,1800,2008,65,50,0,810E
R636,1801,2008,65,50,0,810E
R637,1802,2010,65,50,0,810E
R638,1803,2010,65,50,0,810E
R639,1804,2011,65,50,0,810E
R640,1806,2012,65,50,0,810E
R641,1807,2012,65,50,0,810E
R642,1808,2013,65,50,0,810E
R643,1809,2014,65,50,0,790E
R644,1810,2015,65,50,0,790E
R645,1812,2016,65,50,0,790E
R646,1813,2016,65,50,0,790E
R647,1815,2017,65,50,0,790E
R648,1816,2018,65,50,0,790E
R649,1817,2019,65,50,0,790E
R650,1818,2020,65,50,0,790E
R651,1819,2020,65,50,0,790E
R652,1820,2021,65,50,0,780E
R653,1822,2022,65,50,0,780E
R654,1823,2022,65,50,0,780E
R655,1825,2024,65,50,0,800E
R656,1825,2024,65,50,0,800E
R657,1827,2025,65,50,0,800E
R658,1828,2026,65,50,0,780E
R659,1829,2026,65,50,0,780E
R660,1830,2027,65,50,0,780E
R661,1831,2027,65,50,0,770E
R662,1832,2028,65,50,0,770E
R663,1834,2029,65,50,0,770E
R664,1835,2030,65,50,0,770E
R665,1837,2031,65,50,0,770E
R666,1837,2032,65,50,0,770E
R667,1839,2032,65,50,0,770E
R668,1840,2033,65,50,0,770E
R669,1841,2034,65,50,0,770E
R670,1842,2035,65,50,0,760E
R671,1843,2036,65,50,0,760E
R672,1845,2037,65,50,0,760E
R673,1846,2038,65,50,0,760E
R674,1848,2038,65,50,0,760E
R675,1849,2039,65,49,0,760E
R676,1850,2040,65,47,0,770E
R677,1851,2041,65,46,0,770E
R678,1853,2041,65,45,0,770E
R679,1854,2042,65,44,0,770E
R680,1855,2042,65,42,0,770E
R681,1856,2042,65,42,0,770E
R682,1857,2042,65,41,0,760E
R683,1859,2042,65,40,0,760E
R684,1860,2042,65,40,0,760E
R685,1861,2042,65,40,0,760E
R686,1862,2042,65,40,0,760E
R687,1863,2042,65,40,0,760E
R688,1864,2042,65,40,0,750E
R689,1865,2042,65,40,0,750E
R690,1867,2042,65,40,0,750E
R691,1868,2042,65,40,0,750E
R692,1869,2042,65,40,0,750E
R693,1870,2042,65,40,0,750E
R694,1871,2042,65,40,0,740E
R695,1872,2042,65,40,0,740E
R696,1874,2042,65,40,0,740E
R697,1874,2042,65,40,0,730E
R698,1876,2042,65,40,0,730E
R699,1876,2042,65,40,0,730E
R700,1878,2042,65,40,0,730E
R701,1879,2042,65,40,0,730E
R702,1880,2042,65,40,0,730E
R703,1881,2042,65,40,0,720E
R704,1883,2042,65,40,0,720E
R705,1884,2042,65,40,0,720E
R706,1885,2042,65,40,0,730E
R707,1885,2043,65,40,0,730E
R708,1886,2043,65,40,0,730E
R709,1887,2043,65,40,0,700E
R710,1889,2044,65,40,0,700E
R711,1890,2044,65,40,0,700E
R712,1891,2044,65,40,0,710E
R713,1892,2045,65,40,0,710E
R714,1893,2045,65,40,0,710E
R715,1894,2046,65,40,0,700E
R716,1895,2046,65,40,0,700E
R717,1896,2046,65,40,0,700E
R718,1897,2047,65,40,0,690E
R719,1898,2048,65,40,0,690E
R720,1899,2048,65,40,0,690E
R721,1900,2048,65,40,0,680E
R722,1901,2048,65,38,0,680E
R723,1902,2049,65,36,0,680E
R724,1903,2049,65,34,0,670E
R725,1904,2049,65,33,0,670E
R726,1905,2049,65,31,0,670E
R727,1906,2049,65,30,0,660E
R728,1907,2049,65,30,0,660E
R729,1908,2049,65,30,0,660E
R730,1910,2049,65,30,0,660E
R731,1910,2049,65,30,0,660E
R732,1911,2048,65,30,0,660E
R733,1912,2048,65,30,0,650E
R734,1913,2048,65,30,0,650E
R735,1914,2047,65,30,0,650E
R736,1915,2047,65,30,0,650E
R737,1916,2046,65,30,0,650E
R738,1917,2046,65,30,0,650E
R739,1918,2045,65,30,0,640E
R740,1919,2045,65,30,0,640E
R741,1920,2045,65,30,0,640E
R742,1920,2045,65,30,0,620E
R743,1921,2045,65,30,0,620E
R744,1923,2045,65,30,0,620E
R745,1924,2045,65,30,0,640E
R746,1925,2045,65,30,0,640E
R747,1926,2045,65,30,0,640E
R748,1926,2045,65,30,0,610E
R749,1927,2045,65,30,0,610E
R750,1927,2045,65,30,0,610E
R751,1929,2045,65,30,0,610E
R752,1929,2045,65,30,0,610E
R753,1930,2045,65,30,0,610E
R754,1931,2045,65,30,0,590E
R755,1931,2045,65,30,0,590E
R756,1932,2045,65,30,0,590E
R757,1933,2045,65,30,0,570E
R758,1934,2046,65,30,0,570E
R759,1935,2046,65,30,0,570E
R760,1935,2046,65,30,0,550E
R761,1936,2046,65,30,0,550E
R762,1937,2046,65,30,0,550E
R763,1938,2046,65,30,0,550E
R764,1939,2047,65,30,0,550E
R765,1939,2047,65,30,0,550E
R766,1940,2047,65,30,0,540E
R767,1941,2047,65,30,0,540E
R768,1941,2048,65,30,0,540E
R769,1942,2048,65,30,0,520E
R770,1943,2048,65,30,0,520E
R771,1944,2049,65,30,0,520E
R772,1945,2049,65,30,0,530E
R773,1946,2049,65,30,0,530E
R774,1946,2049,65,30,0,530E
R775,1947,2049,65,30,0,510E
R776,1948,2051,65,30,0,510E
R777,1948,2051,65,30,0,510E
R778,1949,2051,65,30,0,500E
R779,1950,2051,65,30,0,500E
R780,1951,2052,65,30,0,500E
R781,1952,2052,65,30,0,510E
R782,1952,2052,65,30,0,510E
R783,1953,2052,65,30,0,510E
R784,1954,2053,65,30,0,500E
R785,1955,2053,65,30,0,500E
R786,1956,2053,65,30,0,500E
R787,1957,2053,65,30,0,510E
R788,1957,2053,65,30,0,510E
R789,1958,2054,65,30,0,510E
R790,1959,2054,65,30,0,500E
R791,1960,2054,65,30,0,500E
R792,1961,2054,65,30,0,500E
R793,1961,2055,65,30,0,490E
R794,1962,2055,65,30,0,490E
R795,1963,2055,65,30,0,490E
R796,1963,2056,65,30,0,480E
R797,1964,2057,65,30,0,480E
R798,1965,2057,65,30,0,480E
R799,1966,2058,65,30,0,490E
R800,1966,2058,65,30,0,490E
R801,1967,2058,65,30,0,490E
R802,1968,2059,65,30,0,480E
R803,1969,2059,65,30,0,480E
R804,1969,2059,65,30,0,480E
R805,1970,2060,65,30,0,470E
R806,1971,2060,65,30,0,470E
R807,1972,2060,65,30,0,470E
R808,1972,2061,65,30,0,460E
R809,1973,2062,65,30,0,460E
R810,1973,2062,65,30,0,460E
R811,1974,2063,65,30,0,460E
R812,1975,2063,65,30,0,460E
R813,1975,2063,65,30,0,460E
R814,1977,2064,65,30,0,470E
R815,1978,2064,65,30,0,470E
R816,1978,2065,65,30,0,470E
R817,1979,2065,65,30,0,460E
R818,1980,2066,65,30,0,460E
R819,1980,2066,65,30,0,460E
R820,1981,2067,65,30,0,460E
R821,1982,2068,65,30,0,460E
R822,1983,2068,65,30,0,460E
R823,1984,2069,65,30,0,470E
R824,1985,2069,65,30,0,470E
R825,1985,2070,65,30,0,470E
R826,1986,2070,65,30,0,460E
R827,1987,2070,65,30,0,460E
R828,1988,2070,65,30,0,460E
R829,1989,2071,65,30,0,470E
R830,1989,2071,65,30,0,470E
R831,1990,2071,65,30,0,470E
R832,1990,2072,65,30,0,450E
R833,1991,2073,65,30,0,450E
R834,1992,2074,65,30,0,450E
R835,1993,2074,65,30,0,460E
R836,1994,2075,65,30,0,460E
R837,1994,2075,65,30,0,460E
R838,1995,2076,65,30,0,460E
R839,1996,2076,65,30,0,460E
R840,1996,2076,65,30,0,460E
R841,1997,2078,65,30,0,450E
R842,1998,2078,65,30,0,450E
R843,1999,2079,65,30,0,450E
R844,1999,2079,65,30,0,440E
R845,2000,2080,65,30,0,440E
R846,2001,2080,65,30,0,440E
R847,2002,2081,65,30,0,460E
R848,2002,2081,65,30,0,460E
R849,2003,2082,65,30,0,460E
R850,2004,2082,65,30,0,450E
R851,2005,2083,65,30,0,450E
R852,2005,2084,65,30,0,450E
R853,2006,2084,65,30,0,450E
R854,2006,2085,65,30,0,450E
R855,2007,2085,65,30,0,450E
R856,2008,2086,65,28,0,440E
R857,2009,2086,65,26,0,440E
R858,2010,2087,65,26,0,440E
R859,2011,2087,65,25,0,460E
R860,2011,2087,65,25,0,460E
R861,2012,2087,65,25,0,460E
R862,2013,2087,65,25,0,450E
R863,2014,2088,65,25,0,450E
R864,2015,2088,65,25,0,450E
R865,2015,2088,65,25,0,450E
R866,2016,2088,65,25,0,450E
R867,2017,2088,65,25,0,450E
R868,2017,2089,65,25,0,440E
R869,2018,2089,65,25,0,440E
R870,2019,2090,65,25,0,440E
R871,2020,2090,65,25,0,450E
R872,2021,2090,65,25,0,450E
R873,2022,2090,65,25,0,450E
R874,2022,2091,65,25,0,450E
R875,2023,2091,65,25,0,450E
R876,2024,2091,65,25,0,450E
R877,2025,2092,65,25,0,460E
R878,2026,2092,65,25,0,460E
R879,2026,2093,65,25,0,460E
R880,2027,2093,65,25,0,460E
R881,2028,2093,65,25,0,460E
R882,2028,2094,65,25,0,460E
R883,2029,2095,65,25,0,450E
R884,2030,2095,65,25,0,450E
R885,2031,2095,65,25,0,450E
R886,2032,2096,65,25,0,460E
R887,2032,2096,65,25,0,460E
R888,2033,2097,65,25,0,460E
R889,2034,2097,65,25,0,460E
R890,2034,2097,65,25,0,460E
R891,2036,2098,65,25,0,460E
R892,2036,2098,65,25,0,450E
R893,2038,2098,65,25,0,450E
R894,2038,2099,65,25,0,450E
R895,2039,2099,65,25,0,460E
R896,2040,2099,65,25,0,460E
R897,2040,2100,65,25,0,460E
R898,2041,2101,65,25,0,460E
R899,2042,2102,65,25,0,460E
R900,2042,2102,65,25,0,460E
R901,2043,2102,65,25,0,450E
R902,2044,2103,65,25,0,450E
R903,2045,2104,65,25,0,450E
R904,2046,2104,65,25,0,460E
R905,2047,2105,65,25,0,460E
R906,2047,2106,65,25,0,460E
R907,2048,2106,65,25,0,460E
R908,2049,2106,65,25,0,460E
R909,2049,2107,65,25,0,460E
R910,2050,2107,65,25,0,450E
R911,2051,2108,65,25,0,450E
R912,2052,2108,65,25,0,450E
R913,2053,2108,65,25,0,460E
R914,2053,2109,65,25,0,460E
R915,2054,2109,65,25,0,460E
R916,2055,2110,65,25,0,460E
R917,2056,2111,65,25,0,460E
R918,2057,2111,65,25,0,460E
R919,2058,2112,65,25,0,470E
R920,2058,2112,65,25,0,470E
R921,2059,2112,65,25,0,470E
R922,2060,2113,65,25,0,460E
R923,2061,2113,65,25,0,460E
R924,2061,2114,65,25,0,460E
R925,2062,2114,65,25,0,460E
R926,2062,2115,65,25,0,460E
R927,2063,2115,65,25,0,460E
R928,2064,2116,65,25,0,450E
R929,2065,2117,65,25,0,450E
R930,2065,2117,65,25,0,450E
R931,2067,2118,65,25,0,450E
R932,2067,2118,65,25,0,450E
R933,2068,2119,65,25,0,450E
R934,2069,2119,65,25,0,460E
R935,2070,2120,65,25,0,460E
R936,2070,2120,65,25,0,460E
R937,2071,2121,65,25,0,450E
R938,2072,2122,65,25,0,450E
R939,2073,2122,65,25,0,450E
R940,2074,2123,65,25,0,470E
R941,2075,2123,65,25,0,470E
R942,2075,2123,65,25,0,470E
R943,2076,2124,65,25,0,460E
R944,2077,2124,65,25,0,460E
R945,2078,2125,65,25,0,460E
R946,2079,2126,65,25,0,470E
R947,2079,2126,65,25,0,470E
R948,2080,2127,65,25,0,470E
R949,2081,2128,65,25,0,460E
R950,2081,2129,65,25,0,460E
R951,2083,2129,65,25,0,460E
R952,2084,2129,65,25,0,480E
R953,2084,2130,65,25,0,480E
R954,2085,2130,65,25,0,480E
R955,2086,2131,65,25,0,470E
R956,2087,2131,65,25,0,470E
R957,2088,2132,65,25,0,470E
R958,2089,2133,65,25,0,480E
R959,2089,2133,65,25,0,480E
R960,2090,2134,65,25,0,480E
R961,2091,2134,65,25,0,470E
R962,2092,2135,65,25,0,470E
R963,2092,2135,65,25,0,470E
R964,2093,2136,65,25,0,460E
R965,2094,2137,65,25,0,460E
R966,2095,2137,65,25,0,460E
R967,2096,2138,65,25,0,480E
R968,2096,2139,65,25,0,480E
R969,2097,2139,65,25,0,480E
R970,2097,2139,65,25,0,450E
R971,2099,2140,65,25,0,450E
R972,2099,2140,65,25,0,450E
R973,2100,2141,65,25,0,470E
R974,2101,2141,65,25,0,470E
R975,2102,2142,65,25,0,470E
R976,2102,2142,65,25,0,460E
R977,2103,2143,65,25,0,460E
R978,2104,2144,65,25,0,460E
R979,2105,2144,65,25,0,470E
R980,2106,2144,65,25,0,470E
R981,2107,2145,65,25,0,470E
R982,2107,2145,65,25,0,460E
R983,2108,2146,65,25,0,460E
R984,2108,2147,65,25,0,460E
R985,2110,2147,65,25,0,480E
R986,2110,2148,65,24,0,480E
R987,2112,2149,65,21,0,480E
R988,2112,2149,65,20,0,470E
R989,2113,2150,65,20,0,470E
R990,2114,2150,65,20,0,470E
R991,2115,2150,65,20,0,480E
R992,2116,2150,65,20,0,480E
R993,2117,2150,65,20,0,480E
R994,2117,2150,65,20,0,470E
R995,2118,2150,65,20,0,470E
R996,2120,2150,65,20,0,470E
R997,2121,2151,65,20,0,500E
R998,2122,2151,65,20,0,500E
R999,2122,2151,65,20,0,500E
R1000,2123,2151,65,20,0,490E
R1001,2124,2151,65,20,0,490E
R1002,2125,2151,65,20,0,490E
R1003,2126,2152,65,20,0,500E
R1004,2127,2152,65,20,0,500E
R1005,2128,2152,65,20,0,500E
R1006,2128,2152,65,20,0,490E
R1007,2129,2152,65,20,0,490E
R1008,2131,2152,65,20,0,490E
R1009,2131,2152,65,20,0,500E
R1010,2132,2153,65,20,0,500E
R1011,2133,2153,65,20,0,500E
R1012,2134,2153,65,20,0,510E
R1013,2134,2154,65,20,0,510E
R1014,2135,2155,65,20,0,510E
R1015,2136,2155,65,20,0,500E
R1016,2137,2155,65,20,0,500E
R1017,2138,2156,65,20,0,500E
R1018,2138,2156,65,20,0,490E
R1019,2139,2156,65,20,0,490E
R1020,2140,2157,65,20,0,490E
R1021,2140,2157,65,20,0,480E
R1022,2142,2158,65,20,0,480E
R1023,2142,2158,65,20,0,480E
R1024,2143,2158,65,20,0,490E
R1025,2144,2158,65,20,0,490E
R1026,2144,2159,65,20,0,490E
R1027,2145,2159,65,20,0,480E
R1028,2146,2160,65,20,0,480E
R1029,2147,2160,65,20,0,480E
R1030,2148,2160,65,20,0,490E
R1031,2148,2160,65,20,0,490E
R1032,2149,2161,65,20,0,490E
R1033,2150,2161,65,20,0,480E
R1034,2151,2161,65,20,0,480E
R1035,2151,2162,65,20,0,480E
R1036,2153,2162,65,20,0,490E
R1037,2153,2162,65,20,0,490E
R1038,2154,2163,65,20,0,490E
R1039,2155,2163,65,20,0,480E
R1040,2156,2164,65,20,0,480E
R1041,2156,2164,65,20,0,480E
R1042,2157,2165,65,20,0,480E
R1043,2158,2165,65,20,0,480E
R1044,2159,2166,65,20,0,480E
R1045,2159,2166,65,20,0,470E
R1046,2160,2166,65,20,0,470E
R1047,2161,2167,65,20,0,470E
R1048,2162,2167,65,20,0,480E
R1049,2162,2167,65,20,0,480E
R1050,2164,2168,65,20,0,480E
R1051,2165,2168,65,20,0,490E
R1052,2165,2168,65,20,0,490E
R1053,2166,2168,65,20,0,490E
R1054,2167,2169,65,20,0,480E
R1055,2167,2169,65,20,0,480E
R1056,2169,2169,65,20,0,480E
R1057,2169,2170,65,20,0,470E
R1058,2170,2170,65,20,0,470E
R1059,2171,2171,65,20,0,470E
R1060,2171,2171,65,20,0,470E
R1061,2172,2172,65,20,0,470E
R1062,2173,2172,65,20,0,470E
R1063,2174,2173,65,20,0,480E
R1064,2174,2173,65,17,0,480E
R1065,2175,2174,65,15,0,480E
R1066,2176,2174,65,15,0,470E
R1067,2177,2174,65,15,0,470E
R1068,2178,2174,65,15,0,470E
R1069,2179,2174,65,15,0,480E
R1070,2179,2174,65,15,0,480E
R1071,2180,2174,65,15,0,480E
R1072,2180,2174,65,15,0,450E
R1073,2181,2174,65,15,0,450E
R1074,2182,2174,65,15,0,450E
R1075,2183,2174,65,15,0,470E
R1076,2183,2174,65,15,0,470E
R1077,2184,2174,65,15,0,470E
R1078,2185,2174,65,15,0,460E
R1079,2185,2174,65,15,0,460E
R1080,2186,2175,65,15,0,460E
R1081,2187,2175,65,15,0,450E
R1082,2188,2175,65,15,0,450E
R1083,2189,2176,65,15,0,450E
R1084,2189,2176,65,15,0,450E
R1085,2190,2176,65,15,0,450E
R1086,2191,2176,65,15,0,450E
R1087,2191,2176,65,15,0,440E
R1088,2192,2177,65,15,0,440E
R1089,2193,2177,65,15,0,440E
R1090,2194,2177,65,15,0,460E
R1091,2194,2178,65,15,0,460E
R1092,2195,2178,65,15,0,460E
R1093,2196,2178,65,15,0,450E
R1094,2196,2178,65,15,0,450E
R1095,2197,2178,65,15,0,450E
R1096,2198,2178,65,15,0,450E
R1097,2199,2179,65,15,0,450E
R1098,2200,2179,65,15,0,450E
R1099,2200,2179,65,15,0,440E
R1100,2201,2180,65,15,0,440E
R1101,2201,2181,65,15,0,440E
R1102,2202,2181,65,15,0,440E
R1103,2202,2181,65,15,0,440E
R1104,2203,2181,65,15,0,440E
R1105,2204,2181,65,15,0,430E
R1106,2205,2182,65,15,0,430E
R1107,2205,2182,65,15,0,430E
R1108,2206,2182,65,15,0,430E
R1109,2207,2183,65,15,0,430E
R1110,2207,2183,65,15,0,430E
R1111,2208,2183,65,15,0,430E
R1112,2209,2184,65,15,0,430E
P1941,755,102,1550,456,1950,778,300,334,2209,1112E
