R1,1343,2043,100,10,0,2570E
R2,1347,2046,100,10,0,2570E
R3,1351,2042,100,10,0,2570E
R4,1352,2012,100,10,0,2370E
R5,1350,1971,100,10,0,2370E
R6,1342,1931,100,10,0,2370E
R7,1326,1897,100,10,0,20E
R8,1303,1854,100,10,0,20E
R9,1278,1830,100,10,0,20E
R10,1251,1787,100,10,0,-9500E
R11,1240,1747,100,10,0,-9500E
R12,1215,1723,100,10,0,-9500E
R13,1203,1703,100,10,0,-9500E
R14,1171,1659,100,10,0,-9500E
R15,1161,1636,100,10,0,-9500E
R16,1148,1610,100,10,0,-9500E
R17,1121,1596,100,10,0,-9500E
R18,1113,1575,100,10,0,-9500E
R19,1097,1560,100,10,0,-9500E
R20,1082,1541,100,10,0,-9500E
R21,1068,1536,100,10,0,-9500E
R22,1055,1531,100,10,0,-9450E
R23,1040,1527,100,10,0,-9450E
R24,1027,1523,100,10,0,-9450E
R25,1014,1518,95,10,0,-8720E
R26,1001,1514,94,10,0,-8720E
R27,989,1511,91,10,0,-8720E
R28,978,1506,89,10,0,-7860E
R29,966,1503,85,10,0,-7860E
R30,954,1500,81,10,0,-7860E
R31,944,1496,81,10,0,-7230E
R32,934,1493,79,10,0,-7230E
R33,923,1491,79,10,0,-7230E
R34,912,1488,80,10,0,-6660E
R35,904,1487,80,10,0,-6660E
R36,895,1484,80,10,0,-6660E
R37,886,1482,80,10,0,-5990E
R38,875,1481,80,10,0,-5990E
R39,867,1480,80,10,0,-5990E
R40,859,1478,80,10,0,-5560E
R41,852,1478,80,10,0,-5560E
R42,843,1477,80,10,0,-5560E
R43,836,1476,80,10,0,-5180E
R44,829,1476,80,10,0,-5180E
R45,822,1475,80,10,0,-5180E
R46,813,1473,80,10,0,-4910E
R47,807,1473,80,10,0,-4910E
R48,801,1472,80,10,0,-4910E
R49,794,1471,80,10,0,-4430E
R50,787,1471,80,10,0,-4430E
R51,781,1470,80,10,0,-4430E
R52,775,1469,80,10,0,-4130E
R53,769,1468,80,10,0,-4130E
R54,764,1467,80,10,0,-4130E
R55,758,1466,80,10,0,-3810E
R56,753,1466,80,10,0,-3810E
R57,747,1465,80,10,0,-3810E
R58,742,1465,80,10,0,-3540E
R59,738,1464,80,10,0,-3540E
R60,733,1463,80,10,0,-3540E
R61,728,1463,80,10,0,-3240E
R62,724,1462,80,10,0,-3240E
R63,720,1462,80,10,0,-3240E
R64,716,1462,80,10,0,-2880E
R65,711,1462,80,10,0,-2880E
R66,707,1462,80,10,0,-2880E
R67,702,1462,80,10,0,-2760E
R68,699,1462,80,10,0,-2760E
R69,695,1462,80,10,0,-2760E
R70,692,1462,80,10,0,-2560E
R71,688,1462,80,10,0,-2560E
R72,685,1463,80,10,0,-2560E
R73,681,1465,80,10,0,-2430E
R74,678,1465,80,10,0,-2430E
R75,676,1466,80,10,0,-2430E
R76,673,1467,80,10,0,-2150E
R77,670,1467,80,10,0,-2150E
R78,667,1468,80,10,0,-2150E
R79,665,1468,80,10,0,-1940E
R80,663,1468,80,10,0,-1940E
R81,660,1468,80,10,0,-1940E
R82,658,1469,80,10,0,-1740E
R83,655,1469,80,10,0,-1740E
R84,653,1470,80,10,0,-1740E
R85,651,1471,80,10,0,-1620E
R86,649,1471,80,10,0,-1620E
R87,648,1472,80,10,0,-1620E
R88,646,1473,80,10,0,-1410E
R89,644,1473,80,10,0,-1410E
R90,643,1475,80,10,0,-1410E
R91,641,1475,80,10,0,-1270E
R92,640,1476,80,10,0,-1270E
R93,638,1477,80,10,0,-1270E
R94,636,1477,80,10,0,-1110E
R95,635,1479,80,10,0,-1110E
R96,634,1480,80,10,0,-1110E
R97,634,1480,80,10,0,-940E
R98,634,1481,80,10,0,-940E
R99,633,1482,80,10,0,-940E
R100,632,1482,80,10,0,-760E
R101,631,1482,80,10,0,-760E
R102,630,1482,80,10,0,-760E
R103,629,1482,80,10,0,-700E
R104,629,1483,80,10,0,-700E
R105,628,1483,80,10,0,-700E
R106,627,1483,80,10,0,-620E
R107,627,1483,80,10,0,-620E
R108,626,1483,80,10,0,-620E
R109,626,1484,80,10,0,-500E
R110,626,1485,80,10,0,-500E
R111,626,1485,80,10,0,-500E
R112,625,1486,80,10,0,-420E
R113,625,1487,80,10,0,-420E
R114,624,1487,80,10,0,-420E
R115,624,1488,80,10,0,-360E
R116,624,1489,80,10,0,-360E
R117,623,1489,80,10,0,-360E
R118,623,1490,80,10,0,-320E
R119,623,1490,80,10,0,-320E
R120,623,1491,80,10,0,-320E
R121,623,1491,80,10,0,-250E
R122,623,1492,80,10,0,-250E
R123,623,1492,80,10,0,-250E
R124,623,1492,80,10,0,-190E
R125,623,1493,80,10,0,-190E
R126,623,1493,80,10,0,-190E
R127,623,1494,80,10,0,-150E
R128,623,1494,80,10,0,-150E
R129,623,1494,80,10,0,-150E
R130,623,1494,80,10,0,-110E
R131,623,1494,80,10,0,-110E
R132,623,1494,80,10,0,-110E
R133,624,1495,80,10,0,-50E
R134,624,1495,80,10,0,-50E
R135,625,1496,80,10,0,-50E
R136,625,1496,80,10,0,0E
R137,625,1497,80,10,0,0E
R138,626,1498,80,10,0,0E
R139,626,1499,80,10,0,30E
R140,626,1499,80,10,0,30E
R141,627,1500,80,10,0,30E
R142,627,1500,80,10,0,60E
R143,628,1500,80,10,0,60E
R144,629,1500,80,10,0,60E
R145,629,1500,80,10,0,130E
R146,630,1500,80,10,0,130E
R147,630,1501,80,10,0,130E
R148,631,1501,80,10,0,180E
R149,631,1501,80,10,0,180E
R150,632,1502,80,10,0,180E
R151,633,1502,80,10,0,220E
R152,634,1503,80,10,0,220E
R153,634,1504,80,10,0,220E
R154,635,1504,80,10,0,260E
R155,636,1505,80,10,0,260E
R156,637,1506,80,10,0,260E
R157,638,1506,80,10,0,320E
R158,639,1507,80,10,0,320E
R159,640,1507,80,10,0,320E
R160,641,1507,80,10,0,380E
R161,642,1507,80,10,0,380E
R162,643,1507,80,10,0,380E
R163,644,1508,80,10,0,420E
R164,645,1509,80,10,0,420E
R165,645,1509,80,10,0,420E
R166,647,1510,80,10,0,450E
R167,648,1511,80,10,0,450E
R168,648,1511,80,10,0,450E
R169,650,1512,80,10,0,480E
R170,651,1512,80,10,0,480E
R171,652,1513,80,10,0,480E
R172,653,1514,80,10,0,500E
R173,653,1514,80,10,0,500E
R174,655,1514,80,10,0,500E
R175,655,1515,80,10,0,480E
R176,657,1516,80,10,0,480E
R177,657,1517,80,10,0,480E
R178,659,1517,80,10,0,530E
R179,660,1518,80,10,0,530E
R180,660,1518,80,10,0,530E
R181,662,1519,80,10,0,540E
R182,663,1519,80,10,0,540E
R183,664,1520,80,10,0,540E
R184,665,1522,80,10,0,550E
R185,666,1522,80,10,0,550E
R186,667,1522,80,10,0,550E
R187,669,1523,80,10,0,580E
R188,671,1524,80,10,0,580E
R189,672,1525,80,10,0,580E
R190,673,1525,80,10,0,620E
R191,674,1525,80,10,0,620E
R192,676,1525,80,10,0,620E
R193,677,1526,80,10,0,640E
R194,678,1526,80,10,0,640E
R195,679,1527,80,10,0,640E
R196,680,1528,80,10,0,640E
R197,681,1528,80,10,0,640E
R198,683,1528,80,10,0,640E
R199,684,1529,80,10,0,660E
R200,685,1529,80,10,0,660E
R201,687,1530,80,10,0,660E
R202,688,1530,80,10,0,680E
R203,690,1531,80,10,0,680E
R204,691,1531,80,10,0,680E
R205,692,1531,80,10,0,690E
R206,693,1531,80,10,0,690E
R207,695,1531,80,10,0,690E
R208,696,1531,80,10,0,710E
R209,697,1531,80,10,0,710E
R210,698,1532,80,10,0,710E
R211,699,1532,80,10,0,690E
R212,700,1532,80,10,0,690E
R213,701,1532,80,10,0,690E
R214,703,1532,80,10,0,700E
R215,703,1532,80,10,0,700E
R216,705,1532,80,10,0,700E
R217,706,1532,80,10,0,690E
R218,707,1533,80,10,0,690E
R219,708,1533,80,10,0,690E
R220,710,1533,80,10,0,700E
R221,711,1534,80,10,0,700E
R222,712,1534,80,10,0,700E
R223,713,1535,80,10,0,690E
R224,715,1536,80,10,0,690E
R225,716,1536,80,10,0,690E
R226,717,1536,80,10,0,700E
R227,718,1536,80,10,0,700E
R228,719,1536,80,10,0,700E
R229,720,1536,80,10,0,690E
R230,722,1536,80,10,0,690E
R231,723,1536,80,10,0,690E
R232,724,1537,80,10,0,700E
R233,725,1537,80,10,0,700E
R234,727,1537,80,10,0,700E
R235,728,1538,80,10,0,710E
R236,729,1538,80,10,0,710E
R237,730,1539,80,10,0,710E
R238,732,1540,80,10,0,720E
R239,733,1541,80,10,0,720E
R240,734,1542,80,10,0,720E
R241,736,1543,80,10,0,730E
R242,737,1543,80,10,0,730E
R243,739,1544,80,10,0,730E
R244,739,1545,80,10,0,720E
R245,741,1545,80,10,0,720E
R246,742,1546,80,10,0,720E
R247,743,1546,80,10,0,720E
R248,744,1546,80,10,0,720E
R249,745,1547,80,10,0,720E
R250,746,1548,80,10,0,710E
R251,747,1548,80,10,0,710E
R252,748,1548,80,10,0,710E
R253,750,1548,80,10,0,720E
R254,751,1548,80,10,0,720E
R255,752,1550,80,10,0,720E
R256,753,1550,80,10,0,710E
R257,754,1551,80,10,0,710E
R258,755,1552,80,10,0,710E
R259,757,1552,80,10,0,720E
R260,758,1552,80,10,0,720E
R261,760,1553,80,10,0,720E
R262,761,1553,80,10,0,720E
R263,762,1553,80,10,0,720E
R264,763,1553,80,10,0,720E
R265,765,1553,80,10,0,710E
R266,766,1554,80,10,0,710E
R267,767,1555,80,10,0,710E
R268,768,1555,80,10,0,720E
R269,769,1556,80,10,0,720E
R270,770,1556,80,10,0,720E
R271,772,1556,80,10,0,730E
R272,782,1557,80,10,0,730E
R273,786,1557,80,10,0,730E
R274,789,1557,80,10,0,970E
R275,791,1558,80,10,0,970E
R276,792,1558,80,10,0,970E
R277,792,1558,80,10,0,880E
R278,793,1558,80,10,0,880E
R279,794,1559,80,10,0,880E
R280,794,1559,80,10,0,750E
R281,795,1559,80,10,0,750E
R282,796,1559,80,10,0,750E
R283,797,1560,80,10,0,710E
R284,797,1561,80,10,0,710E
R285,798,1561,80,10,0,710E
R286,799,1562,80,10,0,630E
R287,799,1563,80,10,0,630E
R288,800,1563,80,10,0,630E
R289,801,1563,80,10,0,580E
R290,802,1563,80,10,0,580E
R291,803,1563,80,10,0,580E
R292,804,1563,80,10,0,580E
R293,804,1564,80,10,0,580E
R294,806,1564,80,10,0,580E
R295,807,1564,80,10,0,580E
R296,808,1565,80,10,0,580E
R297,809,1565,80,10,0,580E
R298,810,1565,80,10,0,580E
R299,811,1565,80,10,0,580E
R300,812,1565,80,10,0,580E
R301,813,1567,80,10,0,590E
R302,814,1567,80,10,0,590E
R303,815,1568,80,10,0,590E
R304,816,1569,80,10,0,590E
R305,817,1569,80,10,0,590E
R306,818,1569,80,10,0,590E
R307,819,1571,80,10,0,590E
R308,819,1571,80,10,0,590E
R309,820,1572,80,10,0,590E
R310,821,1573,80,10,0,570E
R311,823,1573,80,10,0,570E
R312,824,1574,80,10,0,570E
R313,824,1575,80,10,0,570E
R314,825,1575,80,10,0,570E
R315,826,1576,80,10,0,570E
R316,827,1576,80,10,0,570E
R317,828,1577,80,10,0,570E
R318,829,1577,80,10,0,570E
R319,829,1577,80,10,0,560E
R320,831,1577,80,10,0,560E
R321,832,1578,80,10,0,560E
R322,833,1578,80,10,0,580E
R323,834,1579,80,10,0,580E
R324,835,1580,80,10,0,580E
R325,836,1580,80,10,0,580E
R326,837,1580,80,10,0,580E
R327,838,1581,80,10,0,580E
R328,839,1581,80,10,0,580E
R329,840,1581,80,10,0,580E
R330,841,1582,80,10,0,580E
R331,842,1582,80,10,0,580E
R332,843,1582,80,10,0,580E
R333,844,1582,80,10,0,580E
R334,845,1582,80,10,0,590E
R335,846,1583,80,10,0,590E
R336,847,1583,80,10,0,590E
R337,849,1583,80,10,0,590E
R338,849,1584,80,10,0,590E
R339,850,1585,80,10,0,590E
R340,852,1585,80,10,0,590E
R341,853,1585,80,10,0,590E
R342,854,1585,80,10,0,590E
R343,855,1586,80,10,0,600E
R344,855,1587,80,10,0,600E
R345,856,1587,80,10,0,600E
R346,857,1588,80,10,0,590E
R347,859,1588,80,10,0,590E
R348,860,1589,80,10,0,590E
R349,861,1590,80,10,0,600E
R350,862,1590,80,10,0,600E
R351,863,1590,80,10,0,600E
R352,864,1591,80,10,0,600E
R353,865,1591,80,10,0,600E
R354,866,1591,80,10,0,600E
R355,867,1592,80,10,0,600E
R356,868,1592,80,10,0,600E
R357,869,1593,80,10,0,600E
R358,870,1594,80,10,0,600E
R359,871,1594,80,12,0,600E
R360,872,1595,80,13,0,600E
R361,874,1596,80,14,0,620E
R362,875,1596,80,16,0,620E
R363,876,1596,80,15,0,620E
R364,877,1597,80,15,0,610E
R365,878,1598,80,15,0,610E
R366,879,1601,80,15,0,610E
R367,880,1603,80,15,0,610E
R368,881,1605,80,15,0,610E
R369,882,1608,80,15,0,610E
R370,883,1610,80,15,0,610E
R371,884,1611,80,15,0,610E
R372,885,1613,80,15,0,610E
R373,886,1615,80,15,0,610E
R374,888,1617,80,15,0,610E
R375,889,1618,80,15,0,610E
R376,890,1620,80,15,0,620E
R377,891,1621,80,15,0,620E
R378,892,1623,80,15,0,620E
R379,893,1625,80,15,0,620E
R380,894,1627,80,15,0,620E
R381,896,1629,80,15,0,620E
R382,897,1630,80,15,0,630E
R383,898,1631,80,15,0,630E
R384,899,1633,80,15,0,630E
R385,900,1634,80,15,0,630E
R386,901,1636,80,15,0,630E
R387,902,1637,80,15,0,630E
R388,903,1638,80,15,0,630E
R389,904,1639,80,15,0,630E
R390,905,1640,80,15,0,630E
R391,906,1641,80,15,0,620E
R392,907,1642,80,15,0,620E
R393,908,1643,80,15,0,620E
R394,910,1643,80,15,0,640E
R395,910,1645,80,15,0,640E
R396,912,1645,80,15,0,640E
R397,913,1646,80,15,0,630E
R398,914,1647,80,15,0,630E
R399,915,1647,80,15,0,630E
R400,916,1648,80,15,0,630E
R401,918,1649,80,15,0,630E
R402,919,1649,80,15,0,630E
R403,920,1650,80,15,0,640E
R404,921,1652,80,15,0,640E
R405,922,1652,80,15,0,640E
R406,923,1653,80,15,0,640E
R407,924,1654,80,15,0,640E
R408,925,1655,80,15,0,640E
R409,925,1656,80,15,0,620E
R410,927,1656,80,15,0,620E
R411,928,1657,80,15,0,620E
R412,929,1658,80,15,0,640E
R413,930,1659,80,15,0,640E
R414,931,1660,80,15,0,640E
R415,932,1661,80,15,0,630E
R416,933,1661,80,15,0,630E
R417,935,1661,80,15,0,630E
R418,936,1661,80,15,0,650E
R419,936,1661,80,15,0,650E
R420,937,1661,80,15,0,650E
R421,938,1661,80,15,0,620E
R422,939,1661,80,15,0,620E
R423,940,1661,80,15,0,620E
R424,941,1663,80,15,0,620E
R425,942,1664,80,15,0,620E
R426,943,1664,80,15,0,620E
R427,944,1664,80,15,0,620E
R428,945,1664,80,15,0,620E
R429,946,1665,80,15,0,620E
R430,947,1666,80,15,0,620E
R431,948,1666,80,15,0,620E
R432,949,1667,80,15,0,620E
R433,951,1668,80,15,0,630E
R434,951,1668,80,15,0,630E
R435,952,1668,80,15,0,630E
R436,953,1668,80,15,0,610E
R437,954,1668,80,15,0,610E
R438,955,1669,80,15,0,610E
R439,956,1669,80,15,0,610E
R440,956,1669,80,15,0,610E
R441,957,1669,80,15,0,610E
R442,958,1669,80,15,0,590E
R443,960,1669,80,15,0,590E
R444,961,1670,80,15,0,590E
R445,962,1670,80,15,0,610E
R446,963,1671,80,15,0,610E
R447,963,1671,80,15,0,610E
R448,964,1671,80,15,0,590E
R449,965,1672,80,15,0,590E
R450,966,1672,80,15,0,590E
R451,967,1672,80,15,0,590E
R452,968,1672,80,15,0,590E
R453,969,1673,80,15,0,590E
R454,970,1673,80,15,0,590E
R455,971,1673,80,15,0,590E
R456,972,1673,80,15,0,590E
R457,973,1674,80,15,0,590E
R458,974,1674,80,15,0,590E
R459,975,1674,80,15,0,590E
R460,977,1675,80,15,0,610E
R461,978,1676,80,15,0,610E
R462,978,1676,80,15,0,610E
R463,980,1676,80,15,0,610E
R464,981,1677,80,15,0,610E
R465,982,1677,80,15,0,610E
R466,983,1677,80,15,0,600E
R467,984,1678,80,15,0,600E
R468,985,1678,80,15,0,600E
R469,986,1680,80,15,0,600E
R470,987,1680,80,15,0,600E
R471,988,1680,80,16,0,600E
R472,989,1681,80,19,0,600E
R473,990,1681,80,19,0,600E
R474,991,1682,80,19,0,600E
R475,992,1683,80,20,0,600E
R476,992,1684,80,20,0,600E
R477,993,1686,80,20,0,600E
R478,995,1688,80,20,0,600E
R479,996,1690,80,20,0,600E
R480,996,1693,80,20,0,600E
R481,997,1696,80,20,0,590E
R482,998,1698,80,20,0,590E
R483,1000,1700,80,20,0,590E
R484,1000,1703,80,20,0,590E
R485,1001,1705,80,20,0,590E
R486,1002,1708,80,20,0,590E
R487,1002,1710,80,20,0,580E
R488,1003,1712,80,20,0,580E
R489,1004,1714,80,20,0,580E
R490,1005,1715,80,20,0,580E
R491,1006,1717,80,20,0,580E
R492,1007,1719,80,20,0,580E
R493,1007,1720,80,20,0,570E
R494,1008,1722,80,20,0,570E
R495,1009,1724,80,20,0,570E
R496,1010,1725,80,20,0,570E
R497,1011,1726,80,20,0,570E
R498,1012,1728,80,20,0,570E
R499,1013,1729,80,20,0,570E
R500,1014,1731,80,20,0,570E
R501,1015,1732,80,20,0,570E
R502,1016,1733,80,20,0,570E
R503,1017,1734,80,20,0,570E
R504,1018,1735,80,20,0,570E
R505,1019,1736,80,20,0,560E
R506,1019,1737,80,20,0,560E
R507,1020,1738,80,20,0,560E
R508,1021,1738,80,20,0,560E
R509,1022,1740,80,20,0,560E
R510,1023,1741,80,20,0,560E
R511,1024,1742,80,20,0,560E
R512,1025,1743,80,20,0,560E
R513,1025,1744,80,20,0,560E
R514,1026,1745,80,20,0,550E
R515,1027,1747,80,20,0,550E
R516,1028,1747,80,20,0,550E
R517,1030,1748,80,20,0,570E
R518,1030,1749,80,20,0,570E
R519,1031,1749,80,20,0,570E
R520,1032,1751,80,20,0,560E
R521,1033,1751,80,20,0,560E
R522,1034,1751,80,20,0,560E
R523,1035,1753,80,20,0,560E
R524,1036,1753,80,20,0,560E
R525,1037,1754,80,20,0,560E
R526,1038,1755,80,20,0,550E
R527,1038,1756,80,20,0,550E
R528,1039,1757,80,20,0,550E
R529,1040,1758,80,20,0,550E
R530,1041,1758,80,20,0,550E
R531,1042,1759,80,20,0,550E
R532,1042,1760,80,20,0,540E
R533,1043,1760,80,20,0,540E
R534,1045,1761,80,20,0,540E
R535,1046,1762,80,20,0,560E
R536,1046,1762,80,20,0,560E
R537,1047,1763,80,20,0,560E
R538,1048,1764,80,20,0,540E
R539,1049,1764,80,20,0,540E
R540,1050,1765,80,20,0,540E
R541,1051,1766,80,20,0,530E
R542,1051,1766,80,20,0,530E
R543,1052,1767,80,20,0,530E
R544,1053,1767,80,20,0,530E
R545,1053,1768,80,20,0,530E
R546,1055,1769,80,20,0,530E
R547,1055,1769,80,20,0,520E
R548,1057,1770,80,20,0,520E
R549,1057,1771,80,20,0,520E
R550,1058,1771,80,20,0,530E
R551,1058,1772,80,20,0,530E
R552,1059,1772,80,20,0,530E
R553,1060,1772,80,20,0,510E
R554,1062,1773,80,20,0,510E
R555,1063,1773,80,20,0,510E
R556,1065,1773,80,20,0,560E
R557,1066,1775,80,20,0,560E
R558,1066,1775,80,20,0,560E
R559,1067,1776,80,20,0,540E
R560,1068,1776,80,20,0,540E
R561,1069,1776,80,22,0,540E
R562,1070,1776,80,25,0,550E
R563,1070,1777,80,25,0,550E
R564,1072,1778,80,25,0,550E
R565,1073,1780,80,25,0,550E
R566,1074,1782,80,25,0,550E
R567,1074,1785,80,25,0,550E
R568,1075,1787,80,25,0,540E
R569,1076,1790,80,25,0,540E
R570,1077,1793,80,25,0,540E
R571,1078,1796,80,25,0,540E
R572,1080,1798,80,25,0,540E
R573,1081,1801,80,25,0,540E
R574,1082,1803,80,25,0,570E
R575,1082,1806,80,25,0,570E
R576,1083,1808,80,25,0,570E
R577,1085,1811,80,25,0,550E
R578,1085,1813,80,25,0,550E
R579,1086,1815,80,25,0,550E
R580,1087,1816,80,25,0,560E
R581,1088,1818,80,25,0,560E
R582,1088,1820,80,25,0,560E
R583,1090,1821,80,25,0,560E
R584,1090,1823,80,25,0,560E
R585,1091,1825,80,25,0,560E
R586,1092,1826,80,25,0,540E
R587,1092,1828,80,25,0,540E
R588,1093,1829,80,25,0,540E
R589,1094,1831,80,25,0,530E
R590,1095,1832,80,25,0,530E
R591,1096,1834,80,25,0,530E
R592,1096,1836,80,25,0,510E
R593,1097,1837,80,25,0,510E
R594,1098,1838,80,25,0,510E
R595,1099,1839,80,25,0,520E
R596,1100,1839,80,25,0,520E
R597,1101,1840,80,27,0,520E
R598,1101,1842,80,28,0,510E
R599,1102,1843,80,29,0,510E
R600,1103,1844,80,30,0,510E
R601,1104,1847,80,30,0,520E
R602,1105,1849,80,30,0,520E
R603,1106,1852,80,30,0,520E
R604,1106,1855,80,30,0,500E
R605,1107,1859,80,30,0,500E
R606,1108,1863,80,30,0,500E
R607,1109,1866,80,30,0,510E
R608,1110,1869,80,30,0,510E
R609,1111,1873,80,30,0,510E
R610,1112,1876,80,30,0,520E
R611,1113,1879,80,30,0,520E
R612,1113,1883,80,30,0,520E
R613,1114,1885,80,30,0,510E
R614,1115,1887,80,30,0,510E
R615,1116,1890,80,30,0,510E
R616,1117,1893,80,30,0,520E
R617,1118,1896,80,30,0,520E
R618,1119,1899,80,30,0,520E
R619,1120,1901,80,30,0,530E
R620,1120,1904,80,30,0,530E
R621,1121,1906,80,30,0,530E
R622,1122,1908,80,30,0,510E
R623,1123,1911,80,30,0,510E
R624,1124,1913,80,30,0,510E
R625,1125,1914,80,30,0,520E
R626,1126,1917,80,30,0,520E
R627,1126,1918,80,30,0,520E
R628,1127,1920,80,30,0,510E
R629,1129,1922,80,30,0,510E
R630,1129,1924,80,30,0,510E
R631,1130,1926,80,30,0,520E
R632,1131,1928,80,30,0,520E
R633,1132,1929,80,30,0,520E
R634,1132,1931,80,30,0,510E
R635,1133,1932,80,30,0,510E
R636,1134,1933,80,30,0,510E
R637,1135,1935,80,30,0,510E
R638,1136,1935,80,30,0,510E
R639,1137,1936,80,30,0,510E
R640,1138,1938,80,30,0,520E
R641,1139,1939,80,30,0,520E
R642,1139,1940,80,30,0,520E
R643,1140,1941,80,30,0,510E
R644,1141,1942,80,30,0,510E
R645,1142,1943,80,30,0,510E
R646,1143,1944,80,30,0,520E
R647,1143,1945,80,30,0,520E
R648,1144,1946,80,30,0,520E
R649,1145,1947,80,30,0,510E
R650,1146,1947,80,30,0,510E
R651,1146,1948,80,30,0,510E
R652,1147,1949,80,30,0,500E
R653,1148,1950,80,30,0,500E
R654,1149,1951,80,30,0,500E
R655,1151,1951,80,30,0,520E
R656,1152,1952,80,30,0,520E
R657,1153,1953,80,30,0,520E
R658,1153,1954,80,30,0,510E
R659,1154,1955,80,30,0,510E
R660,1155,1956,80,30,0,510E
R661,1155,1956,80,30,0,500E
R662,1156,1957,80,30,0,500E
R663,1158,1958,80,30,0,500E
R664,1158,1959,80,30,0,510E
R665,1160,1960,80,30,0,510E
R666,1160,1961,80,30,0,510E
R667,1161,1962,80,30,0,520E
R668,1162,1963,80,30,0,520E
R669,1163,1964,80,30,0,520E
R670,1164,1964,80,30,0,530E
R671,1165,1966,80,30,0,530E
R672,1166,1966,80,30,0,530E
R673,1167,1968,80,30,0,530E
R674,1167,1969,80,30,0,530E
R675,1168,1969,80,30,0,530E
R676,1169,1970,80,30,0,520E
R677,1169,1972,80,30,0,520E
R678,1170,1973,80,30,0,520E
R679,1171,1974,80,30,0,510E
R680,1172,1975,80,30,0,510E
R681,1172,1976,80,30,0,510E
R682,1174,1976,80,30,0,520E
R683,1174,1976,80,30,0,520E
R684,1175,1976,80,30,0,520E
R685,1176,1978,80,30,0,500E
R686,1176,1979,80,30,0,500E
R687,1177,1979,80,30,0,500E
R688,1178,1980,80,30,0,490E
R689,1179,1980,80,30,0,490E
R690,1179,1981,80,30,0,490E
R691,1180,1982,80,30,0,480E
R692,1181,1983,80,30,0,480E
R693,1182,1984,80,30,0,480E
R694,1183,1985,80,30,0,490E
R695,1184,1986,80,30,0,490E
R696,1185,1986,80,30,0,490E
R697,1186,1987,80,30,0,500E
R698,1187,1987,80,30,0,500E
R699,1188,1987,80,30,0,500E
R700,1188,1988,80,30,0,490E
R701,1189,1988,80,30,0,490E
R702,1190,1989,80,30,0,490E
R703,1190,1990,80,30,0,480E
R704,1192,1990,80,30,0,480E
R705,1192,1990,80,30,0,480E
R706,1193,1991,80,30,0,490E
R707,1194,1991,80,30,0,490E
R708,1195,1992,80,30,0,490E
R709,1196,1993,80,30,0,500E
R710,1197,1993,80,30,0,500E
R711,1198,1994,80,30,0,500E
R712,1198,1994,80,30,0,490E
R713,1200,1995,80,30,0,490E
R714,1201,1997,80,30,0,490E
R715,1201,1998,80,30,0,500E
R716,1202,1998,80,30,0,500E
R717,1203,1999,80,30,0,500E
R718,1203,1999,80,30,0,490E
R719,1204,2000,80,30,0,490E
R720,1205,2001,80,30,0,490E
R721,1205,2002,80,30,0,480E
R722,1207,2003,80,30,0,480E
R723,1208,2004,80,30,0,480E
R724,1208,2004,80,30,0,490E
R725,1209,2005,80,30,0,490E
R726,1209,2005,80,30,0,490E
R727,1210,2006,80,30,0,480E
R728,1210,2006,80,30,0,480E
R729,1211,2007,80,30,0,480E
R730,1212,2007,80,30,0,480E
R731,1213,2007,80,30,0,480E
R732,1214,2008,80,30,0,480E
R733,1215,2008,80,30,0,490E
R734,1216,2009,80,30,0,490E
R735,1216,2009,80,30,0,490E
R736,1217,2010,80,30,0,480E
R737,1218,2011,80,30,0,480E
R738,1218,2011,80,30,0,480E
R739,1219,2011,80,30,0,470E
R740,1219,2012,80,30,0,470E
R741,1220,2012,80,30,0,470E
R742,1221,2012,80,30,0,460E
R743,1221,2014,80,30,0,460E
R744,1222,2014,80,30,0,460E
R745,1223,2015,80,30,0,460E
R746,1223,2016,80,30,0,460E
R747,1224,2016,80,30,0,460E
R748,1225,2017,80,30,0,450E
R749,1225,2017,80,30,0,450E
R750,1226,2017,80,30,0,450E
R751,1228,2019,80,30,0,460E
R752,1229,2019,80,30,0,460E
R753,1230,2020,80,30,0,460E
R754,1230,2021,80,30,0,460E
R755,1231,2021,80,30,0,460E
R756,1232,2021,80,30,0,460E
R757,1232,2022,80,30,0,450E
R758,1233,2022,80,30,0,450E
R759,1233,2023,80,30,0,450E
R760,1235,2025,80,30,0,460E
R761,1236,2025,80,30,0,460E
R762,1237,2026,80,30,0,460E
R763,1238,2027,80,30,0,480E
R764,1239,2027,80,30,0,480E
R765,1240,2028,80,30,0,480E
R766,1241,2028,80,30,0,490E
R767,1241,2029,80,30,0,490E
R768,1242,2030,80,30,0,490E
R769,1243,2030,80,30,0,460E
R770,1243,2030,80,30,0,460E
R771,1244,2032,80,30,0,460E
R772,1245,2032,80,30,0,470E
R773,1246,2033,80,30,0,470E
R774,1247,2034,80,30,0,470E
R775,1247,2034,80,30,0,470E
R776,1248,2034,80,30,0,470E
R777,1248,2035,80,30,0,470E
R778,1249,2035,80,30,0,460E
R779,1250,2036,80,30,0,460E
R780,1251,2037,80,30,0,460E
R781,1251,2037,80,30,0,450E
R782,1252,2037,80,30,0,450E
R783,1252,2037,80,30,0,450E
R784,1254,2037,80,30,0,450E
R785,1255,2038,80,30,0,450E
R786,1255,2038,80,30,0,450E
R787,1256,2038,80,30,0,460E
R788,1257,2040,80,30,0,460E
R789,1258,2040,80,30,0,460E
R790,1259,2040,80,30,0,470E
R791,1261,2042,80,30,0,470E
R792,1261,2042,80,30,0,470E
R793,1262,2043,80,30,0,490E
R794,1263,2043,80,30,0,490E
R795,1263,2044,80,30,0,490E
R796,1264,2045,80,30,0,460E
R797,1265,2046,80,30,0,460E
R798,1265,2046,80,30,0,460E
R799,1266,2047,80,30,0,470E
R800,1266,2048,80,30,0,470E
R801,1267,2048,80,30,0,470E
R802,1268,2049,80,30,0,460E
R803,1268,2049,80,30,0,460E
R804,1268,2049,80,30,0,460E
R805,1269,2051,80,30,0,430E
R806,1270,2051,80,30,0,430E
R807,1270,2051,80,30,0,430E
R808,1271,2053,80,30,0,430E
R809,1272,2053,80,30,0,430E
R810,1273,2054,80,30,0,430E
R811,1274,2054,80,30,0,450E
R812,1275,2054,80,30,0,450E
R813,1276,2055,80,30,0,450E
R814,1277,2056,80,30,0,460E
R815,1278,2056,80,30,0,460E
R816,1278,2056,80,30,0,460E
R817,1279,2056,80,30,0,460E
R818,1280,2057,80,30,0,460E
R819,1281,2057,80,30,0,460E
R820,1281,2057,80,30,0,450E
R821,1282,2057,80,30,0,450E
R822,1282,2058,80,30,0,450E
R823,1284,2059,80,30,0,470E
R824,1284,2059,80,30,0,470E
R825,1285,2060,80,30,0,470E
R826,1285,2060,80,30,0,440E
R827,1286,2060,80,30,0,440E
R828,1287,2061,80,30,0,440E
R829,1288,2061,80,30,0,460E
R830,1289,2061,80,30,0,460E
R831,1290,2062,80,30,0,460E
R832,1291,2063,80,30,0,470E
R833,1291,2064,80,30,0,470E
R834,1292,2064,80,30,0,470E
R835,1293,2064,80,30,0,460E
R836,1293,2065,80,30,0,460E
R837,1294,2065,80,30,0,460E
R838,1295,2066,80,30,0,450E
R839,1295,2067,80,30,0,450E
R840,1297,2068,80,30,0,450E
R841,1297,2068,80,30,0,450E
R842,1298,2069,80,30,0,450E
R843,1298,2070,80,30,0,450E
R844,1299,2070,80,30,0,440E
R845,1300,2071,80,30,0,440E
R846,1300,2071,80,30,0,440E
R847,1301,2072,80,30,0,440E
R848,1302,2072,80,30,0,440E
R849,1303,2072,80,30,0,440E
R850,1303,2072,80,30,0,430E
R851,1304,2072,80,30,0,430E
R852,1304,2073,80,30,0,430E
R853,1305,2074,80,30,0,430E
R854,1306,2074,80,30,0,430E
R855,1307,2075,80,30,0,430E
R856,1308,2076,80,30,0,440E
R857,1308,2076,80,30,0,440E
R858,1308,2076,80,30,0,440E
R859,1310,2076,80,30,0,420E
R860,1310,2077,80,30,0,420E
R861,1311,2078,80,30,0,420E
R862,1311,2079,80,30,0,420E
R863,1312,2080,80,30,0,420E
R864,1313,2080,80,30,0,420E
R865,1314,2081,80,30,0,440E
R866,1315,2081,80,30,0,440E
R867,1315,2081,80,30,0,440E
R868,1316,2082,80,30,0,430E
R869,1317,2082,80,30,0,430E
R870,1317,2083,80,30,0,430E
R871,1318,2084,80,30,0,430E
R872,1319,2084,80,30,0,430E
R873,1320,2085,80,30,0,430E
R874,1322,2086,80,30,0,460E
R875,1322,2086,80,30,0,460E
R876,1323,2087,80,30,0,460E
R877,1323,2088,80,30,0,430E
R878,1324,2089,80,30,0,430E
R879,1325,2090,80,30,0,430E
R880,1325,2091,80,30,0,430E
R881,1326,2091,80,30,0,430E
R882,1327,2092,80,30,0,430E
R883,1328,2092,80,30,0,450E
R884,1328,2092,80,30,0,450E
R885,1329,2094,80,30,0,450E
R886,1330,2094,80,30,0,440E
R887,1330,2095,80,30,0,440E
R888,1331,2096,80,30,0,440E
R889,1332,2096,80,30,0,440E
R890,1333,2096,80,30,0,440E
R891,1333,2096,80,30,0,440E
R892,1335,2096,80,30,0,450E
R893,1335,2097,80,30,0,450E
R894,1336,2098,80,30,0,450E
R895,1337,2098,80,30,0,450E
R896,1337,2098,80,30,0,450E
R897,1338,2099,80,30,0,450E
R898,1339,2099,80,30,0,440E
R899,1340,2100,80,30,0,440E
R900,1341,2100,80,30,0,440E
R901,1342,2101,80,30,0,460E
R902,1342,2102,80,30,0,460E
R903,1343,2102,80,30,0,460E
R904,1344,2102,80,30,0,450E
R905,1344,2103,80,30,0,450E
R906,1345,2103,80,30,0,450E
R907,1346,2105,80,30,0,440E
R908,1347,2106,80,30,0,440E
R909,1347,2106,80,30,0,440E
R910,1349,2106,80,30,0,460E
R911,1349,2106,80,30,0,460E
R912,1350,2106,80,30,0,460E
R913,1351,2107,80,30,0,450E
R914,1351,2107,80,30,0,450E
R915,1352,2107,80,30,0,450E
R916,1352,2108,80,30,0,430E
R917,1353,2108,80,30,0,430E
R918,1354,2108,80,30,0,430E
R919,1354,2109,80,30,0,420E
R920,1354,2109,80,30,0,420E
R921,1356,2109,80,30,0,420E
R922,1357,2110,80,30,0,440E
R923,1357,2110,80,30,0,440E
R924,1358,2111,80,30,0,440E
R925,1358,2113,80,30,0,420E
R926,1359,2113,80,30,0,420E
R927,1359,2115,80,30,0,420E
R928,1361,2115,80,30,0,440E
R929,1362,2116,80,30,0,440E
R930,1362,2117,80,30,0,440E
R931,1363,2118,80,30,0,430E
R932,1363,2118,80,30,0,430E
R933,1364,2119,80,30,0,430E
R934,1365,2119,80,30,0,430E
R935,1365,2119,80,30,0,430E
R936,1367,2121,80,30,0,430E
R937,1367,2121,80,30,0,420E
R938,1368,2121,80,30,0,420E
R939,1369,2123,80,30,0,420E
R940,1370,2123,80,30,0,440E
R941,1371,2123,80,30,0,440E
R942,1372,2124,80,30,0,440E
R943,1372,2124,80,30,0,440E
R944,1373,2124,80,30,0,440E
R945,1374,2125,80,30,0,440E
R946,1374,2125,80,30,0,430E
R947,1375,2126,80,30,0,430E
R948,1376,2126,80,30,0,430E
R949,1376,2126,80,30,0,430E
R950,1377,2127,80,30,0,430E
R951,1378,2127,80,30,0,430E
R952,1379,2128,80,30,0,440E
R953,1380,2129,80,30,0,440E
R954,1380,2130,80,30,0,440E
R955,1381,2130,80,30,0,440E
R956,1382,2130,80,30,0,440E
R957,1383,2131,80,30,0,440E
R958,1383,2131,80,30,0,430E
R959,1385,2132,80,30,0,430E
R960,1385,2132,80,30,0,430E
R961,1386,2132,80,30,0,450E
R962,1387,2132,80,30,0,450E
R963,1387,2132,80,30,0,450E
R964,1388,2132,80,30,0,440E
R965,1389,2133,80,30,0,440E
R966,1389,2134,80,30,0,440E
R967,1390,2135,80,30,0,440E
R968,1390,2135,80,30,0,440E
R969,1390,2135,80,30,0,440E
R970,1391,2136,80,30,0,420E
R971,1392,2137,80,30,0,420E
R972,1393,2137,80,30,0,420E
R973,1394,2138,80,30,0,440E
R974,1394,2139,80,30,0,440E
R975,1395,2139,80,30,0,440E
R976,1396,2141,80,30,0,430E
R977,1397,2141,80,30,0,430E
R978,1398,2141,80,30,0,430E
R979,1399,2142,80,30,0,450E
R980,1400,2142,80,30,0,450E
R981,1400,2142,80,30,0,450E
R982,1401,2143,80,30,0,440E
R983,1402,2143,80,30,0,440E
R984,1403,2144,80,30,0,440E
R985,1404,2145,80,30,0,460E
R986,1405,2145,80,30,0,460E
R987,1406,2145,80,30,0,460E
R988,1407,2145,80,30,0,470E
R989,1407,2145,80,30,0,470E
R990,1408,2146,80,30,0,470E
R991,1408,2147,80,30,0,440E
R992,1409,2147,80,30,0,440E
R993,1410,2147,80,30,0,440E
R994,1410,2148,80,30,0,440E
R995,1411,2148,80,30,0,440E
R996,1411,2149,80,30,0,440E
R997,1412,2150,80,30,0,430E
R998,1413,2150,80,30,0,430E
R999,1413,2150,80,30,0,430E
R1000,1414,2150,80,30,0,430E
R1001,1414,2150,80,30,0,430E
R1002,1415,2150,80,30,0,430E
R1003,1416,2150,80,30,0,430E
R1004,1416,2150,80,30,0,430E
R1005,1417,2151,80,30,0,430E
R1006,1418,2151,80,30,0,420E
R1007,1418,2152,80,30,0,420E
R1008,1419,2153,80,30,0,420E
R1009,1420,2153,80,30,0,420E
R1010,1420,2154,80,30,0,420E
R1011,1421,2154,80,30,0,420E
R1012,1422,2155,80,30,0,420E
R1013,1423,2155,80,30,0,420E
R1014,1424,2156,80,30,0,420E
R1015,1424,2156,80,30,0,420E
R1016,1425,2157,80,30,0,420E
R1017,1426,2157,80,30,0,420E
R1018,1426,2158,80,30,0,420E
R1019,1427,2158,80,30,0,420E
R1020,1428,2158,80,30,0,420E
R1021,1428,2158,80,30,0,410E
R1022,1429,2158,80,30,0,410E
R1023,1430,2158,80,30,0,410E
R1024,1431,2159,80,30,0,430E
R1025,1431,2160,80,30,0,430E
R1026,1432,2160,80,30,0,430E
R1027,1433,2160,80,30,0,420E
R1028,1433,2160,80,30,0,420E
R1029,1434,2160,80,30,0,420E
R1030,1435,2161,80,30,0,420E
R1031,1435,2162,80,30,0,420E
R1032,1437,2163,80,30,0,420E
R1033,1437,2163,80,30,0,420E
R1034,1438,2163,80,30,0,420E
R1035,1439,2164,80,30,0,420E
R1036,1439,2166,80,30,0,420E
R1037,1439,2166,80,30,0,420E
R1038,1440,2167,80,30,0,420E
R1039,1440,2168,80,30,0,400E
R1040,1441,2168,80,30,0,400E
R1041,1442,2169,80,30,0,400E
R1042,1442,2170,80,30,0,400E
R1043,1443,2171,80,30,0,400E
R1044,1444,2171,80,30,0,400E
R1045,1444,2172,80,30,0,400E
R1046,1445,2172,80,30,0,400E
R1047,1447,2172,80,30,0,400E
R1048,1447,2172,80,30,0,420E
R1049,1448,2172,80,30,0,420E
R1050,1448,2173,80,30,0,420E
R1051,1449,2174,80,30,0,410E
R1052,1450,2175,80,30,0,410E
R1053,1451,2176,80,30,0,410E
R1054,1451,2176,80,30,0,410E
R1055,1452,2176,80,30,0,410E
R1056,1453,2177,80,30,0,410E
R1057,1453,2177,80,30,0,410E
R1058,1454,2177,80,30,0,410E
R1059,1455,2178,80,30,0,410E
R1060,1456,2178,80,30,0,420E
R1061,1456,2179,80,30,0,420E
R1062,1457,2180,80,30,0,420E
R1063,1458,2180,80,30,0,420E
R1064,1458,2181,80,30,0,420E
R1065,1459,2181,80,30,0,420E
R1066,1460,2182,80,30,0,410E
R1067,1461,2183,80,30,0,410E
R1068,1461,2183,80,30,0,410E
R1069,1462,2183,80,30,0,420E
R1070,1463,2184,80,30,0,420E
R1071,1464,2184,80,30,0,420E
R1072,1465,2184,80,30,0,430E
R1073,1466,2186,80,30,0,430E
R1074,1466,2186,80,30,0,430E
R1075,1468,2186,80,30,0,430E
R1076,1468,2187,80,30,0,430E
R1077,1469,2187,80,30,0,430E
R1078,1470,2188,80,30,0,440E
R1079,1470,2188,80,30,0,440E
R1080,1471,2188,80,30,0,440E
R1081,1472,2188,80,30,0,440E
R1082,1474,2188,80,30,0,440E
R1083,1474,2188,80,30,0,440E
R1084,1475,2190,80,30,0,450E
R1085,1476,2190,80,30,0,450E
R1086,1477,2190,80,30,0,450E
R1087,1477,2190,80,30,0,450E
R1088,1478,2191,80,30,0,450E
R1089,1479,2191,80,30,0,450E
R1090,1480,2192,80,30,0,460E
R1091,1480,2192,80,30,0,460E
R1092,1481,2192,80,30,0,460E
R1093,1482,2193,80,30,0,450E
R1094,1483,2193,80,30,0,450E
R1095,1483,2193,80,30,0,450E
R1096,1484,2194,80,30,0,450E
R1097,1485,2194,80,30,0,450E
R1098,1486,2195,80,30,0,450E
R1099,1487,2195,80,30,0,460E
R1100,1487,2195,80,30,0,460E
R1101,1488,2196,80,30,0,460E
R1102,1489,2197,80,30,0,460E
R1103,1490,2198,80,30,0,460E
R1104,1491,2198,80,30,0,460E
R1105,1492,2199,80,30,0,470E
R1106,1493,2199,80,30,0,470E
R1107,1493,2200,80,30,0,470E
R1108,1494,2201,80,30,0,460E
R1109,1495,2202,80,30,0,460E
R1110,1495,2202,80,30,0,460E
R1111,1496,2202,80,30,0,460E
R1112,1497,2203,80,30,0,460E
R1113,1497,2204,80,30,0,460E
R1114,1499,2204,80,30,0,470E
R1115,1499,2204,80,30,0,470E
R1116,1500,2205,80,30,0,470E
R1117,1501,2206,80,30,0,460E
R1118,1501,2207,80,30,0,460E
R1119,1502,2207,80,30,0,460E
R1120,1502,2207,80,30,0,440E
R1121,1503,2208,80,30,0,440E
R1122,1504,2209,80,30,0,440E
R1123,1505,2209,80,30,0,450E
R1124,1506,2210,80,30,0,450E
R1125,1507,2210,80,5,0,450E
R1126,1507,2210,80,0,0,450E
R1127,1508,2209,80,0,0,450E
R1128,1508,2204,80,0,0,450E
R1129,1509,2194,80,0,0,440E
R1130,1510,2186,80,0,0,440E
R1131,1510,2176,80,0,0,440E
R1132,1512,2168,80,0,0,460E
R1133,1513,2161,80,0,0,460E
R1134,1513,2150,80,0,0,460E
R1135,1514,2142,80,0,0,450E
R1136,1514,2136,80,0,0,450E
R1137,1514,2127,80,0,0,450E
R1138,1515,2120,80,0,0,430E
R1139,1516,2112,80,0,0,430E
R1140,1516,2087,80,0,0,430E
R1141,1517,2061,80,0,0,420E
R1142,1517,2038,80,0,0,420E
R1143,1517,2012,80,0,0,420E
R1144,1518,1988,80,0,0,400E
R1145,1518,1963,80,0,0,400E
R1146,1518,1940,80,0,0,400E
R1147,1518,1910,80,0,0,360E
R1148,1519,1899,80,0,0,360E
R1149,1519,1876,80,0,0,360E
R1150,1519,1851,80,0,0,340E
R1151,1519,1842,80,0,0,340E
R1152,1520,1820,80,0,0,340E
R1153,1520,1812,80,0,0,320E
R1154,1520,1797,80,0,0,320E
R1155,1520,1771,80,0,0,320E
R1156,1520,1764,80,0,0,280E
R1157,1520,1751,80,0,0,280E
R1158,1520,1738,80,0,0,280E
R1159,1520,1724,80,0,0,230E
R1160,1520,1713,80,0,0,230E
R1161,1520,1703,80,0,0,230E
R1162,1520,1690,80,0,0,200E
R1163,1520,1680,80,0,0,200E
R1164,1520,1670,80,0,0,200E
R1165,1520,1657,80,0,0,160E
R1166,1520,1648,80,0,0,160E
R1167,1520,1640,80,0,0,160E
R1168,1520,1630,80,0,0,140E
R1169,1520,1621,80,0,0,140E
R1170,1520,1613,80,0,0,140E
R1171,1520,1605,80,0,0,110E
R1172,1520,1598,80,0,0,110E
R1173,1520,1590,82,0,0,110E
R1174,1520,1581,83,0,0,90E
R1175,1520,1577,85,0,0,90E
R1176,1520,1567,86,0,0,90E
R1177,1520,1562,88,0,0,80E
R1178,1520,1556,89,0,0,80E
R1179,1520,1548,90,0,0,80E
R1180,1520,1541,90,0,0,70E
R1181,1520,1535,90,0,0,70E
R1182,1520,1528,90,0,0,70E
R1183,1519,1523,90,0,0,30E
R1184,1519,1516,100,0,0,30E
R1185,1519,1510,100,0,0,30E
R1186,1519,1506,100,0,0,30E
R1187,1518,1499,100,0,0,30E
R1188,1518,1494,100,0,0,30E
R1189,1518,1489,100,0,0,0E
R1190,1517,1483,100,0,0,0E
R1191,1517,1477,100,0,0,0E
R1192,1516,1473,100,0,0,-50E
R1193,1516,1468,100,0,0,-50E
R1194,1516,1463,100,0,0,-50E
R1195,1515,1458,100,0,0,-70E
R1196,1515,1453,100,0,0,-70E
R1197,1514,1449,100,0,0,-70E
R1198,1514,1445,100,0,0,-90E
R1199,1513,1440,100,0,0,-90E
R1200,1512,1437,100,0,0,-90E
R1201,1512,1433,100,0,0,-140E
R1202,1511,1429,100,0,0,-140E
R1203,1511,1425,100,0,0,-140E
R1204,1510,1421,100,0,0,-180E
R1205,1510,1418,100,0,0,-180E
R1206,1509,1415,100,0,0,-180E
R1207,1509,1411,100,0,0,-180E
R1208,1508,1408,100,0,0,-180E
R1209,1508,1405,100,0,0,-180E
R1210,1508,1401,100,0,0,-180E
R1211,1507,1399,100,0,0,-180E
R1212,1507,1396,100,0,0,-180E
R1213,1506,1393,100,0,0,-210E
R1214,1506,1390,100,0,0,-210E
R1215,1505,1387,100,0,0,-210E
R1216,1504,1384,100,0,0,-240E
R1217,1504,1383,100,0,0,-240E
R1218,1504,1380,100,0,0,-240E
R1219,1504,1377,100,0,0,-200E
R1220,1503,1374,100,0,0,-200E
R1221,1502,1371,100,0,0,-200E
R1222,1501,1369,100,0,0,-260E
R1223,1501,1367,100,0,0,-260E
R1224,1500,1364,100,0,0,-260E
R1225,1499,1362,100,0,0,-280E
R1226,1499,1359,100,0,0,-280E
R1227,1499,1356,100,0,0,-280E
R1228,1499,1354,100,0,0,-240E
R1229,1498,1352,100,0,0,-240E
R1230,1497,1349,100,0,0,-240E
R1231,1497,1347,100,0,0,-260E
R1232,1497,1345,100,0,0,-260E
R1233,1496,1342,100,0,0,-260E
R1234,1495,1340,100,0,0,-290E
R1235,1494,1338,100,0,0,-290E
R1236,1493,1336,100,0,0,-290E
R1237,1493,1334,100,0,0,-300E
R1238,1492,1332,100,0,0,-300E
R1239,1492,1331,100,0,0,-300E
R1240,1491,1329,100,0,0,-320E
R1241,1491,1327,100,0,0,-320E
R1242,1490,1325,100,0,0,-320E
R1243,1490,1323,100,0,0,-300E
R1244,1489,1321,100,0,0,-300E
R1245,1489,1319,100,0,0,-300E
R1246,1488,1317,100,0,0,-310E
R1247,1487,1315,100,0,0,-310E
R1248,1486,1313,100,0,0,-310E
R1249,1485,1311,100,0,0,-350E
R1250,1484,1309,100,0,0,-350E
R1251,1484,1307,100,0,0,-350E
R1252,1483,1306,100,0,0,-360E
R1253,1483,1304,100,0,0,-360E
R1254,1482,1302,100,0,0,-360E
R1255,1482,1300,100,0,0,-330E
R1256,1481,1298,100,0,0,-330E
R1257,1481,1296,100,0,0,-330E
R1258,1480,1294,100,0,0,-340E
R1259,1479,1293,100,0,0,-340E
R1260,1479,1290,100,0,0,-340E
R1261,1478,1289,100,0,0,-350E
R1262,1477,1287,100,0,0,-350E
R1263,1477,1286,100,0,0,-350E
R1264,1476,1284,100,0,0,-350E
R1265,1476,1282,100,0,0,-350E
R1266,1475,1281,100,0,0,-350E
R1267,1474,1279,100,0,0,-360E
R1268,1473,1277,100,0,0,-360E
R1269,1472,1276,100,0,0,-360E
R1270,1472,1275,100,0,0,-360E
R1271,1471,1273,100,0,0,-360E
R1272,1470,1271,100,0,0,-360E
R1273,1469,1270,100,0,0,-380E
R1274,1469,1269,100,0,0,-380E
R1275,1468,1268,100,0,0,-380E
R1276,1468,1266,100,0,0,-360E
R1277,1467,1265,100,0,0,-360E
R1278,1467,1264,100,0,0,-360E
R1279,1465,1261,100,0,0,-390E
R1280,1465,1260,100,0,0,-390E
R1281,1464,1258,100,0,0,-390E
R1282,1464,1257,100,0,0,-370E
R1283,1463,1255,100,0,0,-370E
R1284,1462,1254,100,0,0,-370E
R1285,1461,1252,100,0,0,-390E
R1286,1461,1251,100,0,0,-390E
R1287,1460,1250,100,0,0,-390E
R1288,1459,1248,100,0,0,-390E
R1289,1458,1247,100,0,0,-390E
R1290,1457,1245,100,0,0,-390E
R1291,1457,1244,100,0,0,-390E
R1292,1456,1243,100,0,0,-390E
R1293,1455,1240,100,0,0,-390E
R1294,1454,1239,100,0,0,-420E
R1295,1454,1238,100,0,0,-420E
R1296,1453,1236,100,0,0,-420E
R1297,1453,1235,100,0,0,-390E
R1298,1452,1234,100,0,0,-390E
R1299,1451,1232,100,0,0,-390E
R1300,1450,1231,100,0,0,-420E
R1301,1450,1230,100,0,0,-420E
R1302,1449,1227,100,0,0,-420E
R1303,1449,1225,100,0,0,-390E
R1304,1448,1224,100,0,0,-390E
R1305,1446,1223,100,0,0,-390E
R1306,1446,1222,100,0,0,-420E
R1307,1445,1220,100,0,0,-420E
R1308,1444,1219,100,0,0,-420E
R1309,1444,1218,100,0,0,-410E
R1310,1442,1216,100,0,0,-410E
R1311,1442,1215,100,0,0,-410E
R1312,1441,1215,100,0,0,-440E
R1313,1440,1213,100,0,0,-440E
R1314,1440,1212,100,0,0,-440E
R1315,1440,1211,100,0,0,-400E
R1316,1439,1209,100,0,0,-400E
R1317,1439,1208,100,0,0,-400E
R1318,1438,1207,100,0,0,-400E
R1319,1437,1206,100,0,0,-400E
R1320,1436,1205,100,0,0,-400E
R1321,1435,1204,100,0,0,-430E
R1322,1435,1203,100,0,0,-430E
R1323,1434,1202,100,0,0,-430E
R1324,1434,1200,100,0,0,-400E
R1325,1433,1199,100,0,0,-400E
R1326,1432,1198,100,0,0,-400E
R1327,1432,1196,100,0,0,-400E
R1328,1431,1195,100,0,0,-400E
R1329,1431,1194,100,0,0,-400E
R1330,1430,1193,100,0,0,-400E
R1331,1430,1192,100,0,0,-400E
R1332,1429,1191,100,0,0,-400E
R1333,1428,1190,100,0,0,-400E
R1334,1428,1189,100,0,0,-400E
R1335,1427,1188,100,0,0,-400E
R1336,1427,1186,100,0,0,-380E
R1337,1426,1185,100,0,0,-380E
R1338,1425,1184,100,0,0,-380E
R1339,1425,1183,100,0,0,-380E
R1340,1425,1182,100,0,0,-380E
R1341,1424,1181,100,0,0,-380E
R1342,1424,1180,100,0,0,-360E
R1343,1423,1179,100,0,0,-360E
R1344,1423,1178,100,0,0,-360E
R1345,1422,1177,100,0,0,-360E
R1346,1422,1176,100,0,0,-360E
R1347,1421,1174,100,0,0,-360E
R1348,1421,1173,100,0,0,-350E
R1349,1420,1172,100,0,0,-350E
R1350,1419,1171,100,0,0,-350E
R1351,1418,1170,100,0,0,-370E
R1352,1418,1169,100,0,0,-370E
R1353,1417,1168,100,0,0,-370E
R1354,1416,1167,100,0,0,-380E
R1355,1416,1165,100,0,0,-380E
R1356,1415,1165,100,0,0,-380E
R1357,1415,1164,100,0,0,-360E
R1358,1414,1163,100,0,0,-360E
R1359,1413,1162,100,0,0,-360E
R1360,1412,1161,100,0,0,-380E
R1361,1411,1160,100,0,0,-380E
R1362,1410,1159,100,0,0,-380E
R1363,1410,1158,100,0,0,-380E
R1364,1409,1156,100,0,0,-380E
R1365,1409,1156,100,0,0,-380E
R1366,1408,1155,100,0,0,-390E
R1367,1407,1154,100,0,0,-390E
R1368,1407,1153,100,0,0,-390E
R1369,1406,1152,100,0,0,-390E
R1370,1405,1151,100,0,0,-390E
R1371,1405,1150,100,0,0,-390E
R1372,1404,1149,100,0,0,-390E
R1373,1404,1148,100,0,0,-390E
R1374,1403,1147,100,0,0,-390E
R1375,1402,1146,100,0,0,-390E
R1376,1402,1145,100,0,0,-390E
R1377,1401,1144,100,0,0,-390E
R1378,1400,1143,100,0,0,-390E
R1379,1399,1142,100,0,0,-390E
R1380,1399,1141,100,0,0,-390E
R1381,1398,1140,100,0,0,-390E
R1382,1398,1139,100,0,0,-390E
R1383,1397,1139,100,0,0,-390E
R1384,1396,1138,100,0,0,-390E
R1385,1395,1136,100,0,0,-390E
R1386,1395,1135,100,0,0,-390E
R1387,1394,1134,100,0,0,-390E
R1388,1393,1134,100,0,0,-390E
R1389,1393,1133,100,0,0,-390E
R1390,1392,1132,100,0,0,-390E
R1391,1392,1131,100,0,0,-390E
R1392,1391,1130,100,0,0,-390E
R1393,1390,1129,100,0,0,-390E
R1394,1390,1128,100,0,0,-390E
R1395,1389,1127,100,0,0,-390E
R1396,1389,1126,100,0,0,-380E
R1397,1388,1126,100,0,0,-380E
R1398,1387,1125,100,0,0,-380E
R1399,1387,1124,100,0,0,-380E
R1400,1386,1124,100,0,0,-380E
R1401,1385,1123,100,0,0,-380E
R1402,1385,1122,100,0,0,-380E
R1403,1384,1121,100,0,0,-380E
R1404,1383,1121,100,0,0,-380E
R1405,1383,1121,100,0,0,-380E
R1406,1382,1120,100,0,0,-380E
R1407,1381,1119,100,0,0,-380E
R1408,1380,1119,100,0,0,-390E
R1409,1379,1118,100,0,0,-390E
R1410,1379,1117,100,0,0,-390E
R1411,1378,1116,100,0,0,-390E
R1412,1378,1116,100,0,0,-390E
R1413,1376,1114,100,0,0,-390E
R1414,1376,1113,100,0,0,-390E
R1415,1376,1113,100,0,0,-390E
R1416,1375,1111,100,0,0,-390E
R1417,1374,1111,100,0,0,-390E
R1418,1373,1110,100,0,0,-390E
R1419,1373,1108,100,0,0,-390E
R1420,1372,1108,100,0,0,-390E
R1421,1371,1107,100,0,0,-390E
R1422,1371,1105,100,0,0,-390E
R1423,1370,1104,100,0,0,-390E
R1424,1370,1103,100,0,0,-390E
R1425,1369,1103,100,0,0,-390E
R1426,1369,1102,100,0,0,-380E
R1427,1368,1101,100,0,0,-380E
R1428,1367,1100,100,0,0,-380E
R1429,1367,1100,100,0,0,-390E
R1430,1366,1098,100,0,0,-390E
R1431,1366,1098,100,0,0,-390E
R1432,1365,1097,100,0,0,-390E
R1433,1364,1096,100,0,0,-390E
R1434,1363,1095,100,0,0,-390E
R1435,1363,1095,100,0,0,-390E
R1436,1362,1093,100,0,0,-390E
R1437,1362,1093,100,0,0,-390E
R1438,1361,1092,100,0,0,-390E
R1439,1360,1091,100,0,0,-390E
R1440,1360,1090,100,0,0,-390E
R1441,1359,1090,100,0,0,-390E
R1442,1359,1088,100,0,0,-390E
R1443,1359,1088,100,0,0,-390E
R1444,1358,1087,100,0,0,-380E
R1445,1357,1086,100,0,0,-380E
R1446,1357,1085,100,0,0,-380E
R1447,1356,1084,100,0,0,-380E
R1448,1355,1083,100,0,0,-380E
R1449,1355,1083,100,0,0,-380E
R1450,1354,1082,100,0,0,-380E
R1451,1353,1081,100,0,0,-380E
R1452,1353,1080,100,0,0,-380E
R1453,1353,1079,100,0,0,-370E
R1454,1353,1079,100,0,0,-370E
R1455,1352,1078,100,0,0,-370E
R1456,1351,1077,100,0,0,-370E
R1457,1350,1077,100,0,0,-370E
R1458,1350,1076,100,0,0,-370E
R1459,1350,1075,100,0,0,-360E
R1460,1349,1075,100,0,0,-360E
R1461,1348,1073,100,0,0,-360E
R1462,1347,1072,100,0,0,-380E
R1463,1347,1072,100,0,0,-380E
R1464,1347,1071,100,0,0,-380E
R1465,1346,1070,100,0,0,-360E
R1466,1346,1069,100,0,0,-360E
R1467,1346,1068,100,0,0,-360E
R1468,1345,1068,100,0,0,-350E
R1469,1345,1067,100,0,0,-350E
R1470,1344,1066,100,0,0,-350E
R1471,1343,1065,100,0,0,-360E
R1472,1343,1064,100,0,0,-360E
R1473,1342,1063,100,0,0,-360E
R1474,1341,1063,100,0,0,-340E
R1475,1341,1062,100,0,0,-340E
R1476,1340,1061,100,0,0,-340E
R1477,1340,1061,100,0,0,-350E
R1478,1339,1060,100,0,0,-350E
R1479,1338,1059,100,0,0,-350E
R1480,1337,1059,100,0,0,-370E
R1481,1337,1058,100,0,0,-370E
R1482,1337,1057,100,0,0,-370E
R1483,1336,1057,100,0,0,-330E
R1484,1336,1056,100,0,0,-330E
R1485,1336,1056,100,0,0,-330E
R1486,1335,1055,100,0,0,-340E
R1487,1334,1054,100,0,0,-340E
R1488,1333,1054,100,0,0,-340E
R1489,1332,1053,100,0,0,-370E
R1490,1332,1052,100,0,0,-370E
R1491,1331,1051,100,0,0,-370E
R1492,1330,1051,100,0,0,-370E
R1493,1330,1050,100,0,0,-370E
R1494,1329,1049,100,0,0,-370E
R1495,1329,1049,100,0,0,-350E
R1496,1328,1048,100,0,0,-350E
R1497,1328,1048,100,0,0,-350E
R1498,1327,1047,100,0,0,-360E
R1499,1327,1046,100,0,0,-360E
R1500,1326,1046,100,0,0,-360E
R1501,1326,1045,100,0,0,-340E
R1502,1325,1044,100,0,0,-340E
R1503,1324,1043,100,0,0,-340E
R1504,1323,1042,100,0,0,-350E
R1505,1323,1042,100,0,0,-350E
R1506,1322,1041,100,0,0,-350E
R1507,1321,1040,100,0,0,-370E
R1508,1321,1040,100,0,0,-370E
R1509,1320,1039,100,0,0,-370E
R1510,1320,1038,100,0,0,-350E
R1511,1319,1038,100,0,0,-350E
R1512,1319,1037,100,0,0,-350E
R1513,1318,1036,100,0,0,-360E
R1514,1318,1035,100,0,0,-360E
R1515,1317,1035,100,0,0,-360E
R1516,1316,1034,100,0,0,-360E
R1517,1316,1034,100,0,0,-360E
R1518,1315,1034,100,0,0,-360E
R1519,1315,1033,100,0,0,-340E
R1520,1314,1032,100,0,0,-340E
R1521,1313,1031,100,0,0,-340E
R1522,1312,1031,100,0,0,-370E
R1523,1312,1031,100,0,0,-370E
R1524,1312,1030,100,0,0,-370E
R1525,1311,1028,100,0,0,-350E
R1526,1310,1028,100,0,0,-350E
R1527,1310,1027,100,0,0,-350E
R1528,1309,1026,100,0,0,-360E
R1529,1309,1026,100,0,0,-360E
R1530,1308,1025,100,0,0,-360E
R1531,1308,1024,100,0,0,-340E
R1532,1307,1024,100,0,0,-340E
R1533,1306,1024,100,0,0,-340E
R1534,1306,1023,100,0,0,-340E
R1535,1306,1023,100,0,0,-340E
R1536,1305,1021,100,0,0,-340E
R1537,1304,1021,100,0,0,-350E
R1538,1304,1020,100,0,0,-350E
R1539,1303,1020,100,0,0,-350E
R1540,1303,1020,100,0,0,-330E
R1541,1302,1019,100,0,0,-330E
R1542,1300,1018,100,0,0,-330E
R1543,1300,1018,100,0,0,-360E
R1544,1299,1017,100,0,0,-360E
R1545,1298,1017,100,0,0,-360E
R1546,1297,1016,100,0,0,-390E
R1547,1297,1016,100,0,0,-390E
R1548,1296,1014,100,0,0,-390E
R1549,1295,1014,100,0,0,-390E
R1550,1295,1013,100,0,0,-390E
R1551,1294,1013,100,0,0,-390E
R1552,1294,1012,100,0,0,-370E
R1553,1293,1011,100,0,0,-370E
R1554,1292,1011,100,0,0,-370E
R1555,1292,1010,100,0,0,-370E
R1556,1291,1010,100,0,0,-370E
R1557,1290,1009,100,0,0,-370E
R1558,1290,1009,100,0,0,-370E
R1559,1289,1009,100,0,0,-370E
R1560,1288,1010,100,0,0,-370E
R1561,1287,1015,100,0,0,-400E
R1562,1287,1024,100,0,0,-400E
R1563,1286,1048,100,0,0,-400E
R1564,1286,1054,100,0,0,-370E
R1565,1286,1079,100,0,0,-370E
R1566,1286,1109,100,0,0,-370E
R1567,1285,1120,100,0,0,-350E
R1568,1285,1142,100,0,0,-350E
R1569,1285,1171,100,0,0,-350E
R1570,1285,1178,100,0,0,-310E
R1571,1285,1199,100,0,0,-310E
R1572,1285,1208,100,0,0,-310E
R1573,1285,1228,100,0,0,-270E
R1574,1285,1239,100,0,0,-270E
R1575,1285,1253,100,0,0,-270E
R1576,1285,1271,100,0,0,-220E
R1577,1285,1279,100,0,0,-220E
R1578,1285,1293,100,0,0,-220E
R1579,1285,1304,100,0,0,-190E
R1580,1285,1314,100,0,0,-190E
R1581,1285,1326,100,0,0,-190E
R1582,1285,1336,100,0,0,-150E
R1583,1285,1345,100,0,0,-150E
R1584,1285,1355,100,0,0,-150E
R1585,1285,1363,100,0,0,-130E
R1586,1285,1372,100,0,0,-130E
R1587,1285,1381,100,0,0,-130E
R1588,1285,1389,100,0,0,-110E
R1589,1285,1396,100,0,0,-110E
R1590,1285,1404,100,0,0,-110E
R1591,1285,1410,100,0,0,-90E
R1592,1285,1418,100,0,0,-90E
R1593,1285,1423,100,0,0,-90E
R1594,1285,1428,100,0,0,-70E
R1595,1285,1435,100,0,0,-70E
R1596,1286,1440,100,0,0,-70E
R1597,1286,1445,100,0,0,-40E
R1598,1286,1451,100,0,0,-40E
R1599,1286,1456,100,0,0,-40E
R1600,1286,1460,100,0,0,-30E
R1601,1287,1464,100,0,0,-30E
R1602,1287,1468,100,0,0,-30E
R1603,1288,1472,100,0,0,20E
R1604,1288,1476,100,0,0,20E
R1605,1288,1479,100,0,0,20E
R1606,1288,1484,100,0,0,20E
R1607,1288,1487,100,0,0,20E
R1608,1288,1490,100,0,0,20E
R1609,1288,1494,100,0,0,10E
R1610,1289,1496,100,0,0,10E
R1611,1289,1499,100,0,0,10E
R1612,1289,1503,100,0,0,40E
R1613,1289,1505,100,0,0,40E
R1614,1290,1507,100,0,0,40E
R1615,1291,1510,100,0,0,80E
R1616,1291,1512,100,0,0,80E
R1617,1291,1514,100,0,0,80E
R1618,1292,1517,100,0,0,100E
R1619,1292,1519,100,0,0,100E
R1620,1293,1521,100,0,0,100E
R1621,1293,1523,100,0,0,110E
R1622,1294,1525,100,0,0,110E
R1623,1294,1528,100,0,0,110E
R1624,1294,1529,100,0,0,120E
R1625,1295,1531,100,0,0,120E
R1626,1296,1533,100,0,0,120E
R1627,1296,1535,100,0,0,160E
R1628,1297,1537,100,0,0,160E
R1629,1297,1539,100,0,0,160E
R1630,1298,1541,100,0,0,190E
R1631,1298,1543,100,0,0,190E
R1632,1298,1545,100,0,0,190E
R1633,1299,1546,100,0,0,190E
R1634,1299,1549,100,0,0,190E
R1635,1299,1550,100,0,0,190E
R1636,1300,1551,100,0,0,190E
R1637,1301,1550,100,0,0,190E
R1638,1301,1542,100,0,0,190E
R1639,1301,1529,100,0,0,190E
R1640,1301,1501,100,0,0,190E
R1641,1302,1477,100,0,0,190E
R1642,1302,1465,100,0,0,190E
R1643,1302,1443,100,0,0,190E
R1644,1302,1418,100,0,0,190E
R1645,1302,1408,100,0,0,170E
R1646,1302,1388,100,0,0,170E
R1647,1302,1379,100,0,0,170E
R1648,1302,1364,100,0,0,160E
R1649,1302,1344,100,0,0,160E
R1650,1302,1338,100,0,0,160E
R1651,1302,1324,100,0,0,140E
R1652,1302,1313,100,0,0,140E
R1653,1302,1301,100,0,0,140E
R1654,1302,1288,100,0,0,120E
R1655,1302,1278,100,0,0,120E
R1656,1302,1267,100,0,0,120E
R1657,1302,1258,100,0,0,110E
R1658,1302,1249,100,0,0,110E
R1659,1302,1239,100,0,0,110E
R1660,1302,1231,100,0,0,100E
R1661,1302,1223,100,0,0,100E
R1662,1302,1213,100,0,0,100E
R1663,1302,1207,100,0,0,90E
R1664,1302,1201,100,0,0,90E
R1665,1301,1193,100,0,0,90E
R1666,1301,1187,100,0,0,50E
R1667,1301,1182,100,0,0,50E
R1668,1301,1175,100,0,0,50E
R1669,1300,1170,100,0,0,20E
R1670,1300,1164,100,0,0,20E
R1671,1300,1158,100,0,0,20E
R1672,1300,1154,100,0,0,20E
R1673,1299,1148,100,0,0,20E
R1674,1299,1144,100,0,0,20E
R1675,1299,1141,100,0,0,0E
R1676,1298,1136,100,0,0,0E
R1677,1298,1131,100,0,0,0E
R1678,1298,1128,100,0,0,-20E
R1679,1297,1124,100,0,0,-20E
R1680,1297,1120,100,0,0,-20E
R1681,1296,1117,100,0,0,-70E
R1682,1296,1113,100,0,0,-70E
R1683,1295,1110,100,0,0,-70E
R1684,1295,1107,100,0,0,-90E
R1685,1295,1103,100,0,0,-90E
R1686,1295,1101,100,0,0,-90E
R1687,1294,1097,100,0,0,-110E
R1688,1294,1094,100,0,0,-110E
R1689,1293,1091,100,0,0,-110E
R1690,1293,1089,100,0,0,-120E
R1691,1292,1086,100,0,0,-120E
R1692,1291,1084,100,0,0,-120E
R1693,1291,1081,100,0,0,-160E
R1694,1290,1079,100,0,0,-160E
R1695,1290,1077,100,0,0,-160E
R1696,1290,1075,100,0,0,-160E
R1697,1290,1072,100,0,0,-160E
R1698,1289,1070,100,0,0,-160E
R1699,1288,1068,100,0,0,-190E
R1700,1288,1066,100,0,0,-190E
R1701,1287,1064,100,0,0,-190E
R1702,1287,1062,100,0,0,-190E
R1703,1287,1060,100,0,0,-190E
R1704,1286,1058,100,0,0,-190E
R1705,1286,1056,100,0,0,-190E
R1706,1286,1055,100,0,0,-190E
R1707,1285,1053,100,0,0,-190E
R1708,1284,1051,100,0,0,-210E
R1709,1284,1050,100,0,0,-210E
R1710,1284,1048,100,0,0,-210E
R1711,1283,1046,100,0,0,-210E
R1712,1283,1045,100,0,0,-210E
R1713,1282,1043,100,0,0,-210E
R1714,1282,1041,100,0,0,-210E
R1715,1281,1040,100,0,0,-210E
R1716,1281,1038,100,0,0,-210E
R1717,1280,1037,100,0,0,-230E
R1718,1280,1036,100,0,0,-230E
R1719,1279,1034,100,0,0,-230E
R1720,1278,1033,100,0,0,-250E
R1721,1278,1031,100,0,0,-250E
R1722,1277,1030,100,0,0,-250E
R1723,1277,1028,100,0,0,-240E
R1724,1276,1027,100,0,0,-240E
R1725,1276,1026,100,0,0,-240E
R1726,1275,1025,100,0,0,-260E
R1727,1274,1023,100,0,0,-260E
R1728,1274,1022,100,0,0,-260E
R1729,1273,1021,100,0,0,-270E
R1730,1272,1020,100,0,0,-270E
R1731,1272,1019,100,0,0,-270E
R1732,1272,1018,100,0,0,-260E
R1733,1271,1017,100,0,0,-260E
R1734,1270,1015,100,0,0,-260E
R1735,1270,1014,100,0,0,-280E
R1736,1269,1013,100,0,0,-280E
R1737,1269,1012,100,0,0,-280E
R1738,1268,1011,100,0,0,-290E
R1739,1268,1010,100,0,0,-290E
R1740,1267,1009,100,0,0,-290E
R1741,1267,1007,100,0,0,-280E
R1742,1266,1006,100,0,0,-280E
R1743,1265,1005,100,0,0,-280E
R1744,1265,1004,100,0,0,-290E
R1745,1264,1003,100,0,0,-290E
R1746,1263,1002,100,0,0,-290E
R1747,1263,1001,100,0,0,-300E
R1748,1262,1000,100,0,0,-300E
R1749,1262,999,100,0,0,-300E
R1750,1261,998,100,0,0,-310E
R1751,1260,997,100,0,0,-310E
R1752,1260,996,100,0,0,-310E
R1753,1259,995,100,0,0,-320E
R1754,1258,994,100,0,0,-320E
R1755,1258,994,100,0,0,-320E
R1756,1258,993,100,0,0,-310E
R1757,1257,992,100,0,0,-310E
R1758,1256,991,100,0,0,-310E
R1759,1256,990,100,0,0,-320E
R1760,1255,989,100,0,0,-320E
R1761,1254,988,100,0,0,-320E
R1762,1253,987,100,0,0,-340E
R1763,1253,986,100,0,0,-340E
R1764,1252,985,100,0,0,-340E
R1765,1251,984,100,0,0,-350E
R1766,1251,983,100,0,0,-350E
R1767,1250,982,100,0,0,-350E
R1768,1250,981,100,0,0,-330E
R1769,1249,980,100,0,0,-330E
R1770,1249,979,100,0,0,-330E
R1771,1248,978,100,0,0,-340E
R1772,1248,977,100,0,0,-340E
R1773,1247,977,100,0,0,-340E
R1774,1246,976,100,0,0,-350E
R1775,1246,975,100,0,0,-350E
R1776,1245,974,100,0,0,-350E
R1777,1245,973,100,0,0,-330E
R1778,1244,972,100,0,0,-330E
R1779,1244,972,100,0,0,-330E
R1780,1243,971,100,0,0,-340E
R1781,1243,970,100,0,0,-340E
R1782,1242,970,100,0,0,-340E
R1783,1241,969,100,0,0,-340E
R1784,1240,968,100,0,0,-340E
R1785,1240,967,100,0,0,-340E
R1786,1239,967,100,0,0,-350E
R1787,1238,966,100,0,0,-350E
R1788,1237,965,100,0,0,-350E
R1789,1237,964,100,0,0,-350E
R1790,1236,964,100,0,0,-350E
R1791,1235,962,100,0,0,-350E
R1792,1235,962,100,0,0,-360E
R1793,1234,961,100,0,0,-360E
R1794,1233,960,100,0,0,-360E
R1795,1233,960,100,0,0,-360E
R1796,1232,958,100,0,0,-360E
R1797,1232,958,100,0,0,-360E
R1798,1231,957,100,0,0,-360E
R1799,1230,956,100,0,0,-360E
R1800,1230,956,100,0,0,-360E
R1801,1230,955,100,0,0,-350E
R1802,1227,955,100,0,0,-350E
R1803,1227,955,100,0,0,-350E
P1340,623,132,1500,1115,0,0,0,0,1227,1803E
