R1,1342,2092,100,15,0,2530E
R2,1345,2094,100,15,0,2530E
R3,1348,2093,100,15,0,2530E
R4,1350,2068,100,15,0,2270E
R5,1350,2045,100,15,0,2270E
R6,1348,2020,100,15,0,2270E
R7,1346,1996,100,15,0,1200E
R8,1342,1974,100,15,0,1200E
R9,1337,1945,100,15,0,1200E
R10,1333,1936,100,15,0,-1030E
R11,1329,1915,100,15,0,-1030E
R12,1325,1906,100,15,0,-1030E
R13,1320,1885,100,15,0,-2180E
R14,1314,1857,100,15,0,-2180E
R15,1304,1830,100,15,0,-2180E
R16,1289,1805,100,15,0,-4550E
R17,1275,1782,100,15,0,-4550E
R18,1249,1756,100,15,0,-4550E
R19,1240,1745,100,15,0,-8790E
R20,1220,1724,100,15,0,-8790E
R21,1198,1713,100,15,0,-8790E
R22,1189,1704,100,15,0,-9500E
R23,1176,1694,100,15,0,-9500E
R24,1158,1680,100,15,0,-9500E
R25,1144,1671,100,15,0,-9320E
R26,1130,1662,100,15,0,-9320E
R27,1116,1653,100,15,0,-9320E
R28,1103,1647,100,15,0,-8680E
R29,1090,1638,100,15,0,-8680E
R30,1078,1631,100,15,0,-8680E
R31,1066,1626,100,15,0,-7980E
R32,1053,1616,100,15,0,-7980E
R33,1041,1604,100,15,0,-7980E
R34,1030,1592,100,15,0,-7320E
R35,1019,1582,100,15,0,-7320E
R36,1009,1579,100,15,0,-7320E
R37,998,1576,100,15,0,-7030E
R38,989,1572,100,15,0,-7030E
R39,978,1571,100,15,0,-7030E
R40,967,1569,100,15,0,-6650E
R41,957,1567,100,15,0,-6650E
R42,950,1566,100,15,0,-6650E
R43,939,1563,100,15,0,-6170E
R44,930,1561,100,15,0,-6170E
R45,922,1560,100,15,0,-6170E
R46,914,1558,100,15,0,-5600E
R47,904,1557,100,15,0,-5600E
R48,896,1556,100,15,0,-5600E
R49,890,1555,100,15,0,-5190E
R50,882,1555,100,15,0,-5190E
R51,874,1553,100,15,0,-5190E
R52,866,1551,100,15,0,-5000E
R53,860,1551,100,15,0,-5000E
R54,853,1550,100,15,0,-5000E
R55,847,1549,100,15,0,-4520E
R56,840,1549,100,15,0,-4520E
R57,834,1549,100,15,0,-4520E
R58,828,1548,100,15,0,-4180E
R59,821,1548,100,15,0,-4180E
R60,815,1547,100,15,0,-4180E
R61,809,1547,100,15,0,-3920E
R62,804,1547,100,15,0,-3920E
R63,798,1547,100,15,0,-3920E
R64,793,1547,100,15,0,-3700E
R65,788,1547,100,15,0,-3700E
R66,782,1546,100,15,0,-3700E
R67,777,1546,100,15,0,-3430E
R68,773,1546,100,15,0,-3430E
R69,768,1546,100,15,0,-3430E
R70,763,1546,100,15,0,-3260E
R71,758,1546,100,15,0,-3260E
R72,754,1546,100,15,0,-3260E
R73,751,1546,100,15,0,-2940E
R74,746,1546,100,15,0,-2940E
R75,743,1546,100,15,0,-2940E
R76,739,1547,100,15,0,-2720E
R77,736,1547,100,15,0,-2720E
R78,732,1547,100,15,0,-2720E
R79,728,1548,100,15,0,-2520E
R80,725,1548,100,15,0,-2520E
R81,722,1549,100,15,0,-2520E
R82,718,1549,100,15,0,-2250E
R83,715,1549,100,15,0,-2250E
R84,713,1549,100,15,0,-2250E
R85,711,1549,100,15,0,-2000E
R86,707,1550,100,15,0,-2000E
R87,704,1551,100,15,0,-2000E
R88,702,1551,100,15,0,-1920E
R89,700,1551,100,15,0,-1920E
R90,697,1552,100,15,0,-1920E
R91,695,1552,100,15,0,-1750E
R92,693,1552,100,15,0,-1750E
R93,691,1553,100,15,0,-1750E
R94,688,1553,100,15,0,-1630E
R95,687,1553,94,15,0,-1630E
R96,685,1554,84,15,0,-1630E
R97,683,1554,81,15,0,-1440E
R98,682,1555,80,15,0,-1440E
R99,681,1556,80,15,0,-1440E
R100,679,1557,80,15,0,-1220E
R101,678,1559,80,15,0,-1220E
R102,676,1561,80,15,0,-1220E
R103,674,1563,80,15,0,-1070E
R104,673,1565,80,19,0,-1070E
R105,672,1566,80,20,0,-1070E
R106,671,1568,80,20,0,-980E
R107,670,1570,80,20,0,-980E
R108,669,1573,80,20,0,-980E
R109,668,1575,80,20,0,-860E
R110,667,1579,80,20,0,-860E
R111,666,1582,80,20,0,-860E
R112,665,1585,80,20,0,-780E
R113,665,1589,80,20,0,-780E
R114,665,1592,80,20,0,-780E
R115,664,1594,80,20,0,-620E
R116,664,1598,80,20,0,-620E
R117,663,1601,80,20,0,-620E
R118,663,1603,80,20,0,-500E
R119,663,1607,80,20,0,-500E
R120,663,1609,80,20,0,-500E
R121,662,1611,80,20,0,-400E
R122,662,1613,80,20,0,-400E
R123,662,1615,80,20,0,-400E
R124,662,1617,80,19,0,-290E
R125,661,1619,80,20,0,-290E
R126,661,1622,80,20,0,-290E
R127,661,1625,80,19,0,-260E
R128,661,1626,80,20,0,-260E
R129,661,1627,80,20,0,-260E
R130,661,1629,80,20,0,-200E
R131,661,1631,80,20,0,-200E
R132,661,1632,80,20,0,-200E
R133,661,1635,80,20,0,-150E
R134,661,1635,80,20,0,-150E
R135,661,1636,80,20,0,-150E
R136,661,1637,80,20,0,-120E
R137,661,1638,80,20,0,-120E
R138,662,1640,80,20,0,-120E
R139,662,1642,80,20,0,-50E
R140,662,1643,80,20,0,-50E
R141,663,1645,80,20,0,-50E
R142,663,1647,80,20,0,0E
R143,664,1648,80,20,0,0E
R144,664,1649,80,20,0,0E
R145,665,1650,80,20,0,80E
R146,665,1650,80,20,0,80E
R147,666,1652,80,20,0,80E
R148,667,1652,80,20,0,100E
R149,667,1653,80,20,0,100E
R150,668,1655,80,20,0,100E
R151,668,1655,80,20,0,160E
R152,669,1657,80,20,0,160E
R153,669,1658,80,20,0,160E
R154,669,1658,80,20,0,170E
R155,670,1660,80,20,0,170E
R156,671,1660,80,20,0,170E
R157,672,1661,80,20,0,240E
R158,673,1663,80,20,0,240E
R159,674,1664,80,20,0,240E
R160,675,1664,80,20,0,310E
R161,676,1665,80,20,0,310E
R162,677,1666,80,20,0,310E
R163,678,1666,80,20,0,370E
R164,679,1667,80,20,0,370E
R165,679,1667,80,20,0,370E
R166,680,1668,80,20,0,380E
R167,681,1669,80,20,0,380E
R168,682,1670,80,20,0,380E
R169,683,1671,80,20,0,420E
R170,684,1672,80,20,0,420E
R171,685,1673,80,20,0,420E
R172,687,1674,80,20,0,490E
R173,688,1675,80,20,0,490E
R174,689,1675,80,20,0,490E
R175,691,1675,80,20,0,550E
R176,693,1675,80,20,0,550E
R177,694,1675,80,20,0,550E
R178,695,1677,80,20,0,600E
R179,696,1678,80,20,0,600E
R180,697,1679,80,20,0,600E
R181,698,1680,80,20,0,600E
R182,699,1681,80,20,0,600E
R183,700,1682,80,20,0,600E
R184,701,1683,80,20,0,600E
R185,703,1683,80,20,0,600E
R186,703,1683,80,20,0,600E
R187,705,1684,80,20,0,630E
R188,706,1685,80,20,0,630E
R189,708,1686,80,19,0,630E
R190,709,1687,80,20,0,650E
R191,710,1687,80,20,0,650E
R192,712,1688,80,20,0,650E
R193,713,1688,80,20,0,670E
R194,714,1688,80,20,0,670E
R195,715,1689,80,20,0,670E
R196,717,1691,80,20,0,690E
R197,718,1692,80,20,0,690E
R198,719,1693,80,20,0,690E
R199,721,1693,80,20,0,700E
R200,722,1693,80,20,0,700E
R201,723,1694,80,20,0,700E
R202,724,1695,80,20,0,690E
R203,725,1696,80,20,0,690E
R204,727,1697,80,20,0,690E
R205,728,1697,80,20,0,700E
R206,729,1698,80,20,0,700E
R207,730,1699,80,20,0,700E
R208,731,1700,80,20,0,690E
R209,732,1700,80,20,0,690E
R210,733,1701,80,20,0,690E
R211,735,1701,80,20,0,700E
R212,736,1702,80,20,0,700E
R213,737,1702,80,20,0,700E
R214,739,1702,80,20,0,690E
R215,740,1703,80,20,0,690E
R216,741,1704,80,20,0,690E
R217,742,1704,80,20,0,700E
R218,744,1706,80,20,0,700E
R219,745,1706,80,20,0,700E
R220,746,1706,80,20,0,710E
R221,747,1707,80,20,0,710E
R222,749,1707,80,20,0,710E
R223,750,1708,80,20,0,720E
R224,751,1708,80,20,0,720E
R225,753,1708,80,20,0,720E
R226,754,1709,80,20,0,730E
R227,755,1709,80,20,0,730E
R228,757,1710,80,20,0,730E
R229,758,1711,80,20,0,740E
R230,759,1711,80,20,0,740E
R231,761,1712,80,20,0,740E
R232,762,1714,80,20,0,740E
R233,764,1714,80,20,0,740E
R234,765,1715,80,20,0,740E
R235,767,1716,80,20,0,770E
R236,768,1716,80,20,0,770E
R237,770,1717,80,20,0,770E
R238,772,1718,80,20,0,790E
R239,773,1719,80,20,0,790E
R240,775,1720,80,20,0,790E
R241,776,1721,80,20,0,790E
R242,778,1721,80,20,0,790E
R243,779,1722,80,20,0,790E
R244,780,1723,80,20,0,790E
R245,782,1723,80,20,0,790E
R246,783,1723,80,20,0,790E
R247,784,1724,80,20,0,790E
R248,785,1724,80,20,0,790E
R249,787,1725,80,20,0,790E
R250,788,1726,80,20,0,790E
R251,789,1727,80,19,0,790E
R252,791,1728,80,20,0,790E
R253,792,1728,80,20,0,790E
R254,793,1728,80,20,0,790E
R255,795,1729,80,20,0,790E
R256,796,1730,80,20,0,790E
R257,798,1731,80,20,0,790E
R258,799,1732,80,20,0,790E
R259,800,1732,80,20,0,790E
R260,801,1733,80,20,0,790E
R261,803,1734,80,20,0,790E
R262,804,1735,80,20,0,790E
R263,805,1735,80,20,0,790E
R264,807,1736,80,20,0,790E
R265,808,1736,80,20,0,790E
R266,810,1737,80,20,0,790E
R267,811,1737,80,20,0,790E
R268,811,1737,80,20,0,780E
R269,813,1739,80,20,0,780E
R270,814,1739,80,20,0,780E
R271,816,1739,80,20,0,800E
R272,817,1740,80,20,0,800E
R273,819,1741,80,20,0,800E
R274,820,1742,80,20,0,800E
R275,821,1743,80,20,0,800E
R276,823,1744,80,20,0,800E
R277,824,1745,80,20,0,800E
R278,825,1746,80,20,0,800E
R279,826,1746,80,20,0,800E
R280,828,1746,80,20,0,800E
R281,829,1747,80,20,0,800E
R282,831,1747,80,20,0,800E
R283,832,1747,80,20,0,800E
R284,833,1748,80,20,0,800E
R285,834,1748,80,20,0,800E
R286,836,1748,80,20,0,800E
R287,837,1748,80,20,0,800E
R288,839,1748,80,20,0,800E
R289,840,1750,80,20,0,800E
R290,842,1750,80,20,0,800E
R291,843,1751,80,20,0,800E
R292,845,1751,80,20,0,810E
R293,847,1751,80,20,0,810E
R294,848,1752,80,20,0,810E
R295,849,1752,80,20,0,800E
R296,850,1752,80,20,0,800E
R297,852,1752,80,20,0,800E
R298,853,1753,80,20,0,800E
R299,854,1754,80,20,0,800E
R300,856,1755,80,20,0,800E
R301,857,1755,80,20,0,800E
R302,858,1756,80,20,0,800E
R303,860,1757,80,20,0,800E
R304,860,1757,80,20,0,790E
R305,861,1758,80,20,0,790E
R306,863,1759,80,20,0,790E
R307,864,1759,80,20,0,790E
R308,865,1760,80,20,0,790E
R309,867,1760,80,20,0,790E
R310,868,1761,80,20,0,790E
R311,869,1761,80,20,0,790E
R312,870,1762,80,20,0,790E
R313,871,1763,80,20,0,780E
R314,873,1764,80,20,0,780E
R315,874,1764,80,20,0,780E
R316,875,1765,80,20,0,780E
R317,876,1766,80,20,0,780E
R318,878,1766,80,20,0,780E
R319,879,1766,80,20,0,780E
R320,880,1768,80,20,0,780E
R321,881,1768,80,20,0,780E
R322,882,1769,80,20,0,770E
R323,884,1769,80,20,0,770E
R324,885,1770,80,20,0,770E
R325,886,1770,80,20,0,780E
R326,888,1771,80,20,0,780E
R327,889,1771,80,20,0,780E
R328,891,1771,80,20,0,790E
R329,892,1773,80,20,0,790E
R330,893,1773,80,20,0,790E
R331,895,1774,80,20,0,790E
R332,896,1775,80,20,0,790E
R333,896,1775,80,19,0,790E
R334,898,1775,80,20,0,780E
R335,899,1776,80,20,0,780E
R336,900,1776,80,20,0,780E
R337,901,1778,80,20,0,760E
R338,902,1778,80,20,0,760E
R339,904,1779,80,20,0,760E
R340,905,1780,80,20,0,770E
R341,906,1780,80,20,0,770E
R342,907,1781,80,20,0,770E
R343,909,1782,80,20,0,770E
R344,910,1782,80,20,0,770E
R345,911,1783,80,20,0,770E
R346,912,1784,80,20,0,760E
R347,914,1784,80,20,0,760E
R348,915,1784,80,20,0,760E
R349,916,1784,80,20,0,760E
R350,917,1784,80,20,0,760E
R351,918,1785,80,20,0,760E
R352,920,1785,80,20,0,760E
R353,920,1786,80,20,0,760E
R354,922,1786,80,20,0,760E
R355,923,1786,80,20,0,750E
R356,924,1786,80,20,0,750E
R357,926,1787,80,20,0,750E
R358,927,1787,80,20,0,750E
R359,928,1788,80,20,0,750E
R360,929,1789,80,20,0,750E
R361,931,1789,80,20,0,760E
R362,932,1790,80,20,0,760E
R363,934,1791,80,20,0,760E
R364,935,1791,80,20,0,760E
R365,937,1792,80,20,0,760E
R366,938,1792,80,20,0,760E
R367,939,1792,80,20,0,760E
R368,940,1793,80,20,0,760E
R369,942,1793,80,19,0,760E
R370,943,1793,80,20,0,760E
R371,944,1795,80,20,0,760E
R372,945,1795,80,20,0,760E
R373,946,1795,80,20,0,750E
R374,947,1796,80,20,0,750E
R375,949,1796,80,20,0,750E
R376,950,1796,80,20,0,760E
R377,952,1797,80,20,0,760E
R378,953,1798,80,20,0,760E
R379,954,1798,80,20,0,760E
R380,955,1799,80,20,0,760E
R381,957,1799,80,20,0,760E
R382,958,1799,80,20,0,760E
R383,959,1800,80,20,0,760E
R384,960,1800,80,20,0,760E
R385,962,1801,80,20,0,760E
R386,963,1802,80,20,0,760E
R387,964,1803,80,20,0,760E
R388,965,1804,80,20,0,750E
R389,967,1804,80,20,0,750E
R390,968,1804,80,20,0,750E
R391,969,1805,80,20,0,760E
R392,970,1805,80,19,0,760E
R393,971,1805,80,20,0,760E
R394,972,1807,80,20,0,750E
R395,973,1807,80,20,0,750E
R396,974,1808,80,20,0,750E
R397,975,1810,80,20,0,730E
R398,976,1810,80,20,0,730E
R399,977,1810,80,20,0,730E
R400,978,1811,80,20,0,720E
R401,980,1811,80,20,0,720E
R402,981,1812,80,20,0,720E
R403,982,1812,80,20,0,730E
R404,983,1812,80,20,0,730E
R405,985,1813,80,20,0,730E
R406,986,1814,80,20,0,730E
R407,987,1814,80,20,0,730E
R408,988,1815,80,20,0,730E
R409,989,1816,80,20,0,720E
R410,990,1816,80,20,0,720E
R411,991,1817,80,20,0,720E
R412,993,1817,80,20,0,730E
R413,994,1817,80,20,0,730E
R414,995,1817,80,20,0,730E
R415,996,1817,80,20,0,720E
R416,997,1817,80,20,0,720E
R417,999,1818,80,20,0,720E
R418,1000,1818,80,20,0,730E
R419,1001,1819,80,20,0,730E
R420,1003,1819,80,20,0,730E
R421,1004,1819,80,20,0,730E
R422,1005,1820,80,20,0,730E
R423,1006,1820,80,20,0,730E
R424,1007,1820,80,20,0,720E
R425,1009,1821,80,20,0,720E
R426,1010,1821,80,20,0,720E
R427,1010,1822,80,20,0,710E
R428,1012,1823,80,20,0,710E
R429,1013,1823,80,20,0,710E
R430,1014,1824,80,20,0,720E
R431,1015,1825,80,20,0,720E
R432,1016,1825,80,20,0,720E
R433,1017,1825,80,20,0,710E
R434,1019,1826,80,20,0,710E
R435,1019,1826,80,20,0,710E
R436,1021,1827,80,20,0,710E
R437,1022,1827,80,20,0,710E
R438,1023,1827,80,20,0,710E
R439,1024,1828,80,20,0,700E
R440,1025,1828,80,20,0,700E
R441,1026,1828,80,20,0,700E
R442,1028,1830,80,20,0,690E
R443,1029,1830,80,20,0,690E
R444,1030,1831,80,20,0,690E
R445,1031,1832,80,20,0,700E
R446,1032,1832,80,20,0,700E
R447,1033,1832,80,20,0,700E
R448,1034,1833,80,20,0,690E
R449,1035,1833,80,20,0,690E
R450,1036,1834,80,20,0,690E
R451,1038,1834,80,20,0,700E
R452,1038,1834,80,20,0,700E
R453,1039,1834,80,20,0,700E
R454,1040,1836,80,20,0,670E
R455,1042,1837,80,20,0,670E
R456,1042,1838,80,20,0,670E
R457,1043,1838,80,20,0,670E
R458,1044,1838,80,20,0,670E
R459,1046,1839,80,20,0,670E
R460,1047,1839,80,20,0,680E
R461,1048,1839,80,20,0,680E
R462,1049,1840,80,20,0,680E
R463,1050,1840,80,20,0,670E
R464,1051,1840,80,20,0,670E
R465,1052,1840,80,20,0,670E
R466,1053,1840,80,20,0,660E
R467,1054,1840,80,20,0,660E
R468,1055,1841,80,20,0,660E
R469,1056,1841,80,20,0,660E
R470,1057,1842,80,20,0,660E
R471,1058,1843,80,20,0,660E
R472,1059,1843,80,20,0,650E
R473,1060,1843,80,20,0,650E
R474,1061,1844,80,20,0,650E
R475,1062,1844,80,20,0,650E
R476,1063,1844,80,20,0,650E
R477,1064,1845,80,20,0,650E
R478,1065,1846,80,20,0,640E
R479,1066,1847,80,20,0,640E
R480,1067,1847,80,20,0,640E
R481,1068,1847,80,20,0,640E
R482,1069,1848,80,20,0,640E
R483,1070,1848,80,20,0,640E
R484,1071,1849,80,20,0,630E
R485,1073,1850,80,20,0,630E
R486,1074,1850,80,20,0,630E
R487,1075,1851,80,20,0,650E
R488,1076,1852,80,20,0,650E
R489,1077,1852,80,20,0,650E
R490,1077,1853,80,20,0,630E
R491,1078,1853,80,20,0,630E
R492,1079,1853,80,20,0,630E
R493,1080,1854,80,20,0,620E
R494,1082,1855,80,20,0,620E
R495,1082,1855,80,20,0,620E
R496,1083,1856,80,20,0,620E
R497,1084,1857,80,20,0,620E
R498,1085,1857,80,20,0,620E
R499,1086,1857,80,20,0,620E
R500,1087,1857,80,20,0,620E
R501,1087,1857,80,20,0,620E
R502,1089,1857,80,20,0,620E
R503,1089,1857,80,20,0,620E
R504,1091,1857,80,20,0,620E
R505,1091,1858,80,20,0,600E
R506,1092,1858,80,20,0,600E
R507,1093,1859,80,20,0,600E
R508,1094,1859,80,20,0,600E
R509,1095,1859,80,20,0,600E
R510,1096,1860,80,20,0,600E
R511,1096,1860,80,20,0,580E
R512,1097,1860,80,20,0,580E
R513,1099,1860,80,20,0,580E
R514,1100,1860,80,20,0,600E
R515,1101,1860,80,20,0,600E
R516,1102,1862,80,20,0,600E
R517,1102,1862,80,20,0,580E
R518,1103,1862,80,20,0,580E
R519,1104,1863,80,20,0,580E
R520,1105,1864,80,20,0,580E
R521,1106,1864,80,20,0,580E
R522,1107,1865,80,20,0,580E
R523,1108,1865,80,20,0,580E
R524,1109,1865,80,20,0,580E
R525,1110,1866,80,20,0,580E
R526,1111,1866,80,20,0,590E
R527,1112,1866,80,20,0,590E
R528,1113,1866,80,20,0,590E
R529,1114,1866,80,20,0,590E
R530,1115,1867,80,20,0,590E
R531,1116,1867,80,20,0,590E
R532,1117,1868,80,20,0,590E
R533,1118,1868,80,20,0,590E
R534,1118,1869,80,20,0,590E
R535,1119,1869,80,20,0,570E
R536,1120,1869,80,20,0,570E
R537,1121,1870,80,20,0,570E
R538,1122,1870,80,20,0,580E
R539,1123,1871,80,20,0,580E
R540,1124,1871,80,20,0,580E
R541,1125,1872,80,20,0,580E
R542,1126,1873,80,20,0,580E
R543,1127,1873,80,20,0,580E
R544,1129,1873,80,20,0,590E
R545,1129,1873,80,20,0,590E
R546,1130,1873,80,20,0,590E
R547,1131,1874,80,20,0,580E
R548,1132,1874,80,20,0,580E
R549,1133,1874,80,20,0,580E
R550,1133,1875,80,20,0,560E
R551,1134,1875,80,20,0,560E
R552,1136,1876,80,20,0,560E
R553,1137,1877,80,20,0,580E
R554,1137,1877,80,20,0,580E
R555,1138,1877,80,20,0,580E
R556,1138,1878,80,20,0,540E
R557,1139,1879,80,20,0,540E
R558,1140,1880,80,20,0,540E
R559,1141,1880,80,20,0,550E
R560,1141,1880,80,20,0,550E
R561,1142,1881,80,20,0,550E
R562,1144,1881,80,20,0,550E
R563,1144,1881,80,20,0,550E
R564,1145,1882,80,20,0,550E
R565,1146,1883,80,20,0,540E
R566,1147,1884,80,20,0,540E
R567,1148,1884,80,20,0,540E
R568,1149,1884,80,20,0,540E
R569,1150,1884,80,20,0,540E
R570,1151,1884,80,20,0,540E
R571,1152,1884,80,20,0,550E
R572,1153,1884,80,20,0,550E
R573,1154,1885,80,20,0,550E
R574,1154,1885,80,20,0,530E
R575,1155,1885,80,20,0,530E
R576,1156,1886,80,20,0,530E
R577,1157,1886,80,20,0,540E
R578,1157,1886,80,20,0,540E
R579,1158,1887,80,20,0,540E
R580,1159,1887,80,20,0,530E
R581,1160,1888,80,20,0,530E
R582,1161,1888,80,20,0,530E
R583,1162,1888,80,20,0,530E
R584,1163,1889,80,20,0,530E
R585,1164,1889,80,20,0,530E
R586,1164,1889,80,20,0,520E
R587,1165,1890,80,20,0,520E
R588,1166,1890,80,20,0,520E
R589,1166,1890,80,20,0,510E
R590,1167,1891,80,20,0,510E
R591,1168,1891,80,20,0,510E
R592,1168,1892,80,20,0,500E
R593,1169,1892,80,20,0,500E
R594,1170,1892,80,20,0,500E
R595,1171,1893,80,20,0,510E
R596,1172,1893,80,20,0,510E
R597,1172,1893,80,20,0,510E
R598,1173,1894,80,20,0,490E
R599,1175,1895,80,20,0,490E
R600,1175,1895,80,20,0,490E
R601,1176,1896,80,20,0,500E
R602,1176,1896,80,20,0,500E
R603,1177,1896,80,20,0,500E
R604,1178,1897,80,20,0,490E
R605,1178,1897,80,20,0,490E
R606,1179,1897,80,20,0,490E
R607,1180,1897,80,20,0,480E
R608,1180,1897,80,20,0,480E
R609,1181,1897,80,20,0,480E
R610,1182,1898,80,20,0,480E
R611,1182,1898,80,20,0,480E
R612,1184,1899,80,20,0,480E
R613,1184,1900,80,20,0,470E
R614,1185,1900,80,20,0,470E
R615,1186,1902,80,20,0,470E
R616,1187,1902,80,20,0,480E
R617,1187,1903,80,20,0,480E
R618,1188,1903,80,20,0,480E
R619,1189,1904,80,20,0,470E
R620,1190,1904,80,20,0,470E
R621,1190,1905,80,20,0,470E
R622,1190,1905,80,20,0,450E
R623,1191,1905,80,20,0,450E
R624,1192,1907,80,20,0,450E
R625,1193,1907,80,20,0,460E
R626,1194,1907,80,20,0,460E
R627,1195,1908,80,20,0,460E
R628,1196,1908,80,20,0,450E
R629,1196,1908,80,20,0,450E
R630,1197,1909,80,20,0,450E
R631,1198,1909,80,20,0,470E
R632,1199,1910,80,20,0,470E
R633,1199,1910,80,20,0,470E
R634,1200,1910,80,20,0,460E
R635,1201,1910,80,20,0,460E
R636,1202,1911,80,20,0,460E
R637,1202,1911,80,20,0,450E
R638,1203,1911,80,20,0,450E
R639,1203,1912,80,20,0,450E
R640,1204,1912,80,20,0,450E
R641,1204,1912,80,20,0,450E
R642,1205,1912,80,20,0,450E
R643,1206,1913,80,20,0,440E
R644,1207,1913,80,20,0,440E
R645,1207,1913,80,20,0,440E
R646,1208,1913,80,20,0,440E
R647,1209,1914,80,20,0,440E
R648,1210,1914,80,20,0,440E
R649,1210,1914,80,20,0,440E
R650,1211,1915,80,20,0,440E
R651,1211,1915,80,20,0,440E
R652,1212,1915,80,20,0,430E
R653,1213,1916,80,20,0,430E
R654,1214,1917,80,20,0,430E
R655,1215,1918,80,20,0,440E
R656,1215,1918,80,20,0,440E
R657,1216,1918,80,20,0,440E
R658,1217,1919,80,20,0,440E
R659,1218,1919,80,20,0,440E
R660,1219,1919,80,20,0,440E
R661,1219,1920,80,20,0,440E
R662,1220,1920,80,20,0,440E
R663,1221,1920,80,20,0,440E
R664,1222,1920,80,20,0,450E
R665,1222,1920,80,20,0,450E
R666,1223,1920,80,20,0,450E
R667,1224,1921,80,20,0,440E
R668,1225,1921,80,20,0,440E
R669,1225,1921,80,20,0,440E
R670,1226,1921,80,20,0,440E
R671,1226,1921,80,20,0,440E
R672,1228,1921,80,20,0,440E
R673,1229,1922,80,20,0,450E
R674,1230,1923,80,20,0,450E
R675,1230,1924,80,20,0,450E
R676,1231,1924,80,20,0,450E
R677,1231,1924,80,20,0,450E
R678,1232,1925,80,20,0,450E
R679,1233,1925,80,20,0,440E
R680,1234,1926,80,20,0,440E
R681,1235,1927,80,20,0,440E
R682,1235,1927,80,20,0,440E
R683,1236,1928,80,20,0,440E
R684,1236,1928,80,20,0,440E
R685,1237,1928,80,20,0,440E
R686,1237,1928,80,20,0,440E
R687,1239,1929,80,20,0,440E
R688,1239,1929,80,20,0,430E
R689,1240,1929,80,20,0,430E
R690,1241,1929,80,20,0,430E
R691,1241,1929,80,20,0,430E
R692,1242,1930,80,20,0,430E
R693,1242,1930,80,20,0,430E
R694,1243,1930,80,19,0,430E
R695,1244,1931,80,20,0,430E
R696,1244,1932,80,20,0,430E
R697,1245,1932,80,20,0,430E
R698,1245,1933,80,20,0,430E
R699,1246,1933,80,20,0,430E
R700,1247,1934,80,20,0,420E
R701,1247,1934,80,20,0,420E
R702,1248,1934,80,20,0,420E
R703,1249,1935,80,20,0,420E
R704,1249,1935,80,20,0,420E
R705,1249,1935,80,20,0,420E
R706,1250,1936,80,20,0,410E
R707,1250,1936,80,20,0,410E
R708,1251,1936,80,20,0,410E
R709,1252,1937,80,19,0,410E
R710,1252,1937,80,20,0,410E
R711,1253,1937,80,20,0,410E
R712,1254,1938,80,20,0,410E
R713,1255,1939,80,20,0,410E
R714,1255,1939,80,20,0,410E
R715,1256,1939,80,19,0,410E
R716,1257,1939,80,20,0,410E
R717,1257,1939,80,20,0,410E
R718,1258,1940,80,22,0,410E
R719,1258,1940,80,22,0,410E
R720,1260,1940,80,23,0,410E
R721,1260,1940,80,23,0,400E
R722,1261,1941,80,23,0,400E
R723,1261,1942,80,27,0,400E
R724,1262,1944,80,26,0,400E
R725,1262,1945,80,26,0,400E
R726,1263,1947,80,25,0,400E
R727,1264,1949,80,25,0,400E
R728,1265,1952,80,25,0,400E
R729,1266,1955,80,25,0,400E
R730,1266,1958,80,25,0,400E
R731,1267,1961,80,25,0,400E
R732,1268,1963,80,25,0,400E
R733,1268,1966,80,25,0,400E
R734,1269,1968,80,25,0,400E
R735,1269,1970,80,25,0,400E
R736,1270,1972,80,25,0,400E
R737,1270,1974,80,25,0,400E
R738,1271,1977,80,25,0,400E
R739,1271,1979,80,25,0,390E
R740,1272,1981,80,25,0,390E
R741,1273,1983,80,25,0,390E
R742,1273,1985,80,25,0,390E
R743,1274,1987,80,25,0,390E
R744,1275,1988,80,25,0,390E
R745,1275,1990,80,25,0,390E
R746,1276,1991,80,25,0,390E
R747,1276,1992,80,25,0,390E
R748,1277,1993,80,25,0,390E
R749,1278,1994,80,25,0,390E
R750,1279,1995,80,25,0,390E
R751,1280,1997,80,25,0,400E
R752,1280,1998,80,25,0,400E
R753,1281,2000,80,25,0,400E
R754,1283,2001,80,25,0,410E
R755,1284,2002,80,25,0,410E
R756,1285,2003,80,25,0,410E
R757,1286,2004,80,25,0,420E
R758,1286,2006,80,25,0,420E
R759,1286,2007,80,25,0,420E
R760,1287,2008,80,25,0,410E
R761,1287,2009,80,25,0,410E
R762,1288,2009,80,25,0,410E
R763,1289,2010,80,25,0,410E
R764,1289,2011,80,25,0,410E
R765,1289,2011,80,25,0,410E
R766,1290,2012,80,25,0,390E
R767,1291,2012,80,25,0,390E
R768,1292,2013,80,25,0,390E
R769,1292,2014,80,25,0,390E
R770,1293,2014,80,25,0,390E
R771,1294,2015,80,25,0,390E
R772,1294,2017,80,25,0,390E
R773,1294,2018,80,25,0,390E
R774,1295,2019,80,25,0,390E
R775,1296,2020,80,25,0,390E
R776,1297,2020,80,25,0,390E
R777,1298,2021,80,25,0,390E
R778,1298,2022,80,25,0,390E
R779,1299,2023,80,25,0,390E
R780,1299,2024,80,25,0,390E
R781,1300,2024,80,25,0,390E
R782,1301,2024,80,25,0,390E
R783,1303,2025,80,25,0,390E
R784,1304,2025,80,25,0,420E
R785,1304,2026,80,25,0,420E
R786,1305,2027,80,25,0,420E
R787,1305,2027,80,25,0,400E
R788,1306,2028,80,25,0,400E
R789,1306,2028,80,25,0,400E
R790,1307,2028,80,25,0,400E
R791,1307,2030,80,25,0,400E
R792,1308,2030,80,25,0,400E
R793,1308,2030,80,25,0,380E
R794,1309,2031,80,25,0,380E
R795,1310,2031,80,25,0,380E
R796,1311,2031,80,25,0,400E
R797,1311,2031,80,25,0,400E
R798,1312,2031,80,25,0,400E
R799,1313,2031,80,25,0,400E
R800,1313,2032,80,25,0,400E
R801,1314,2033,80,25,0,400E
R802,1315,2034,80,25,0,400E
R803,1315,2035,80,25,0,400E
R804,1316,2036,80,25,0,400E
R805,1317,2037,80,25,0,400E
R806,1317,2038,80,25,0,400E
R807,1318,2039,80,25,0,400E
R808,1319,2040,80,25,0,400E
R809,1319,2041,80,25,0,400E
R810,1320,2041,80,25,0,400E
R811,1321,2042,80,25,0,400E
R812,1322,2042,80,25,0,400E
R813,1322,2042,80,25,0,400E
R814,1323,2042,80,25,0,400E
R815,1324,2043,80,25,0,400E
R816,1324,2043,80,25,0,400E
R817,1325,2043,80,25,0,400E
R818,1325,2043,80,25,0,400E
R819,1326,2044,80,25,0,400E
R820,1327,2045,80,25,0,400E
R821,1328,2045,80,25,0,400E
R822,1328,2046,80,25,0,400E
R823,1330,2046,80,25,0,410E
R824,1330,2047,80,25,0,410E
R825,1331,2048,80,25,0,410E
R826,1332,2049,80,25,0,410E
R827,1332,2049,80,25,0,410E
R828,1333,2050,80,25,0,410E
R829,1334,2050,80,25,0,410E
R830,1335,2050,80,25,0,410E
R831,1336,2051,80,25,0,410E
R832,1336,2052,80,25,0,410E
R833,1336,2052,80,25,0,410E
R834,1338,2053,80,25,0,410E
R835,1338,2054,80,25,0,410E
R836,1339,2054,80,25,0,410E
R837,1340,2055,80,25,0,410E
R838,1341,2055,80,25,0,410E
R839,1341,2055,80,25,0,410E
R840,1342,2055,80,25,0,410E
R841,1342,2055,80,25,0,410E
R842,1342,2056,80,25,0,410E
R843,1343,2057,80,25,0,410E
R844,1344,2057,80,25,0,400E
R845,1344,2057,80,25,0,400E
R846,1346,2058,80,25,0,400E
R847,1346,2059,80,25,0,400E
R848,1347,2060,80,25,0,400E
R849,1347,2061,80,25,0,400E
R850,1348,2061,80,25,0,400E
R851,1348,2062,80,25,0,400E
R852,1349,2062,80,25,0,400E
R853,1350,2062,80,25,0,400E
R854,1350,2062,80,25,0,400E
R855,1351,2062,80,25,0,400E
R856,1351,2062,80,25,0,390E
R857,1352,2063,80,25,0,390E
R858,1352,2064,80,25,0,390E
R859,1354,2064,80,25,0,390E
R860,1354,2064,80,25,0,390E
R861,1355,2065,80,25,0,390E
R862,1356,2066,80,25,0,400E
R863,1356,2067,80,25,0,400E
R864,1357,2067,80,25,0,400E
R865,1357,2068,80,25,0,390E
R866,1358,2069,80,25,0,390E
R867,1359,2069,80,25,0,390E
R868,1359,2069,80,25,0,390E
R869,1360,2069,80,25,0,390E
R870,1361,2069,80,25,0,390E
R871,1362,2071,80,25,0,390E
R872,1362,2071,80,25,0,390E
R873,1363,2072,80,25,0,390E
R874,1363,2073,80,25,0,390E
R875,1364,2073,80,25,0,390E
R876,1365,2074,80,25,0,390E
R877,1366,2074,80,25,0,400E
R878,1366,2074,80,25,0,400E
R879,1367,2074,80,25,0,400E
R880,1368,2075,80,25,0,400E
R881,1369,2075,80,25,0,400E
R882,1369,2076,80,25,0,400E
R883,1370,2077,80,25,0,400E
R884,1370,2077,80,25,0,400E
R885,1371,2077,80,25,0,400E
R886,1372,2077,80,25,0,400E
R887,1372,2078,80,25,0,400E
R888,1373,2079,80,25,0,400E
R889,1374,2079,80,25,0,400E
R890,1375,2079,80,25,0,400E
R891,1376,2079,80,25,0,400E
R892,1376,2079,80,25,0,400E
R893,1377,2080,80,25,0,400E
R894,1378,2081,80,25,0,400E
R895,1378,2081,80,25,0,400E
R896,1379,2082,80,25,0,400E
R897,1380,2082,80,25,0,400E
R898,1380,2082,80,25,0,400E
R899,1381,2083,80,25,0,400E
R900,1382,2084,80,25,0,400E
R901,1382,2084,80,25,0,400E
R902,1383,2085,80,25,0,400E
R903,1383,2087,80,25,0,400E
R904,1384,2087,80,25,0,400E
R905,1384,2088,80,25,0,400E
R906,1385,2089,80,25,0,400E
R907,1386,2089,80,25,0,400E
R908,1387,2090,80,25,0,400E
R909,1387,2090,80,25,0,400E
R910,1388,2090,80,25,0,400E
R911,1389,2090,80,25,0,400E
R912,1389,2090,80,25,0,400E
R913,1390,2090,80,25,0,400E
R914,1390,2091,80,25,0,400E
R915,1391,2091,80,25,0,400E
R916,1392,2091,80,25,0,400E
R917,1392,2093,80,25,0,400E
R918,1393,2093,80,25,0,400E
R919,1394,2093,80,25,0,400E
R920,1394,2093,80,25,0,400E
R921,1394,2094,80,25,0,400E
R922,1395,2095,80,25,0,390E
R923,1395,2095,80,25,0,390E
R924,1396,2096,80,25,0,390E
R925,1397,2096,80,25,0,390E
R926,1397,2096,80,25,0,390E
R927,1398,2096,80,25,0,390E
R928,1399,2098,80,25,0,390E
R929,1399,2098,80,25,0,390E
R930,1400,2099,80,25,0,390E
R931,1401,2099,80,25,0,390E
R932,1401,2099,80,0,0,390E
R933,1402,2099,80,0,0,390E
R934,1402,2099,80,0,0,390E
R935,1404,2093,80,0,0,390E
R936,1404,2088,80,0,0,390E
R937,1405,2081,80,0,0,390E
R938,1406,2072,80,0,0,390E
R939,1407,2066,80,0,0,390E
R940,1407,2057,80,0,0,390E
R941,1407,2049,80,0,0,390E
R942,1408,2044,80,0,0,390E
R943,1408,2037,80,0,0,390E
R944,1409,2031,80,0,0,390E
R945,1410,2025,80,0,0,390E
R946,1410,2019,80,0,0,390E
R947,1410,2014,80,0,0,390E
R948,1411,2010,80,0,0,390E
R949,1412,2005,80,0,0,390E
R950,1412,2000,80,0,0,390E
R951,1413,1997,80,0,0,390E
R952,1413,1992,80,0,0,380E
R953,1414,1988,80,0,0,380E
R954,1414,1982,80,0,0,380E
R955,1415,1971,80,0,0,380E
R956,1415,1935,80,0,0,380E
R957,1416,1908,80,0,0,380E
R958,1416,1898,80,0,0,370E
R959,1417,1863,80,0,0,370E
R960,1417,1854,80,0,0,370E
R961,1417,1829,80,0,0,360E
R962,1418,1818,80,0,0,360E
R963,1418,1791,80,0,0,360E
R964,1418,1768,80,0,0,350E
R965,1418,1759,80,0,0,350E
R966,1418,1738,80,0,0,350E
R967,1419,1726,80,0,0,340E
R968,1419,1711,80,0,0,340E
R969,1419,1691,80,0,0,340E
R970,1419,1680,80,0,0,310E
R971,1419,1666,80,0,0,310E
R972,1419,1654,80,0,0,310E
R973,1420,1643,80,0,0,300E
R974,1420,1629,80,0,0,300E
R975,1420,1619,80,0,0,300E
R976,1420,1608,80,0,0,270E
R977,1420,1596,80,0,0,270E
R978,1420,1585,80,0,0,270E
R979,1420,1576,80,0,0,250E
R980,1420,1566,80,0,0,250E
R981,1421,1558,80,0,0,250E
R982,1421,1547,80,0,0,240E
R983,1421,1540,80,0,0,240E
R984,1421,1533,80,0,0,240E
R985,1421,1523,80,0,0,210E
R986,1421,1515,80,0,0,210E
R987,1421,1509,80,0,0,210E
R988,1421,1501,80,0,0,190E
R989,1421,1495,80,0,0,190E
R990,1421,1489,80,0,0,190E
R991,1421,1481,80,0,0,160E
R992,1421,1475,80,0,0,160E
R993,1421,1469,80,0,0,160E
R994,1421,1463,80,0,0,140E
R995,1421,1458,80,0,0,140E
R996,1421,1452,80,0,0,140E
R997,1421,1447,80,0,0,120E
R998,1421,1443,80,0,0,120E
R999,1421,1436,80,0,0,120E
R1000,1421,1432,80,0,0,100E
R1001,1421,1428,80,0,0,100E
R1002,1421,1423,80,0,0,100E
R1003,1421,1419,80,0,0,90E
R1004,1421,1415,80,0,0,90E
R1005,1421,1410,80,0,0,90E
R1006,1421,1406,80,0,0,80E
R1007,1421,1403,80,0,0,80E
R1008,1421,1399,80,0,0,80E
R1009,1420,1396,80,0,0,40E
R1010,1420,1391,80,0,0,40E
R1011,1420,1388,80,0,0,40E
R1012,1419,1385,80,0,0,10E
R1013,1419,1381,80,0,0,10E
R1014,1418,1377,80,0,0,10E
R1015,1418,1374,80,0,0,-10E
R1016,1417,1371,80,0,0,-10E
R1017,1417,1368,80,0,0,-10E
R1018,1417,1365,80,0,0,-40E
R1019,1416,1361,80,0,0,-40E
R1020,1416,1359,80,0,0,-40E
R1021,1416,1356,80,0,0,-60E
R1022,1415,1353,80,0,0,-60E
R1023,1415,1350,80,0,0,-60E
R1024,1414,1348,80,0,0,-110E
R1025,1413,1345,80,0,0,-110E
R1026,1413,1343,80,0,0,-110E
R1027,1412,1339,80,0,0,-120E
R1028,1412,1337,80,0,0,-120E
R1029,1412,1335,80,0,0,-120E
R1030,1411,1332,80,0,0,-170E
R1031,1411,1330,80,0,0,-170E
R1032,1411,1328,80,0,0,-170E
R1033,1410,1325,80,0,0,-170E
R1034,1410,1323,80,0,0,-170E
R1035,1409,1320,80,0,0,-170E
R1036,1409,1318,80,0,0,-170E
R1037,1409,1316,80,0,0,-170E
R1038,1408,1314,80,0,0,-170E
R1039,1408,1312,80,0,0,-180E
R1040,1407,1310,80,0,0,-180E
R1041,1407,1307,80,0,0,-180E
R1042,1407,1305,80,0,0,-180E
R1043,1406,1304,80,0,0,-180E
R1044,1405,1301,80,0,0,-180E
R1045,1405,1299,80,0,0,-200E
R1046,1405,1298,80,0,0,-200E
R1047,1404,1295,80,0,0,-200E
R1048,1403,1293,80,0,0,-220E
R1049,1403,1291,80,0,0,-220E
R1050,1402,1289,80,0,0,-220E
R1051,1402,1287,80,0,0,-220E
R1052,1402,1286,80,0,0,-220E
R1053,1401,1284,80,0,0,-220E
R1054,1400,1282,80,0,0,-240E
R1055,1400,1280,80,0,0,-240E
R1056,1399,1278,80,0,0,-240E
R1057,1399,1277,80,0,0,-230E
R1058,1399,1275,80,0,0,-230E
R1059,1398,1273,80,0,0,-230E
R1060,1397,1271,80,0,0,-230E
R1061,1397,1269,80,0,0,-230E
R1062,1397,1268,80,0,0,-230E
R1063,1396,1266,80,0,0,-250E
R1064,1396,1264,80,0,0,-250E
R1065,1395,1263,80,0,0,-250E
R1066,1395,1262,80,0,0,-240E
R1067,1395,1260,80,0,0,-240E
R1068,1394,1258,80,0,0,-240E
R1069,1393,1257,80,0,0,-260E
R1070,1393,1255,80,0,0,-260E
R1071,1392,1254,80,0,0,-260E
R1072,1392,1252,80,0,0,-250E
R1073,1392,1250,80,0,0,-250E
R1074,1391,1249,80,0,0,-250E
R1075,1391,1247,80,0,0,-240E
R1076,1390,1246,80,0,0,-240E
R1077,1390,1244,80,0,0,-240E
R1078,1389,1243,80,0,0,-260E
R1079,1388,1242,80,0,0,-260E
R1080,1387,1240,80,0,0,-260E
R1081,1387,1238,80,0,0,-270E
R1082,1386,1237,80,0,0,-270E
R1083,1386,1235,80,0,0,-270E
R1084,1385,1234,80,0,0,-280E
R1085,1385,1233,80,0,0,-280E
R1086,1385,1231,80,0,0,-280E
R1087,1384,1229,80,0,0,-280E
R1088,1384,1227,80,0,0,-280E
R1089,1383,1226,80,0,0,-280E
R1090,1383,1224,80,0,0,-270E
R1091,1383,1223,80,0,0,-270E
R1092,1382,1222,80,0,0,-270E
R1093,1381,1221,80,0,0,-280E
R1094,1381,1219,80,0,0,-280E
R1095,1380,1218,80,0,0,-280E
R1096,1380,1217,80,0,0,-270E
R1097,1379,1215,80,0,0,-270E
R1098,1379,1214,80,0,0,-270E
R1099,1378,1213,80,0,0,-280E
R1100,1378,1212,80,0,0,-280E
R1101,1376,1211,80,0,0,-280E
R1102,1376,1209,80,0,0,-290E
R1103,1376,1208,80,0,0,-290E
R1104,1375,1206,80,0,0,-290E
R1105,1375,1205,80,0,0,-280E
R1106,1374,1204,80,0,0,-280E
R1107,1374,1202,80,0,0,-280E
R1108,1373,1201,80,0,0,-300E
R1109,1373,1200,80,0,0,-300E
R1110,1373,1199,80,0,0,-300E
R1111,1372,1197,80,0,0,-290E
R1112,1372,1196,80,0,0,-290E
R1113,1371,1195,80,0,0,-290E
R1114,1371,1194,80,0,0,-280E
R1115,1370,1193,80,0,0,-280E
R1116,1370,1191,80,0,0,-280E
R1117,1370,1190,80,0,0,-270E
R1118,1369,1189,80,0,0,-270E
R1119,1368,1188,80,0,0,-270E
R1120,1368,1187,80,0,0,-280E
R1121,1367,1185,80,0,0,-280E
R1122,1366,1184,80,0,0,-280E
R1123,1366,1183,80,0,0,-290E
R1124,1366,1182,80,0,0,-290E
R1125,1365,1181,80,0,0,-290E
R1126,1365,1180,80,0,0,-280E
R1127,1364,1179,80,0,0,-280E
R1128,1363,1178,80,0,0,-280E
R1129,1363,1177,80,0,0,-290E
R1130,1362,1176,80,0,0,-290E
R1131,1362,1174,80,0,0,-290E
R1132,1361,1173,80,0,0,-300E
R1133,1360,1172,80,0,0,-300E
R1134,1360,1171,80,0,0,-300E
R1135,1359,1171,80,0,0,-310E
R1136,1359,1169,80,0,0,-310E
R1137,1359,1169,80,0,0,-310E
R1138,1358,1167,80,0,0,-300E
R1139,1357,1166,80,0,0,-300E
R1140,1357,1165,80,0,0,-300E
R1141,1356,1164,80,0,0,-310E
R1142,1355,1162,80,0,0,-310E
R1143,1355,1162,80,0,0,-310E
R1144,1354,1160,80,0,0,-320E
R1145,1354,1159,80,0,0,-320E
R1146,1353,1158,80,0,0,-320E
R1147,1353,1157,80,0,0,-310E
R1148,1352,1156,80,0,0,-310E
R1149,1352,1155,80,0,0,-310E
R1150,1351,1154,80,0,0,-310E
R1151,1351,1153,80,0,0,-310E
R1152,1350,1152,80,0,0,-310E
R1153,1350,1151,80,0,0,-300E
R1154,1350,1150,80,0,0,-300E
R1155,1349,1149,80,0,0,-300E
R1156,1349,1148,80,0,0,-290E
R1157,1348,1147,80,0,0,-290E
R1158,1347,1146,80,0,0,-290E
R1159,1347,1145,80,0,0,-300E
R1160,1346,1144,80,0,0,-300E
R1161,1346,1143,80,0,0,-300E
R1162,1345,1143,80,0,0,-310E
R1163,1345,1142,80,0,0,-310E
R1164,1344,1141,80,0,0,-310E
R1165,1344,1140,80,0,0,-300E
R1166,1343,1140,80,0,0,-300E
R1167,1343,1138,80,0,0,-300E
R1168,1343,1138,80,0,0,-290E
R1169,1342,1137,80,0,0,-290E
R1170,1342,1135,80,0,0,-290E
R1171,1342,1135,80,0,0,-280E
R1172,1341,1134,80,0,0,-280E
R1173,1340,1133,80,0,0,-280E
R1174,1340,1133,80,0,0,-290E
R1175,1339,1132,80,0,0,-290E
R1176,1339,1131,80,0,0,-290E
R1177,1338,1130,80,0,0,-300E
R1178,1338,1129,80,0,0,-300E
R1179,1336,1128,80,0,0,-300E
R1180,1336,1127,80,0,0,-310E
R1181,1336,1126,80,0,0,-310E
R1182,1335,1125,80,0,0,-310E
R1183,1335,1125,80,0,0,-300E
R1184,1334,1124,80,0,0,-300E
R1185,1333,1123,80,0,0,-300E
R1186,1333,1122,80,0,0,-310E
R1187,1332,1121,80,0,0,-310E
R1188,1331,1120,80,0,0,-310E
R1189,1331,1120,80,0,0,-320E
R1190,1331,1118,80,0,0,-320E
R1191,1330,1118,80,0,0,-320E
R1192,1330,1117,80,0,0,-310E
R1193,1329,1116,80,0,0,-310E
R1194,1329,1116,80,0,0,-310E
R1195,1328,1115,80,0,0,-310E
R1196,1328,1114,80,0,0,-310E
R1197,1328,1113,80,0,0,-310E
R1198,1327,1112,80,0,0,-300E
R1199,1327,1112,80,0,0,-300E
R1200,1326,1111,80,0,0,-300E
R1201,1326,1110,80,0,0,-290E
R1202,1325,1109,80,0,0,-290E
R1203,1325,1108,80,0,0,-290E
R1204,1324,1107,80,0,0,-300E
R1205,1323,1106,80,0,0,-300E
R1206,1323,1105,80,0,0,-300E
R1207,1322,1104,80,0,0,-310E
R1208,1322,1104,80,0,0,-310E
R1209,1321,1103,80,0,0,-310E
R1210,1321,1102,80,0,0,-300E
R1211,1320,1101,80,0,0,-300E
R1212,1320,1100,80,0,0,-300E
R1213,1319,1099,80,0,0,-310E
R1214,1319,1099,80,0,0,-310E
R1215,1318,1098,80,0,0,-310E
R1216,1318,1097,80,0,0,-300E
R1217,1317,1097,80,0,0,-300E
R1218,1317,1096,80,0,0,-300E
R1219,1316,1095,80,0,0,-310E
R1220,1316,1094,80,0,0,-310E
R1221,1315,1093,80,0,0,-310E
R1222,1315,1092,80,0,0,-300E
R1223,1314,1091,80,0,0,-300E
R1224,1314,1090,80,0,0,-300E
R1225,1313,1090,80,0,0,-310E
R1226,1312,1089,80,0,0,-310E
R1227,1312,1088,80,0,0,-310E
R1228,1312,1087,80,0,0,-300E
R1229,1312,1086,80,0,0,-300E
R1230,1312,1086,80,0,0,-300E
R1231,1311,1085,80,0,0,-290E
R1232,1311,1084,80,0,0,-290E
R1233,1310,1083,80,0,0,-290E
R1234,1310,1083,80,0,0,-280E
R1235,1309,1082,80,0,0,-280E
R1236,1309,1081,80,0,0,-280E
R1237,1308,1080,80,0,0,-290E
R1238,1308,1079,80,0,0,-290E
R1239,1307,1078,80,0,0,-290E
R1240,1307,1078,80,0,0,-280E
R1241,1306,1077,80,0,0,-280E
R1242,1305,1076,80,0,0,-280E
R1243,1305,1076,80,0,0,-290E
R1244,1305,1075,80,0,0,-290E
R1245,1304,1074,80,0,0,-290E
R1246,1304,1074,80,0,0,-280E
R1247,1303,1073,80,0,0,-280E
R1248,1303,1072,80,0,0,-280E
R1249,1302,1071,80,0,0,-290E
R1250,1302,1070,80,0,0,-290E
R1251,1302,1069,80,0,0,-290E
R1252,1301,1069,80,0,0,-280E
R1253,1300,1068,80,0,0,-280E
R1254,1300,1068,80,0,0,-280E
R1255,1299,1067,80,0,0,-290E
R1256,1299,1066,80,0,0,-290E
R1257,1299,1066,80,0,0,-290E
R1258,1298,1065,80,0,0,-280E
R1259,1297,1064,80,0,0,-280E
R1260,1297,1064,80,0,0,-280E
R1261,1296,1063,80,0,0,-290E
R1262,1295,1062,80,0,0,-290E
R1263,1295,1062,80,0,0,-290E
R1264,1295,1061,80,0,0,-290E
R1265,1294,1060,80,0,0,-290E
R1266,1294,1059,80,0,0,-290E
R1267,1293,1058,80,0,0,-300E
R1268,1292,1058,80,0,0,-300E
R1269,1292,1057,80,0,0,-300E
R1270,1291,1056,80,0,0,-310E
R1271,1291,1056,80,0,0,-310E
R1272,1290,1055,80,0,0,-310E
R1273,1290,1054,80,0,0,-290E
R1274,1290,1054,80,0,0,-290E
R1275,1289,1054,80,0,0,-290E
R1276,1288,1053,80,0,0,-300E
R1277,1287,1053,80,0,0,-300E
R1278,1286,1051,80,0,0,-300E
R1279,1286,1050,80,0,0,-310E
R1280,1285,1050,80,0,0,-310E
R1281,1285,1049,80,0,0,-310E
R1282,1284,1049,80,0,0,-320E
R1283,1284,1048,80,0,0,-320E
R1284,1283,1047,80,0,0,-320E
R1285,1282,1047,80,0,0,-330E
R1286,1282,1046,80,0,0,-330E
R1287,1282,1045,80,0,0,-330E
R1288,1281,1044,80,0,0,-320E
R1289,1281,1043,80,0,0,-320E
R1290,1280,1042,80,0,0,-320E
R1291,1280,1042,80,0,0,-300E
R1292,1279,1041,80,0,0,-300E
R1293,1279,1040,80,0,0,-300E
R1294,1279,1040,80,0,0,-290E
R1295,1278,1040,80,0,0,-290E
R1296,1277,1040,80,0,0,-290E
R1297,1276,1039,80,0,0,-320E
R1298,1276,1038,80,0,0,-320E
R1299,1275,1038,80,0,0,-320E
R1300,1275,1037,80,0,0,-310E
R1301,1274,1036,80,0,0,-310E
R1302,1274,1036,80,0,0,-310E
R1303,1274,1035,80,0,0,-300E
R1304,1273,1034,80,0,0,-300E
R1305,1273,1034,80,0,0,-300E
R1306,1273,1033,80,0,0,-290E
R1307,1272,1032,80,0,0,-290E
R1308,1271,1032,80,0,0,-290E
R1309,1271,1032,80,0,0,-300E
R1310,1271,1035,80,0,0,-300E
R1311,1270,1042,80,0,0,-300E
R1312,1270,1067,80,0,0,-290E
R1313,1270,1088,80,0,0,-290E
R1314,1270,1116,80,0,0,-290E
R1315,1270,1125,80,0,0,-260E
R1316,1270,1147,80,0,0,-260E
R1317,1270,1168,80,0,0,-260E
R1318,1270,1194,80,0,0,-220E
R1319,1269,1202,80,0,0,-220E
R1320,1269,1228,80,0,0,-220E
R1321,1269,1238,80,0,0,-220E
R1322,1269,1263,80,0,0,-220E
R1323,1269,1272,80,0,0,-220E
R1324,1269,1283,80,0,0,-190E
R1325,1269,1308,80,0,0,-190E
R1326,1269,1314,80,0,0,-190E
R1327,1269,1324,80,0,0,-170E
R1328,1269,1335,80,0,0,-170E
R1329,1269,1348,80,0,0,-170E
R1330,1269,1358,80,0,0,-150E
R1331,1269,1369,80,0,0,-150E
R1332,1269,1381,80,0,0,-150E
R1333,1269,1390,80,0,0,-130E
R1334,1269,1399,80,0,0,-130E
R1335,1269,1407,80,0,0,-130E
R1336,1269,1414,80,0,0,-110E
R1337,1269,1424,80,0,0,-110E
R1338,1269,1431,80,0,0,-110E
R1339,1269,1437,80,0,0,-90E
R1340,1269,1447,80,0,0,-90E
R1341,1269,1453,80,0,0,-90E
R1342,1269,1459,80,0,0,-80E
R1343,1269,1466,80,0,0,-80E
R1344,1269,1471,80,0,0,-80E
R1345,1269,1477,80,0,0,-70E
R1346,1269,1482,80,0,0,-70E
R1347,1269,1487,80,0,0,-70E
R1348,1270,1493,80,0,0,-40E
R1349,1270,1497,80,0,0,-40E
R1350,1270,1502,80,0,0,-40E
R1351,1270,1507,80,0,0,-30E
R1352,1271,1511,80,0,0,-30E
R1353,1271,1515,80,0,0,-30E
R1354,1271,1519,80,0,0,0E
R1355,1271,1523,80,0,0,0E
R1356,1271,1526,80,0,0,0E
R1357,1271,1530,80,0,0,0E
R1358,1272,1533,80,0,0,0E
R1359,1272,1537,80,0,0,0E
R1360,1272,1540,80,0,0,10E
R1361,1273,1543,80,0,0,10E
R1362,1273,1546,80,0,0,10E
R1363,1273,1548,80,0,0,30E
R1364,1274,1551,80,0,0,30E
R1365,1274,1554,80,0,0,30E
R1366,1274,1557,80,0,0,50E
R1367,1275,1559,80,0,0,50E
R1368,1275,1563,80,0,0,50E
R1369,1276,1565,80,0,0,100E
R1370,1276,1567,80,0,0,100E
R1371,1276,1569,80,0,0,100E
R1372,1277,1572,80,0,0,110E
R1373,1277,1574,80,0,0,110E
R1374,1277,1576,80,0,0,110E
R1375,1278,1578,80,0,0,120E
R1376,1278,1580,80,0,0,120E
R1377,1279,1582,80,0,0,120E
R1378,1279,1583,80,0,0,130E
R1379,1280,1585,80,0,0,130E
R1380,1280,1587,80,0,0,130E
R1381,1280,1589,80,0,0,140E
R1382,1280,1591,80,0,0,140E
R1383,1281,1592,80,0,0,140E
R1384,1282,1594,80,0,0,170E
R1385,1282,1596,80,0,0,170E
R1386,1282,1597,80,0,0,170E
R1387,1283,1599,80,0,0,170E
R1388,1283,1601,80,0,0,170E
R1389,1283,1602,80,0,0,170E
R1390,1284,1604,80,0,0,180E
R1391,1284,1605,80,0,0,180E
R1392,1284,1606,80,0,0,180E
R1393,1285,1608,80,0,0,180E
R1394,1285,1608,80,0,0,180E
R1395,1287,1609,80,0,0,180E
R1396,1287,1611,80,0,0,200E
R1397,1287,1612,80,0,0,200E
R1398,1288,1613,80,0,0,200E
R1399,1288,1615,80,0,0,200E
R1400,1289,1616,80,0,0,200E
R1401,1289,1618,80,0,0,200E
R1402,1289,1619,80,0,0,200E
R1403,1290,1620,80,0,0,200E
R1404,1290,1621,80,0,0,200E
R1405,1291,1622,80,0,0,220E
R1406,1291,1623,80,0,0,220E
R1407,1292,1624,80,0,0,220E
R1408,1292,1625,80,0,0,210E
R1409,1293,1626,80,0,0,210E
R1410,1293,1628,80,0,0,210E
R1411,1293,1629,80,0,0,210E
R1412,1294,1630,80,0,0,210E
R1413,1295,1630,80,0,0,210E
R1414,1295,1631,80,0,0,230E
R1415,1296,1632,80,0,0,230E
R1416,1296,1633,80,0,0,230E
R1417,1297,1634,80,0,0,240E
R1418,1297,1635,80,0,0,240E
R1419,1298,1636,80,0,0,240E
R1420,1299,1637,80,0,0,260E
R1421,1300,1638,80,0,0,260E
R1422,1300,1639,80,0,0,260E
R1423,1301,1640,80,0,0,270E
R1424,1301,1641,80,0,0,270E
R1425,1302,1642,80,0,0,270E
R1426,1302,1642,80,0,0,260E
R1427,1303,1643,80,0,0,260E
R1428,1303,1644,80,0,0,260E
R1429,1304,1645,80,0,0,280E
R1430,1304,1646,80,0,0,280E
R1431,1305,1647,80,0,0,280E
R1432,1305,1648,80,0,0,270E
R1433,1306,1648,80,0,0,270E
R1434,1306,1649,80,0,0,270E
R1435,1307,1650,80,0,0,280E
R1436,1307,1652,80,0,0,280E
R1437,1308,1652,80,0,0,280E
R1438,1308,1653,80,0,0,270E
R1439,1308,1654,80,0,0,270E
R1440,1309,1655,80,0,0,270E
R1441,1309,1656,80,0,0,260E
R1442,1309,1657,80,0,0,260E
R1443,1310,1658,80,0,0,260E
R1444,1310,1659,80,0,0,260E
R1445,1311,1659,80,0,0,260E
R1446,1311,1660,80,0,0,260E
R1447,1312,1660,80,0,0,270E
R1448,1313,1654,80,0,0,270E
R1449,1313,1641,80,0,0,270E
R1450,1313,1615,80,0,0,260E
R1451,1314,1587,80,0,0,260E
R1452,1314,1578,80,0,0,260E
R1453,1314,1555,80,0,0,260E
R1454,1314,1544,80,0,0,260E
R1455,1314,1520,80,0,0,260E
R1456,1314,1499,80,0,0,230E
R1457,1314,1489,80,0,0,230E
R1458,1315,1469,80,0,0,230E
R1459,1315,1461,80,0,0,230E
R1460,1315,1444,80,0,0,230E
R1461,1316,1431,80,0,0,230E
R1462,1316,1420,80,0,0,230E
R1463,1316,1406,80,0,0,230E
R1464,1316,1395,80,0,0,230E
R1465,1316,1385,80,0,0,210E
R1466,1316,1371,80,0,0,210E
R1467,1316,1361,80,0,0,210E
R1468,1316,1351,80,0,0,180E
R1469,1316,1339,80,0,0,180E
R1470,1316,1330,80,0,0,180E
R1471,1316,1322,80,0,0,160E
R1472,1316,1313,80,0,0,160E
R1473,1316,1305,80,0,0,160E
R1474,1316,1296,80,0,0,140E
R1475,1317,1289,80,0,0,140E
R1476,1317,1283,80,0,0,140E
R1477,1317,1273,80,0,0,150E
R1478,1317,1267,80,0,0,150E
R1479,1317,1261,80,0,0,150E
R1480,1317,1254,80,0,0,130E
R1481,1317,1248,80,0,0,130E
R1482,1317,1243,80,0,0,130E
R1483,1317,1237,80,0,0,120E
R1484,1317,1232,80,0,0,120E
R1485,1317,1225,80,0,0,120E
R1486,1317,1220,80,0,0,100E
R1487,1316,1215,80,0,0,100E
R1488,1316,1210,80,0,0,100E
R1489,1316,1206,80,0,0,70E
R1490,1316,1202,80,0,0,70E
R1491,1315,1198,80,0,0,70E
R1492,1315,1194,80,0,0,30E
R1493,1314,1190,80,0,0,30E
R1494,1314,1186,80,0,0,30E
R1495,1314,1182,80,0,0,0E
R1496,1314,1179,80,0,0,0E
R1497,1313,1175,80,0,0,0E
R1498,1313,1172,80,0,0,-20E
R1499,1313,1169,80,0,0,-20E
R1500,1312,1166,80,0,0,-20E
R1501,1312,1163,80,0,0,-50E
R1502,1312,1160,80,0,0,-50E
R1503,1311,1157,80,0,0,-50E
R1504,1311,1154,80,0,0,-70E
R1505,1311,1151,80,0,0,-70E
R1506,1310,1149,80,0,0,-70E
R1507,1310,1146,80,0,0,-90E
R1508,1310,1144,80,0,0,-90E
R1509,1309,1141,80,0,0,-90E
R1510,1309,1139,80,0,0,-100E
R1511,1308,1137,80,0,0,-100E
R1512,1308,1135,80,0,0,-100E
R1513,1308,1132,80,0,0,-120E
R1514,1307,1130,80,0,0,-120E
R1515,1306,1128,80,0,0,-120E
R1516,1306,1126,80,0,0,-150E
R1517,1306,1124,80,0,0,-150E
R1518,1306,1122,80,0,0,-150E
R1519,1306,1120,80,0,0,-130E
R1520,1305,1118,80,0,0,-130E
R1521,1305,1116,80,0,0,-130E
R1522,1304,1115,80,0,0,-170E
R1523,1304,1114,80,0,0,-170E
R1524,1303,1112,80,0,0,-170E
R1525,1303,1110,80,0,0,-170E
R1526,1303,1108,80,0,0,-170E
R1527,1302,1106,80,0,0,-170E
R1528,1301,1105,80,0,0,-200E
R1529,1301,1104,80,0,0,-200E
R1530,1300,1101,80,0,0,-200E
R1531,1300,1100,80,0,0,-200E
R1532,1299,1099,80,0,0,-200E
R1533,1298,1097,80,0,0,-200E
R1534,1298,1095,80,0,0,-220E
R1535,1298,1094,80,0,0,-220E
R1536,1297,1092,80,0,0,-220E
R1537,1296,1091,80,0,0,-250E
R1538,1296,1089,80,0,0,-250E
R1539,1295,1088,80,0,0,-250E
R1540,1295,1087,80,0,0,-240E
R1541,1295,1085,80,0,0,-240E
R1542,1294,1084,80,0,0,-240E
R1543,1294,1082,80,0,0,-230E
R1544,1293,1081,80,0,0,-230E
R1545,1293,1079,80,0,0,-230E
R1546,1292,1078,80,0,0,-250E
R1547,1292,1076,80,0,0,-250E
R1548,1291,1075,80,0,0,-250E
R1549,1290,1074,80,0,0,-270E
R1550,1290,1073,80,0,0,-270E
R1551,1290,1071,80,0,0,-270E
R1552,1289,1070,80,0,0,-260E
R1553,1288,1069,80,0,0,-260E
R1554,1287,1068,80,0,0,-260E
R1555,1287,1067,80,0,0,-280E
R1556,1287,1066,80,0,0,-280E
R1557,1286,1064,80,0,0,-280E
R1558,1286,1063,80,0,0,-270E
R1559,1285,1062,80,0,0,-270E
R1560,1285,1061,80,0,0,-270E
R1561,1285,1060,80,0,0,-260E
R1562,1284,1059,80,0,0,-260E
R1563,1283,1057,80,0,0,-260E
R1564,1283,1056,80,0,0,-270E
R1565,1282,1055,80,0,0,-270E
R1566,1282,1054,80,0,0,-270E
R1567,1282,1053,80,0,0,-260E
R1568,1281,1052,80,0,0,-260E
R1569,1281,1051,80,0,0,-260E
R1570,1280,1050,80,0,0,-280E
R1571,1280,1049,80,0,0,-280E
R1572,1279,1047,80,0,0,-280E
R1573,1278,1046,80,0,0,-290E
R1574,1277,1046,80,0,0,-290E
R1575,1277,1044,80,0,0,-290E
R1576,1276,1043,80,0,0,-300E
R1577,1276,1042,80,0,0,-300E
R1578,1275,1041,80,0,0,-300E
R1579,1274,1040,80,0,0,-310E
R1580,1274,1039,80,0,0,-310E
R1581,1274,1038,80,0,0,-310E
R1582,1273,1037,80,0,0,-300E
R1583,1272,1036,80,0,0,-300E
R1584,1272,1035,80,0,0,-300E
R1585,1271,1035,80,0,0,-310E
R1586,1271,1034,80,0,0,-310E
R1587,1270,1033,80,0,0,-310E
R1588,1270,1032,80,0,0,-300E
R1589,1270,1031,80,0,0,-300E
R1590,1269,1030,80,0,0,-300E
R1591,1269,1030,80,0,0,-290E
R1592,1268,1028,80,0,0,-290E
R1593,1267,1027,80,0,0,-290E
R1594,1267,1027,80,0,0,-300E
R1595,1267,1026,80,0,0,-300E
R1596,1266,1025,80,0,0,-300E
R1597,1266,1024,80,0,0,-290E
R1598,1265,1023,80,0,0,-290E
R1599,1264,1022,80,0,0,-290E
R1600,1263,1021,80,0,0,-320E
R1601,1263,1020,80,0,0,-320E
R1602,1263,1020,80,0,0,-320E
R1603,1262,1019,80,0,0,-300E
R1604,1262,1018,80,0,0,-300E
R1605,1261,1017,80,0,0,-300E
R1606,1260,1016,80,0,0,-310E
R1607,1260,1015,80,0,0,-310E
R1608,1259,1015,80,0,0,-310E
R1609,1259,1014,80,0,0,-300E
R1610,1258,1013,80,0,0,-300E
R1611,1258,1013,80,0,0,-300E
R1612,1257,1012,80,0,0,-310E
R1613,1257,1011,80,0,0,-310E
R1614,1256,1010,80,0,0,-310E
R1615,1256,1009,80,0,0,-300E
R1616,1255,1008,80,0,0,-300E
R1617,1255,1007,80,0,0,-300E
R1618,1254,1006,80,0,0,-310E
R1619,1253,1005,80,0,0,-310E
R1620,1253,1004,80,0,0,-310E
R1621,1252,1004,80,0,0,-320E
R1622,1252,1003,80,0,0,-320E
R1623,1251,1002,80,0,0,-320E
R1624,1251,1001,80,0,0,-310E
R1625,1250,1000,80,0,0,-310E
R1626,1250,999,80,0,0,-310E
R1627,1249,998,80,0,0,-310E
R1628,1249,998,80,0,0,-310E
R1629,1248,997,80,0,0,-310E
R1630,1247,996,80,0,0,-300E
R1631,1247,996,80,0,0,-300E
R1632,1247,997,80,0,0,-300E
R1633,1246,1002,80,0,0,-310E
R1634,1246,1013,80,0,0,-310E
R1635,1246,1033,80,0,0,-310E
R1636,1245,1058,80,0,0,-300E
R1637,1245,1079,80,0,0,-300E
R1638,1245,1104,80,0,0,-300E
R1639,1244,1133,80,0,0,-290E
R1640,1244,1139,80,0,0,-290E
R1641,1243,1164,80,0,0,-290E
R1642,1243,1175,80,0,0,-280E
R1643,1243,1197,80,0,0,-280E
R1644,1243,1205,80,0,0,-280E
R1645,1242,1226,80,0,0,-270E
R1646,1242,1246,80,0,0,-270E
R1647,1242,1253,80,0,0,-270E
R1648,1242,1263,80,0,0,-250E
R1649,1242,1287,80,0,0,-250E
R1650,1242,1293,80,0,0,-250E
R1651,1242,1302,80,0,0,-220E
R1652,1242,1312,80,0,0,-220E
R1653,1242,1323,80,0,0,-220E
R1654,1242,1332,80,0,0,-190E
R1655,1242,1342,80,0,0,-190E
R1656,1242,1353,80,0,0,-190E
R1657,1242,1362,80,0,0,-170E
R1658,1242,1370,80,0,0,-170E
R1659,1242,1379,80,0,0,-170E
R1660,1242,1386,80,0,0,-140E
R1661,1242,1393,80,0,0,-140E
R1662,1242,1400,80,0,0,-140E
R1663,1242,1406,80,0,0,-120E
R1664,1242,1414,80,0,0,-120E
R1665,1242,1420,80,0,0,-120E
R1666,1242,1426,80,0,0,-110E
R1667,1242,1432,80,0,0,-110E
R1668,1242,1437,80,0,0,-110E
R1669,1242,1442,80,0,0,-90E
R1670,1243,1448,80,0,0,-90E
R1671,1243,1453,80,0,0,-90E
R1672,1243,1457,80,0,0,-50E
R1673,1243,1462,80,0,0,-50E
R1674,1243,1466,80,0,0,-50E
R1675,1244,1471,80,0,0,-20E
R1676,1244,1474,80,0,0,-20E
R1677,1244,1478,80,0,0,-20E
R1678,1245,1483,80,0,0,10E
R1679,1245,1486,80,0,0,10E
R1680,1245,1489,80,0,0,10E
R1681,1245,1492,80,0,0,0E
R1682,1246,1496,80,0,0,0E
R1683,1246,1497,80,0,0,0E
R1684,1246,1502,80,0,0,30E
R1685,1246,1504,80,0,0,30E
R1686,1247,1507,80,0,0,30E
R1687,1247,1510,80,0,0,50E
R1688,1247,1512,80,0,0,50E
R1689,1248,1515,80,0,0,50E
R1690,1248,1517,80,0,0,70E
R1691,1248,1519,80,0,0,70E
R1692,1248,1522,80,0,0,70E
R1693,1249,1524,80,0,0,90E
R1694,1249,1526,80,0,0,90E
R1695,1249,1528,80,0,0,90E
R1696,1250,1530,80,0,0,100E
R1697,1250,1532,80,0,0,100E
R1698,1250,1535,80,0,0,100E
R1699,1250,1536,80,0,0,90E
R1700,1251,1538,80,0,0,90E
R1701,1251,1540,80,0,0,90E
R1702,1252,1542,80,0,0,130E
R1703,1253,1544,80,0,0,130E
R1704,1253,1545,80,0,0,130E
R1705,1254,1547,80,0,0,170E
R1706,1254,1548,80,0,0,170E
R1707,1254,1550,80,0,0,170E
R1708,1255,1551,80,0,0,170E
R1709,1255,1553,80,0,0,170E
R1710,1256,1554,80,0,0,170E
R1711,1256,1556,80,0,0,170E
R1712,1257,1558,80,0,0,170E
R1713,1257,1559,80,0,0,170E
R1714,1257,1560,80,0,0,180E
R1715,1258,1562,80,0,0,180E
R1716,1259,1563,80,0,0,180E
R1717,1259,1565,80,0,0,200E
R1718,1260,1566,80,0,0,200E
R1719,1260,1568,80,0,0,200E
R1720,1260,1568,80,0,0,200E
R1721,1261,1569,80,0,0,200E
R1722,1261,1571,80,0,0,200E
R1723,1262,1572,80,0,0,220E
R1724,1262,1573,80,0,0,220E
R1725,1262,1574,80,0,0,220E
R1726,1264,1576,80,0,0,240E
R1727,1264,1577,80,0,0,240E
R1728,1264,1578,80,0,0,240E
R1729,1265,1579,80,0,0,230E
R1730,1265,1580,80,0,0,230E
R1731,1266,1581,80,0,0,230E
R1732,1266,1582,80,0,0,230E
R1733,1266,1583,80,0,0,230E
R1734,1267,1584,80,0,0,230E
R1735,1267,1585,80,0,0,230E
R1736,1268,1586,80,0,0,230E
R1737,1268,1587,80,0,0,230E
R1738,1269,1588,80,0,0,240E
R1739,1270,1589,80,0,0,240E
R1740,1271,1590,80,0,0,240E
R1741,1271,1591,80,0,0,260E
R1742,1272,1592,80,0,0,260E
R1743,1272,1593,80,0,0,260E
R1744,1273,1594,80,0,0,270E
R1745,1273,1595,80,0,0,270E
R1746,1274,1596,80,0,0,270E
R1747,1274,1597,80,0,0,260E
R1748,1275,1598,80,0,0,260E
R1749,1275,1599,80,0,0,260E
R1750,1276,1600,80,0,0,280E
R1751,1276,1600,80,0,0,280E
R1752,1277,1601,80,0,0,280E
R1753,1278,1602,80,0,0,290E
R1754,1278,1603,80,0,0,290E
R1755,1279,1605,80,0,0,290E
R1756,1279,1605,80,0,0,280E
R1757,1280,1606,80,0,0,280E
R1758,1280,1607,80,0,0,280E
R1759,1281,1608,80,0,0,290E
R1760,1281,1609,80,0,0,290E
R1761,1282,1609,80,0,0,290E
R1762,1282,1610,80,0,0,280E
R1763,1283,1611,80,0,0,280E
R1764,1284,1611,80,0,0,280E
R1765,1284,1612,80,0,0,290E
R1766,1285,1613,80,0,0,290E
R1767,1285,1613,80,0,0,290E
R1768,1285,1614,80,0,0,280E
R1769,1286,1615,80,0,0,280E
R1770,1286,1616,80,0,0,280E
R1771,1287,1617,80,0,0,290E
R1772,1287,1617,80,0,0,290E
R1773,1287,1618,80,0,0,290E
R1774,1288,1618,80,0,0,280E
R1775,1288,1620,80,0,0,280E
R1776,1289,1620,80,0,0,280E
R1777,1289,1622,80,0,0,280E
R1778,1289,1623,80,0,0,280E
R1779,1290,1623,80,0,0,280E
R1780,1291,1624,80,0,0,290E
R1781,1292,1625,80,0,0,290E
R1782,1292,1626,80,0,0,290E
R1783,1292,1626,80,0,0,280E
R1784,1293,1627,80,0,0,280E
R1785,1293,1628,80,0,0,280E
R1786,1294,1628,80,0,0,290E
R1787,1294,1628,80,0,0,290E
R1788,1295,1629,80,0,0,290E
R1789,1295,1630,80,0,0,280E
R1790,1295,1630,80,0,0,280E
R1791,1296,1631,80,0,0,280E
R1792,1297,1631,80,0,0,290E
R1793,1298,1631,80,0,0,290E
R1794,1298,1632,80,0,0,290E
R1795,1299,1633,80,0,0,300E
R1796,1299,1634,80,0,0,300E
R1797,1299,1635,80,0,0,300E
R1798,1300,1635,80,0,0,290E
R1799,1301,1635,80,0,0,290E
R1800,1302,1636,80,0,0,290E
R1801,1302,1636,80,0,0,300E
R1802,1303,1637,80,0,0,300E
R1803,1303,1638,80,0,0,300E
R1804,1304,1639,80,0,0,310E
P1341,661,137,0,0,0,0,0,0,1304,1804E
