R1,1951,2255,65,10,0,9500E
R2,1961,2265,65,10,0,9500E
R3,1973,2272,65,10,0,9500E
R4,1974,2249,65,10,0,6730E
R5,1948,2199,65,10,0,6730E
R6,1920,2131,65,10,0,6730E
R7,1877,2076,65,10,0,-9500E
R8,1848,2013,65,10,0,-9500E
R9,1792,1957,65,10,0,-9500E
R10,1760,1873,65,10,0,-9500E
R11,1714,1811,65,10,0,-9500E
R12,1687,1755,65,10,0,-9500E
R13,1660,1698,65,10,0,-9500E
R14,1623,1654,65,10,0,-9500E
R15,1598,1609,65,10,0,-9500E
R16,1558,1561,65,10,0,-9500E
R17,1533,1516,65,10,0,-9500E
R18,1506,1477,65,10,0,-9500E
R19,1478,1438,65,10,0,-9500E
R20,1451,1414,65,10,0,-9500E
R21,1426,1372,65,10,0,-9500E
R22,1404,1351,65,10,0,-9500E
R23,1392,1327,65,10,0,-9500E
R24,1363,1301,65,10,0,-9500E
R25,1337,1278,65,10,0,-9500E
R26,1312,1267,65,10,0,-9500E
R27,1287,1241,65,10,0,-9500E
R28,1276,1229,65,10,0,-9500E
R29,1254,1218,65,10,0,-9500E
R30,1230,1208,65,10,0,-9500E
R31,1221,1202,65,10,0,-9500E
R32,1203,1194,65,10,0,-9500E
R33,1179,1188,65,10,0,-9500E
R34,1168,1183,65,10,0,-9500E
R35,1154,1177,65,10,0,-9500E
R36,1132,1172,65,10,0,-9500E
R37,1120,1168,65,10,0,-9500E
R38,1107,1163,65,10,0,-9500E
R39,1094,1159,65,10,0,-9500E
R40,1077,1156,65,10,0,-9290E
R41,1064,1152,65,10,0,-9290E
R42,1052,1149,65,10,0,-9290E
R43,1040,1147,65,10,0,-8040E
R44,1028,1144,65,10,0,-8040E
R45,1017,1142,65,10,0,-8040E
R46,1006,1140,65,10,0,-7360E
R47,996,1137,65,10,0,-7360E
R48,983,1136,65,10,0,-7360E
R49,974,1134,65,10,0,-6810E
R50,964,1132,65,10,0,-6810E
R51,955,1131,65,20,0,-6810E
R52,946,1130,65,23,0,-6170E
R53,937,1129,65,26,0,-6170E
R54,928,1129,65,28,0,-6170E
R55,921,1129,65,30,0,-5540E
R56,913,1129,65,30,0,-5540E
R57,906,1131,65,30,0,-5540E
R58,899,1133,65,30,0,-4920E
R59,892,1136,65,30,0,-4920E
R60,885,1138,65,30,0,-4920E
R61,879,1142,65,30,0,-4320E
R62,874,1144,65,30,0,-4320E
R63,869,1147,65,30,0,-4320E
R64,862,1151,65,30,0,-3830E
R65,858,1153,65,30,0,-3830E
R66,854,1156,65,30,0,-3830E
R67,849,1158,65,30,0,-3300E
R68,844,1161,65,30,0,-3300E
R69,841,1164,65,30,0,-3300E
R70,837,1166,65,30,0,-2840E
R71,833,1168,65,30,0,-2840E
R72,829,1172,65,30,0,-2840E
R73,827,1174,65,30,0,-2430E
R74,824,1176,65,30,0,-2430E
R75,821,1179,65,30,0,-2430E
R76,818,1182,65,30,0,-2130E
R77,816,1184,65,30,0,-2130E
R78,814,1187,65,30,0,-2130E
R79,811,1189,65,30,0,-1810E
R80,810,1191,65,30,0,-1810E
R81,808,1194,65,30,0,-1810E
R82,807,1196,65,30,0,-1370E
R83,805,1199,65,30,0,-1370E
R84,804,1201,65,30,0,-1370E
R85,803,1203,65,30,0,-1100E
R86,802,1205,65,30,0,-1100E
R87,802,1207,65,30,0,-1100E
R88,801,1209,65,32,0,-800E
R89,801,1212,65,34,0,-800E
R90,800,1215,65,34,0,-800E
R91,800,1217,65,37,0,-550E
R92,799,1220,65,41,0,-550E
R93,799,1222,65,47,0,-550E
R94,799,1224,65,50,0,-410E
R95,799,1228,65,54,0,-410E
R96,799,1233,65,58,0,-410E
R97,799,1238,65,61,0,-260E
R98,800,1244,65,65,0,-260E
R99,800,1250,65,72,0,-260E
R100,801,1257,65,73,0,-40E
R101,802,1264,65,76,0,-40E
R102,803,1271,65,78,0,-40E
R103,804,1281,65,79,0,180E
R104,805,1289,65,79,0,180E
R105,807,1296,65,80,0,180E
R106,808,1307,65,80,0,410E
R107,810,1314,65,80,0,410E
R108,811,1322,65,80,0,410E
R109,813,1332,65,80,0,550E
R110,814,1339,65,80,0,550E
R111,816,1346,65,80,0,550E
R112,818,1355,65,80,0,770E
R113,820,1362,65,80,0,770E
R114,822,1369,65,80,0,770E
R115,824,1376,65,80,0,920E
R116,826,1383,65,80,0,920E
R117,828,1390,65,80,0,920E
R118,831,1396,65,80,0,1080E
R119,834,1403,65,80,0,1080E
R120,836,1409,65,80,0,1080E
R121,838,1415,65,80,0,1190E
R122,841,1420,65,80,0,1190E
R123,843,1426,65,80,0,1190E
R124,846,1432,65,80,0,1310E
R125,849,1437,65,80,0,1310E
R126,852,1443,65,80,0,1310E
R127,855,1448,65,80,0,1460E
R128,858,1452,65,80,0,1460E
R129,861,1457,65,80,0,1460E
R130,865,1461,65,80,0,1620E
R131,867,1466,65,80,0,1620E
R132,871,1471,65,80,0,1620E
R133,874,1475,65,80,0,1680E
R134,877,1479,65,80,0,1680E
R135,881,1483,65,80,0,1680E
R136,885,1487,65,80,0,1820E
R137,887,1491,65,80,0,1820E
R138,891,1495,65,80,0,1820E
R139,895,1499,65,80,0,1870E
R140,898,1503,65,80,0,1870E
R141,902,1506,65,80,0,1870E
R142,906,1509,65,80,0,1950E
R143,909,1513,65,80,0,1950E
R144,913,1517,65,80,0,1950E
R145,916,1520,65,80,0,1960E
R146,920,1524,65,80,0,1960E
R147,924,1527,65,80,0,1960E
R148,927,1531,65,80,0,2010E
R149,931,1534,65,80,0,2010E
R150,936,1537,65,80,0,2010E
R151,939,1541,65,80,0,2090E
R152,943,1543,65,80,0,2090E
R153,946,1546,65,80,0,2090E
R154,951,1550,65,80,0,2160E
R155,954,1552,65,80,0,2160E
R156,958,1555,65,80,0,2160E
R157,961,1559,65,80,0,2120E
R158,966,1561,65,80,0,2120E
R159,969,1564,65,80,0,2120E
R160,973,1568,65,80,0,2180E
R161,977,1570,65,80,0,2180E
R162,981,1573,65,80,0,2180E
R163,985,1576,65,80,0,2220E
R164,989,1579,65,80,0,2220E
R165,993,1582,65,80,0,2220E
R166,998,1585,65,80,0,2300E
R167,1001,1587,65,80,0,2300E
R168,1005,1590,65,80,0,2300E
R169,1009,1592,65,80,0,2280E
R170,1013,1594,65,80,0,2280E
R171,1017,1598,65,80,0,2280E
R172,1021,1600,65,80,0,2300E
R173,1024,1602,65,80,0,2300E
R174,1029,1605,65,80,0,2300E
R175,1033,1607,65,80,0,2320E
R176,1036,1609,65,80,0,2320E
R177,1040,1612,65,80,0,2320E
R178,1044,1614,65,80,0,2300E
R179,1047,1617,65,80,0,2300E
R180,1051,1619,65,80,0,2300E
R181,1055,1622,65,80,0,2280E
R182,1059,1624,65,80,0,2280E
R183,1063,1626,65,80,0,2280E
R184,1067,1628,65,80,0,2300E
R185,1071,1630,65,80,0,2300E
R186,1075,1632,65,80,0,2300E
R187,1079,1633,65,80,0,2310E
R188,1082,1635,65,80,0,2310E
R189,1087,1637,65,80,0,2310E
R190,1091,1639,65,80,0,2320E
R191,1094,1641,65,80,0,2320E
R192,1098,1643,65,80,0,2320E
R193,1102,1644,65,80,0,2310E
R194,1106,1646,65,80,0,2310E
R195,1110,1648,65,80,0,2310E
R196,1114,1649,65,80,0,2320E
R197,1118,1650,65,80,0,2320E
R198,1122,1652,65,80,0,2320E
R199,1126,1654,65,80,0,2330E
R200,1129,1655,65,80,0,2330E
R201,1133,1657,65,80,0,2330E
R202,1137,1658,65,80,0,2310E
R203,1141,1659,65,80,0,2310E
R204,1144,1660,65,80,0,2310E
R205,1148,1662,65,80,0,2300E
R206,1152,1664,65,80,0,2300E
R207,1156,1665,65,80,0,2300E
R208,1159,1665,65,80,0,2290E
R209,1163,1666,65,80,0,2290E
R210,1167,1667,65,80,0,2290E
R211,1171,1668,65,80,0,2300E
R212,1174,1670,65,80,0,2300E
R213,1178,1671,65,80,0,2300E
R214,1182,1673,65,80,0,2290E
R215,1185,1674,65,80,0,2290E
R216,1188,1675,65,80,0,2290E
R217,1193,1676,65,80,0,2280E
R218,1196,1678,65,80,0,2280E
R219,1199,1680,65,80,0,2280E
R220,1203,1681,65,80,0,2250E
R221,1207,1683,65,80,0,2250E
R222,1210,1684,65,80,0,2250E
R223,1214,1686,65,80,0,2240E
R224,1218,1687,65,80,0,2240E
R225,1222,1688,65,80,0,2240E
R226,1226,1690,65,80,0,2260E
R227,1230,1691,65,80,0,2260E
R228,1234,1692,65,80,0,2260E
R229,1238,1694,65,80,0,2270E
R230,1242,1695,65,80,0,2270E
R231,1245,1696,65,80,0,2270E
R232,1248,1698,65,80,0,2240E
R233,1253,1699,65,80,0,2240E
R234,1256,1701,65,80,0,2240E
R235,1259,1702,65,80,0,2240E
R236,1262,1704,65,80,0,2240E
R237,1267,1706,65,80,0,2240E
R238,1270,1707,65,80,0,2230E
R239,1273,1709,65,80,0,2230E
R240,1277,1711,65,80,0,2230E
R241,1281,1712,65,80,0,2230E
R242,1284,1714,65,80,0,2230E
R243,1287,1716,65,80,0,2230E
R244,1290,1718,65,80,0,2180E
R245,1294,1720,65,80,0,2180E
R246,1297,1722,65,80,0,2180E
R247,1300,1723,65,80,0,2160E
R248,1304,1725,65,80,0,2160E
R249,1308,1727,65,80,0,2160E
R250,1311,1728,65,80,0,2160E
R251,1314,1730,65,80,0,2160E
R252,1318,1732,65,80,0,2160E
R253,1322,1734,65,80,0,2140E
R254,1325,1736,65,80,0,2140E
R255,1328,1738,65,80,0,2140E
R256,1331,1740,65,80,0,2130E
R257,1335,1741,65,80,0,2130E
R258,1339,1743,65,80,0,2130E
R259,1342,1746,65,80,0,2130E
R260,1345,1748,65,80,0,2130E
R261,1348,1750,65,80,0,2130E
R262,1351,1752,65,80,0,2090E
R263,1354,1753,65,80,0,2090E
R264,1358,1755,65,80,0,2090E
R265,1361,1758,65,80,0,2080E
R266,1364,1760,65,80,0,2080E
R267,1367,1763,65,80,0,2080E
R268,1370,1765,65,80,0,2040E
R269,1374,1767,65,80,0,2040E
R270,1376,1769,65,80,0,2040E
R271,1379,1771,65,80,0,2010E
R272,1382,1773,65,80,0,2010E
R273,1385,1775,65,80,0,2010E
R274,1388,1777,65,80,0,1980E
R275,1391,1779,65,80,0,1980E
R276,1394,1781,65,80,0,1980E
R277,1397,1783,65,80,0,1950E
R278,1400,1785,65,80,0,1950E
R279,1403,1787,65,80,0,1950E
R280,1406,1790,65,80,0,1920E
R281,1410,1792,65,80,0,1920E
R282,1412,1794,65,80,0,1920E
R283,1415,1797,65,80,0,1900E
R284,1419,1799,65,80,0,1900E
R285,1422,1801,65,80,0,1900E
R286,1424,1803,65,80,0,1890E
R287,1427,1806,65,80,0,1890E
R288,1430,1808,65,80,0,1890E
R289,1433,1810,65,80,0,1880E
R290,1436,1812,65,80,0,1880E
R291,1438,1813,65,80,0,1880E
R292,1441,1815,65,80,0,1840E
R293,1444,1817,65,80,0,1840E
R294,1447,1819,65,80,0,1840E
R295,1449,1820,65,80,0,1800E
R296,1452,1822,65,80,0,1800E
R297,1455,1824,65,80,0,1800E
R298,1457,1826,65,80,0,1770E
R299,1460,1829,65,80,0,1770E
R300,1463,1831,65,80,0,1770E
R301,1466,1833,65,80,0,1780E
R302,1468,1836,65,80,0,1780E
R303,1471,1838,65,80,0,1780E
R304,1475,1840,65,80,0,1750E
R305,1477,1842,65,80,0,1750E
R306,1480,1844,65,80,0,1750E
R307,1482,1847,65,80,0,1730E
R308,1485,1848,65,80,0,1730E
R309,1488,1849,65,80,0,1730E
R310,1490,1852,65,80,0,1710E
R311,1493,1854,65,80,0,1710E
R312,1496,1856,65,80,0,1710E
R313,1499,1858,65,80,0,1720E
R314,1502,1860,65,80,0,1720E
R315,1504,1862,65,80,0,1720E
R316,1507,1864,65,80,0,1710E
R317,1509,1866,65,80,0,1710E
R318,1512,1869,65,80,0,1710E
R319,1515,1871,65,80,0,1690E
R320,1518,1873,65,80,0,1690E
R321,1521,1876,65,78,0,1690E
R322,1523,1878,65,76,0,1680E
R323,1526,1880,65,73,0,1680E
R324,1528,1882,65,71,0,1680E
R325,1531,1884,65,70,0,1670E
R326,1533,1886,65,70,0,1670E
R327,1536,1888,65,70,0,1670E
R328,1539,1889,65,70,0,1660E
R329,1541,1890,65,70,0,1660E
R330,1543,1892,65,70,0,1660E
R331,1546,1893,65,70,0,1630E
R332,1549,1894,65,70,0,1630E
R333,1551,1896,65,70,0,1630E
R334,1553,1897,65,70,0,1600E
R335,1556,1899,65,70,0,1600E
R336,1559,1900,65,70,0,1600E
R337,1561,1902,65,70,0,1600E
R338,1564,1904,65,70,0,1600E
R339,1566,1905,65,70,0,1600E
R340,1568,1906,65,70,0,1580E
R341,1571,1907,65,70,0,1580E
R342,1573,1908,65,70,0,1580E
R343,1575,1910,65,70,0,1560E
R344,1578,1911,65,70,0,1560E
R345,1581,1912,65,70,0,1560E
R346,1583,1914,65,70,0,1560E
R347,1586,1915,65,70,0,1560E
R348,1588,1916,65,70,0,1560E
R349,1590,1918,65,70,0,1540E
R350,1593,1920,65,70,0,1540E
R351,1596,1921,65,70,0,1540E
R352,1598,1923,65,70,0,1550E
R353,1600,1925,65,70,0,1550E
R354,1602,1926,65,70,0,1550E
R355,1604,1928,65,70,0,1510E
R356,1607,1930,65,70,0,1510E
R357,1609,1931,65,70,0,1510E
R358,1611,1933,65,70,0,1490E
R359,1614,1935,65,70,0,1490E
R360,1616,1936,65,70,0,1490E
R361,1618,1938,65,70,0,1480E
R362,1620,1940,65,70,0,1480E
R363,1622,1941,65,70,0,1480E
R364,1625,1942,65,70,0,1470E
R365,1627,1943,65,70,0,1470E
R366,1628,1944,65,70,0,1470E
R367,1631,1946,65,70,0,1440E
R368,1633,1947,65,70,0,1440E
R369,1635,1948,65,70,0,1440E
R370,1637,1950,65,70,0,1410E
R371,1640,1952,65,70,0,1410E
R372,1642,1953,65,70,0,1410E
R373,1644,1955,65,70,0,1400E
R374,1646,1956,65,70,0,1400E
R375,1648,1958,65,70,0,1400E
R376,1651,1960,65,70,0,1400E
R377,1653,1961,65,70,0,1400E
R378,1654,1963,65,70,0,1400E
R379,1657,1964,65,70,0,1380E
R380,1659,1966,65,70,0,1380E
R381,1660,1968,65,70,0,1380E
R382,1663,1969,65,70,0,1360E
R383,1665,1971,65,70,0,1360E
R384,1667,1972,65,70,0,1360E
R385,1669,1973,65,70,0,1340E
R386,1671,1975,65,70,0,1340E
R387,1673,1976,65,70,0,1340E
R388,1675,1977,65,70,0,1320E
R389,1678,1979,65,70,0,1320E
R390,1680,1980,65,70,0,1320E
R391,1682,1982,65,70,0,1330E
R392,1684,1984,65,70,0,1330E
R393,1686,1985,65,70,0,1330E
R394,1688,1986,65,70,0,1310E
R395,1691,1988,65,69,0,1310E
R396,1693,1989,65,66,0,1310E
R397,1695,1991,65,61,0,1300E
R398,1696,1992,65,60,0,1300E
R399,1699,1993,65,56,0,1300E
R400,1701,1993,65,54,0,1310E
R401,1703,1993,65,51,0,1310E
R402,1705,1993,65,50,0,1310E
R403,1707,1993,65,50,0,1300E
R404,1709,1993,65,50,0,1300E
R405,1710,1993,65,50,0,1300E
R406,1712,1992,65,50,0,1260E
R407,1715,1992,65,50,0,1260E
R408,1716,1991,65,50,0,1260E
R409,1718,1991,65,50,0,1250E
R410,1720,1990,65,50,0,1250E
R411,1722,1990,65,50,0,1250E
R412,1724,1989,65,50,0,1250E
R413,1725,1989,65,50,0,1250E
R414,1727,1989,65,50,0,1250E
R415,1729,1989,65,50,0,1220E
R416,1731,1989,65,50,0,1220E
R417,1733,1989,65,50,0,1220E
R418,1735,1989,65,50,0,1220E
R419,1736,1989,65,50,0,1220E
R420,1738,1989,65,50,0,1220E
R421,1739,1989,65,50,0,1170E
R422,1741,1989,65,50,0,1170E
R423,1743,1989,65,50,0,1170E
R424,1744,1989,65,50,0,1140E
R425,1746,1989,65,50,0,1140E
R426,1748,1990,65,50,0,1140E
R427,1749,1990,65,50,0,1120E
R428,1750,1990,65,50,0,1120E
R429,1752,1991,65,50,0,1120E
R430,1754,1991,65,50,0,1110E
R431,1755,1991,65,50,0,1110E
R432,1757,1991,65,50,0,1110E
R433,1758,1992,65,50,0,1060E
R434,1760,1993,65,50,0,1060E
R435,1762,1993,65,50,0,1060E
R436,1763,1994,65,50,0,1050E
R437,1764,1995,65,50,0,1050E
R438,1766,1995,65,50,0,1050E
R439,1768,1996,65,50,0,1050E
R440,1769,1997,65,50,0,1050E
R441,1770,1998,65,50,0,1050E
R442,1772,1999,65,50,0,1010E
R443,1774,1999,65,50,0,1010E
R444,1775,1999,65,50,0,1010E
R445,1776,2000,65,50,0,980E
R446,1778,2000,65,50,0,980E
R447,1779,2001,65,50,0,980E
R448,1781,2002,65,50,0,990E
R449,1782,2003,65,50,0,990E
R450,1783,2003,65,50,0,990E
R451,1785,2004,65,50,0,960E
R452,1786,2004,65,50,0,960E
R453,1787,2005,65,50,0,960E
R454,1789,2006,65,50,0,940E
R455,1791,2006,65,50,0,940E
R456,1792,2007,65,50,0,940E
R457,1793,2008,65,50,0,920E
R458,1795,2008,65,50,0,920E
R459,1796,2009,65,50,0,920E
R460,1798,2010,65,50,0,930E
R461,1799,2010,65,50,0,930E
R462,1800,2011,65,50,0,930E
R463,1802,2012,65,50,0,890E
R464,1803,2013,65,50,0,890E
R465,1804,2014,65,50,0,890E
R466,1806,2014,65,50,0,900E
R467,1807,2015,65,50,0,900E
R468,1808,2016,65,50,0,900E
R469,1809,2016,65,50,0,860E
R470,1810,2017,65,50,0,860E
R471,1812,2018,65,50,0,860E
R472,1813,2019,65,50,0,850E
R473,1814,2020,65,50,0,850E
R474,1816,2021,65,50,0,850E
R475,1817,2021,65,50,0,840E
R476,1818,2021,65,50,0,840E
R477,1819,2022,65,50,0,840E
R478,1821,2022,65,50,0,840E
R479,1822,2023,65,50,0,840E
R480,1823,2024,65,50,0,840E
R481,1825,2024,65,50,0,830E
R482,1826,2025,65,50,0,830E
R483,1827,2025,65,50,0,830E
R484,1828,2026,65,50,0,810E
R485,1830,2028,65,50,0,810E
R486,1831,2028,65,50,0,810E
R487,1832,2029,65,50,0,810E
R488,1833,2030,65,50,0,810E
R489,1835,2031,65,50,0,810E
R490,1836,2032,65,50,0,800E
R491,1837,2033,65,50,0,800E
R492,1839,2033,65,50,0,800E
R493,1840,2034,65,50,0,800E
R494,1841,2035,65,50,0,800E
R495,1842,2036,65,50,0,800E
R496,1844,2036,65,50,0,780E
R497,1845,2038,65,50,0,780E
R498,1846,2039,65,50,0,780E
R499,1848,2040,65,50,0,810E
R500,1849,2041,65,50,0,810E
R501,1850,2042,65,50,0,810E
R502,1851,2043,65,50,0,780E
R503,1853,2044,65,50,0,780E
R504,1854,2045,65,50,0,780E
R505,1855,2045,65,50,0,780E
R506,1857,2046,65,50,0,780E
R507,1858,2047,65,50,0,780E
R508,1859,2048,65,50,0,790E
R509,1860,2049,65,50,0,790E
R510,1861,2050,65,50,0,790E
R511,1863,2051,65,50,0,790E
R512,1864,2051,65,50,0,790E
R513,1865,2052,65,50,0,790E
R514,1867,2054,65,50,0,790E
R515,1868,2055,65,50,0,790E
R516,1869,2056,65,50,0,790E
R517,1870,2057,65,50,0,770E
R518,1872,2057,65,50,0,770E
R519,1873,2058,65,50,0,770E
R520,1874,2059,65,50,0,770E
R521,1875,2060,65,50,0,770E
R522,1876,2061,65,50,0,770E
R523,1878,2062,65,47,0,780E
R524,1879,2063,65,46,0,780E
R525,1881,2064,65,45,0,780E
R526,1882,2065,65,45,0,780E
R527,1883,2065,65,45,0,780E
R528,1884,2066,65,45,0,780E
R529,1886,2066,65,45,0,780E
R530,1887,2067,65,45,0,780E
R531,1888,2067,65,45,0,780E
R532,1890,2068,65,45,0,780E
R533,1891,2069,65,45,0,780E
R534,1892,2070,65,45,0,780E
R535,1894,2070,65,45,0,780E
R536,1895,2071,65,45,0,780E
R537,1897,2071,65,45,0,780E
R538,1898,2072,65,45,0,780E
R539,1900,2072,65,45,0,780E
R540,1901,2073,65,45,0,780E
R541,1902,2074,65,45,0,780E
R542,1904,2075,65,45,0,780E
R543,1905,2076,65,45,0,780E
R544,1906,2077,65,44,0,780E
R545,1908,2077,65,43,0,780E
R546,1909,2078,65,42,0,780E
R547,1910,2078,65,41,0,780E
R548,1912,2079,65,40,0,780E
R549,1913,2079,65,40,0,780E
R550,1914,2079,65,40,0,780E
R551,1916,2079,65,40,0,780E
R552,1917,2080,65,40,0,780E
R553,1918,2080,65,40,0,780E
R554,1919,2081,65,40,0,780E
R555,1920,2081,65,40,0,780E
R556,1922,2081,65,40,0,790E
R557,1923,2081,65,40,0,790E
R558,1924,2082,65,40,0,790E
R559,1925,2083,65,40,0,780E
R560,1927,2083,65,40,0,780E
R561,1928,2083,65,40,0,780E
R562,1930,2084,65,40,0,790E
R563,1931,2085,65,40,0,790E
R564,1932,2085,65,40,0,790E
R565,1933,2086,65,40,0,780E
R566,1935,2087,65,40,0,780E
R567,1936,2087,65,40,0,780E
R568,1937,2088,65,40,0,780E
R569,1939,2089,65,40,0,780E
R570,1939,2089,65,40,0,780E
R571,1940,2089,65,40,0,770E
R572,1942,2090,65,40,0,770E
R573,1943,2091,65,40,0,770E
R574,1944,2092,65,40,0,770E
R575,1945,2093,65,40,0,770E
R576,1947,2094,65,40,0,770E
R577,1948,2094,65,40,0,770E
R578,1949,2095,65,40,0,770E
R579,1950,2096,65,40,0,770E
R580,1951,2096,65,40,0,760E
R581,1952,2097,65,40,0,760E
R582,1954,2098,65,40,0,760E
R583,1955,2098,65,36,0,760E
R584,1957,2099,65,33,0,760E
R585,1958,2099,65,31,0,760E
R586,1959,2100,65,29,0,760E
R587,1960,2100,65,27,0,760E
R588,1961,2100,65,25,0,760E
R589,1962,2100,65,24,0,750E
R590,1964,2100,65,24,0,750E
R591,1965,2100,65,24,0,750E
R592,1967,2100,65,24,0,770E
R593,1968,2099,65,24,0,770E
R594,1969,2099,65,24,0,770E
R595,1970,2099,65,24,0,760E
R596,1972,2099,65,24,0,760E
R597,1972,2098,65,24,0,760E
R598,1974,2098,65,24,0,760E
R599,1975,2098,65,24,0,760E
R600,1975,2097,65,24,0,760E
R601,1977,2097,65,24,0,750E
R602,1978,2097,65,24,0,750E
R603,1979,2097,65,24,0,750E
R604,1980,2097,65,24,0,730E
R605,1981,2097,65,24,0,730E
R606,1983,2097,65,24,0,730E
R607,1984,2097,65,24,0,740E
R608,1985,2097,65,24,0,740E
R609,1986,2097,65,24,0,740E
R610,1986,2097,65,24,0,710E
R611,1988,2097,65,24,0,710E
R612,1989,2097,65,24,0,710E
R613,1990,2097,65,22,0,720E
R614,1990,2097,65,20,0,720E
R615,1991,2097,65,19,0,720E
R616,1993,2097,65,16,0,700E
R617,1994,2097,65,15,0,700E
R618,1994,2097,65,15,0,700E
R619,1995,2097,65,15,0,670E
R620,1996,2096,65,15,0,670E
R621,1998,2096,65,15,0,670E
R622,1999,2095,65,15,0,690E
R623,2000,2095,65,15,0,690E
R624,2000,2094,65,15,0,690E
R625,2001,2094,65,15,0,650E
R626,2002,2094,65,15,0,650E
R627,2003,2093,65,15,0,650E
R628,2004,2092,65,15,0,640E
R629,2005,2092,65,15,0,640E
R630,2006,2092,65,15,0,640E
R631,2007,2092,65,15,0,640E
R632,2008,2091,65,15,0,640E
R633,2009,2091,65,15,0,640E
R634,2010,2091,65,15,0,630E
R635,2011,2091,65,15,0,630E
R636,2011,2091,65,15,0,630E
R637,2012,2091,65,15,0,610E
R638,2013,2091,65,15,0,610E
R639,2014,2091,65,15,0,610E
R640,2015,2091,65,15,0,610E
R641,2015,2091,65,15,0,610E
R642,2016,2091,65,15,0,610E
R643,2017,2091,65,15,0,580E
R644,2018,2091,65,15,0,580E
R645,2019,2091,65,15,0,580E
R646,2020,2091,65,15,0,580E
R647,2021,2091,65,15,0,580E
R648,2021,2091,65,15,0,580E
R649,2022,2091,65,15,0,570E
R650,2023,2091,65,15,0,570E
R651,2024,2091,65,15,0,570E
R652,2025,2092,65,15,0,570E
R653,2025,2092,65,15,0,570E
R654,2026,2092,65,15,0,570E
R655,2027,2092,65,15,0,550E
R656,2027,2092,65,15,0,550E
R657,2028,2093,65,15,0,550E
R658,2029,2093,65,15,0,530E
R659,2029,2093,65,15,0,530E
R660,2030,2093,65,15,0,530E
R661,2031,2093,65,15,0,520E
R662,2032,2093,65,15,0,520E
R663,2033,2094,65,15,0,520E
R664,2033,2094,65,15,0,510E
R665,2034,2094,65,15,0,510E
R666,2035,2094,65,15,0,510E
R667,2036,2095,65,15,0,520E
R668,2037,2095,65,15,0,520E
R669,2037,2096,65,15,0,520E
R670,2038,2097,65,15,0,500E
R671,2038,2097,65,15,0,500E
R672,2039,2097,65,15,0,500E
R673,2040,2098,65,15,0,490E
R674,2041,2098,65,15,0,490E
R675,2042,2098,65,15,0,490E
R676,2043,2099,65,15,0,500E
R677,2043,2099,65,15,0,500E
R678,2044,2099,65,15,0,500E
R679,2045,2100,65,15,0,490E
R680,2045,2100,65,15,0,490E
R681,2046,2100,65,15,0,490E
R682,2047,2101,65,15,0,480E
R683,2048,2101,65,15,0,480E
R684,2048,2101,65,15,0,480E
R685,2049,2102,65,15,0,470E
R686,2050,2103,65,15,0,470E
R687,2050,2103,65,15,0,470E
R688,2051,2103,65,15,0,460E
R689,2052,2104,65,15,0,460E
R690,2053,2104,65,15,0,460E
R691,2053,2105,65,15,0,460E
R692,2054,2105,65,15,0,460E
R693,2054,2106,65,15,0,460E
R694,2055,2106,65,15,0,450E
R695,2056,2107,65,15,0,450E
R696,2057,2108,65,15,0,450E
R697,2058,2108,65,15,0,460E
R698,2058,2109,65,15,0,460E
R699,2059,2109,65,15,0,460E
R700,2060,2110,65,15,0,460E
R701,2061,2110,65,15,0,460E
R702,2061,2110,65,15,0,460E
R703,2062,2111,65,13,0,450E
R704,2063,2112,65,10,0,450E
R705,2064,2112,65,10,0,450E
R706,2064,2113,65,9,0,450E
R707,2065,2113,65,8,0,450E
R708,2066,2113,65,8,0,450E
R709,2067,2113,65,8,0,460E
R710,2067,2113,65,8,0,460E
R711,2068,2113,65,8,0,460E
R712,2069,2113,65,8,0,450E
R713,2069,2113,65,8,0,450E
R714,2070,2113,65,8,0,450E
R715,2071,2113,65,8,0,450E
R716,2072,2113,65,8,0,450E
R717,2072,2113,65,8,0,450E
R718,2072,2113,65,8,0,430E
R719,2073,2113,65,8,0,430E
R720,2074,2113,65,8,0,430E
R721,2074,2113,65,8,0,420E
R722,2075,2113,65,8,0,420E
R723,2076,2113,65,8,0,420E
R724,2077,2113,65,8,0,440E
R725,2078,2113,65,8,0,440E
R726,2078,2113,65,8,0,440E
R727,2079,2113,65,8,0,440E
R728,2080,2113,65,8,0,440E
R729,2081,2113,65,8,0,440E
R730,2081,2113,65,8,0,430E
R731,2082,2113,65,8,0,430E
R732,2083,2113,65,8,0,430E
R733,2083,2113,65,8,0,430E
R734,2084,2113,65,8,0,430E
R735,2085,2113,65,8,0,430E
R736,2085,2113,65,8,0,430E
R737,2086,2113,65,8,0,430E
R738,2087,2113,65,8,0,430E
R739,2088,2113,65,8,0,440E
R740,2088,2114,65,8,0,440E
R741,2089,2114,65,8,0,440E
R742,2090,2114,65,8,0,440E
R743,2090,2114,65,8,0,440E
P1948,799,97,1550,332,1980,603,188,140,2091,743E
