R1,2000,2301,60,0,0,9500E
R2,2023,2314,60,0,0,9500E
R3,2032,2321,60,0,0,9500E
R4,2031,2315,60,0,0,9450E
R5,2004,2252,60,0,0,9450E
R6,1963,2203,60,0,0,9450E
R7,1934,2163,60,0,0,-9500E
R8,1878,2098,60,0,0,-9500E
R9,1836,2027,60,0,0,-9500E
R10,1797,1985,60,0,0,-9500E
R11,1755,1917,60,0,0,-9500E
R12,1708,1861,60,0,0,-9500E
R13,1682,1801,60,0,0,-9500E
R14,1639,1744,60,0,0,-9500E
R15,1613,1706,60,0,0,-9500E
R16,1589,1667,60,0,0,-9500E
R17,1560,1621,60,0,0,-9500E
R18,1529,1597,60,0,0,-9500E
R19,1490,1557,60,0,0,-9500E
R20,1462,1534,60,0,0,-9500E
R21,1434,1522,60,0,0,-9500E
R22,1424,1498,60,0,0,-9500E
R23,1399,1476,60,0,0,-9500E
R24,1375,1466,60,0,0,-9500E
R25,1347,1454,60,0,0,-9500E
R26,1321,1442,60,0,0,-9500E
R27,1295,1427,60,0,0,-9500E
R28,1284,1416,60,0,0,-9500E
R29,1261,1408,60,0,0,-9500E
R30,1237,1396,60,0,0,-9500E
R31,1212,1387,60,0,0,-9500E
R32,1202,1379,60,0,0,-9500E
R33,1186,1369,60,0,0,-9500E
R34,1163,1362,60,0,0,-9500E
R35,1152,1355,60,0,0,-9500E
R36,1138,1349,60,0,0,-9500E
R37,1117,1343,60,0,0,-9500E
R38,1106,1336,60,0,0,-9500E
R39,1093,1331,60,0,0,-9500E
R40,1077,1327,60,0,0,-8630E
R41,1064,1322,60,0,0,-8630E
R42,1051,1318,60,0,0,-8630E
R43,1041,1315,60,0,0,-7650E
R44,1026,1311,60,0,0,-7650E
R45,1015,1309,60,0,0,-7650E
R46,1004,1306,60,0,0,-7490E
R47,994,1304,60,0,0,-7490E
R48,982,1302,60,0,0,-7490E
R49,973,1300,60,0,0,-6830E
R50,965,1298,60,0,0,-6830E
R51,956,1297,60,0,0,-6830E
R52,948,1295,60,0,0,-5980E
R53,940,1294,60,0,0,-5980E
R54,932,1294,60,0,0,-5980E
R55,925,1293,60,0,0,-5180E
R56,917,1292,60,0,0,-5180E
R57,912,1292,60,0,0,-5180E
R58,905,1291,60,0,0,-4490E
R59,898,1291,60,0,0,-4490E
R60,892,1290,60,0,0,-4490E
R61,887,1290,60,0,0,-3990E
R62,882,1290,60,0,0,-3990E
R63,877,1290,60,0,0,-3990E
R64,873,1290,60,0,0,-3380E
R65,869,1290,60,0,0,-3380E
R66,865,1290,60,0,0,-3380E
R67,861,1290,60,0,0,-2860E
R68,857,1290,60,0,0,-2860E
R69,854,1291,60,0,0,-2860E
R70,851,1292,60,0,0,-2410E
R71,847,1293,60,0,0,-2410E
R72,845,1293,60,0,0,-2410E
R73,843,1294,60,0,0,-2010E
R74,841,1295,60,0,0,-2010E
R75,838,1296,60,0,0,-2010E
R76,836,1297,60,0,0,-1720E
R77,835,1298,60,0,0,-1720E
R78,833,1299,60,0,0,-1720E
R79,831,1300,60,0,0,-1410E
R80,829,1301,60,0,0,-1410E
R81,828,1302,60,0,0,-1410E
R82,828,1303,60,7,0,-1060E
R83,827,1304,60,14,0,-1060E
R84,826,1305,60,15,0,-1060E
R85,826,1306,60,19,0,-770E
R86,825,1308,60,20,0,-770E
R87,825,1309,60,23,0,-770E
R88,825,1310,60,30,0,-530E
R89,825,1312,60,32,0,-530E
R90,825,1314,60,38,0,-530E
R91,825,1318,60,46,0,-320E
R92,825,1321,60,51,0,-320E
R93,825,1325,60,54,0,-320E
R94,825,1332,60,56,0,-190E
R95,826,1337,60,58,0,-190E
R96,827,1342,60,60,0,-190E
R97,828,1350,60,60,0,60E
R98,829,1356,60,60,0,60E
R99,830,1363,60,60,0,60E
R100,831,1370,60,60,0,260E
R101,832,1377,60,60,0,260E
R102,834,1383,60,60,0,260E
R103,835,1390,60,60,0,460E
R104,836,1395,60,60,0,460E
R105,838,1402,60,60,0,460E
R106,840,1408,60,60,0,650E
R107,842,1414,60,60,0,650E
R108,843,1421,60,60,0,650E
R109,846,1426,60,60,0,840E
R110,848,1431,60,60,0,840E
R111,850,1436,60,60,0,840E
R112,852,1441,60,60,0,970E
R113,855,1445,60,60,0,970E
R114,857,1452,60,60,0,970E
R115,859,1456,60,60,0,1110E
R116,862,1460,60,60,0,1110E
R117,865,1466,60,60,0,1110E
R118,867,1469,60,60,0,1260E
R119,870,1474,60,60,0,1260E
R120,872,1479,60,60,0,1260E
R121,876,1483,60,60,0,1430E
R122,878,1487,60,60,0,1430E
R123,881,1491,60,60,0,1430E
R124,884,1494,60,60,0,1490E
R125,887,1498,60,60,0,1490E
R126,890,1502,60,60,0,1490E
R127,893,1505,60,60,0,1520E
R128,896,1509,60,60,0,1520E
R129,899,1511,60,60,0,1520E
R130,902,1514,60,60,0,1630E
R131,905,1518,60,60,0,1630E
R132,908,1521,60,60,0,1630E
R133,911,1525,60,60,0,1670E
R134,914,1528,60,60,0,1670E
R135,918,1531,60,60,0,1670E
R136,922,1535,60,60,0,1790E
R137,925,1537,60,60,0,1790E
R138,928,1540,60,60,0,1790E
R139,932,1543,60,60,0,1790E
R140,936,1545,60,60,0,1790E
R141,939,1548,60,60,0,1790E
R142,942,1551,60,60,0,1880E
R143,946,1554,60,60,0,1880E
R144,950,1556,60,60,0,1880E
R145,953,1559,60,60,0,1950E
R146,957,1561,60,60,0,1950E
R147,960,1564,60,60,0,1950E
R148,964,1567,60,60,0,2000E
R149,967,1569,60,60,0,2000E
R150,970,1571,60,60,0,2000E
R151,974,1573,60,60,0,2000E
R152,978,1575,60,60,0,2000E
R153,981,1579,60,60,0,2000E
R154,984,1581,60,60,0,2000E
R155,989,1583,60,60,0,2000E
R156,993,1586,60,60,0,2000E
R157,996,1587,60,60,0,2060E
R158,999,1589,60,60,0,2060E
R159,1003,1591,60,60,0,2060E
R160,1007,1593,60,60,0,2090E
R161,1010,1595,60,60,0,2090E
R162,1013,1597,60,60,0,2090E
R163,1018,1598,60,60,0,2100E
R164,1021,1600,60,60,0,2100E
R165,1025,1603,60,60,0,2100E
R166,1028,1604,60,60,0,2090E
R167,1032,1607,60,60,0,2090E
R168,1036,1609,60,60,0,2090E
R169,1039,1610,60,60,0,2100E
R170,1043,1613,60,60,0,2100E
R171,1047,1615,60,60,0,2100E
R172,1050,1617,60,60,0,2120E
R173,1054,1618,60,60,0,2120E
R174,1057,1620,60,60,0,2120E
R175,1061,1622,60,60,0,2130E
R176,1064,1623,60,60,0,2130E
R177,1067,1625,60,60,0,2130E
R178,1072,1627,60,60,0,2140E
R179,1075,1629,60,60,0,2140E
R180,1079,1630,60,60,0,2140E
R181,1082,1632,60,60,0,2090E
R182,1086,1633,60,60,0,2090E
R183,1090,1635,60,60,0,2090E
R184,1093,1637,60,60,0,2140E
R185,1097,1639,60,60,0,2140E
R186,1100,1641,60,60,0,2140E
R187,1103,1642,60,60,0,2110E
R188,1106,1643,60,60,0,2110E
R189,1110,1645,60,60,0,2110E
R190,1114,1647,60,60,0,2130E
R191,1117,1648,60,60,0,2130E
R192,1121,1650,60,60,0,2130E
R193,1124,1651,60,60,0,2110E
R194,1128,1653,60,60,0,2110E
R195,1131,1654,60,60,0,2110E
R196,1135,1656,60,60,0,2120E
R197,1138,1657,60,60,0,2120E
R198,1142,1659,60,60,0,2120E
R199,1145,1660,60,60,0,2100E
R200,1148,1662,60,60,0,2100E
R201,1152,1664,60,60,0,2100E
R202,1155,1666,60,60,0,2090E
R203,1158,1668,60,60,0,2090E
R204,1162,1669,60,60,0,2090E
R205,1166,1671,60,60,0,2100E
R206,1168,1673,60,60,0,2100E
R207,1172,1675,60,60,0,2100E
R208,1175,1676,60,60,0,2070E
R209,1178,1679,60,60,0,2070E
R210,1182,1680,60,60,0,2070E
R211,1185,1682,60,60,0,2060E
R212,1188,1683,60,60,0,2060E
R213,1192,1685,60,60,0,2060E
R214,1195,1687,60,60,0,2050E
R215,1198,1689,60,60,0,2050E
R216,1201,1690,60,60,0,2050E
R217,1204,1692,60,60,0,2020E
R218,1208,1694,60,60,0,2020E
R219,1210,1695,60,60,0,2020E
R220,1214,1697,60,60,0,2020E
R221,1217,1699,60,60,0,2020E
R222,1220,1700,60,60,0,2020E
R223,1223,1703,60,60,0,1990E
R224,1227,1705,60,60,0,1990E
R225,1231,1706,60,60,0,1990E
R226,1233,1708,60,60,0,1990E
R227,1236,1710,60,60,0,1990E
R228,1240,1712,60,60,0,1990E
R229,1243,1714,60,60,0,1970E
R230,1245,1715,60,60,0,1970E
R231,1248,1717,60,60,0,1970E
R232,1251,1719,60,60,0,1950E
R233,1254,1721,60,60,0,1950E
R234,1258,1723,60,60,0,1950E
R235,1260,1725,60,60,0,1930E
R236,1264,1726,60,60,0,1930E
R237,1267,1728,60,60,0,1930E
R238,1270,1730,60,60,0,1940E
R239,1272,1733,60,60,0,1940E
R240,1275,1735,60,60,0,1940E
R241,1278,1737,60,60,0,1900E
R242,1281,1739,60,60,0,1900E
R243,1284,1741,60,60,0,1900E
R244,1287,1743,60,60,0,1880E
R245,1289,1745,60,60,0,1880E
R246,1292,1747,60,60,0,1880E
R247,1295,1748,60,60,0,1850E
R248,1298,1750,60,60,0,1850E
R249,1301,1752,60,60,0,1850E
R250,1304,1754,60,60,0,1810E
R251,1307,1756,60,60,0,1810E
R252,1310,1757,60,60,0,1810E
R253,1312,1759,60,60,0,1810E
R254,1314,1761,60,60,0,1810E
R255,1317,1763,60,60,0,1810E
R256,1320,1765,60,60,0,1780E
R257,1323,1767,60,60,0,1780E
R258,1326,1768,60,60,0,1780E
R259,1329,1770,60,60,0,1780E
R260,1331,1772,60,60,0,1780E
R261,1334,1773,60,60,0,1780E
R262,1336,1776,60,60,0,1730E
R263,1339,1777,60,60,0,1730E
R264,1342,1778,60,60,0,1730E
R265,1344,1781,60,60,0,1710E
R266,1347,1782,60,60,0,1710E
R267,1349,1784,60,60,0,1710E
R268,1351,1786,60,60,0,1670E
R269,1354,1788,60,60,0,1670E
R270,1357,1790,60,60,0,1670E
R271,1359,1792,60,60,0,1660E
R272,1362,1793,60,60,0,1660E
R273,1364,1795,60,60,0,1660E
R274,1367,1797,60,60,0,1650E
R275,1370,1798,60,60,0,1650E
R276,1372,1799,60,60,0,1650E
R277,1374,1800,60,60,0,1610E
R278,1378,1801,60,60,0,1610E
R279,1380,1802,60,60,0,1610E
R280,1383,1804,60,60,0,1640E
R281,1385,1805,60,60,0,1640E
R282,1388,1807,60,60,0,1640E
R283,1391,1808,60,60,0,1630E
R284,1393,1810,60,60,0,1630E
R285,1395,1812,60,60,0,1630E
R286,1398,1814,60,60,0,1600E
R287,1400,1816,60,60,0,1600E
R288,1403,1818,60,60,0,1600E
R289,1405,1820,60,60,0,1570E
R290,1408,1823,60,60,0,1570E
R291,1410,1825,60,60,0,1570E
R292,1413,1827,60,60,0,1580E
R293,1415,1829,60,60,0,1580E
R294,1418,1831,60,60,0,1580E
R295,1420,1833,60,60,0,1550E
R296,1422,1835,60,60,0,1550E
R297,1425,1837,60,60,0,1550E
R298,1427,1838,60,60,0,1530E
R299,1429,1840,60,60,0,1530E
R300,1432,1842,60,60,0,1530E
R301,1434,1843,60,60,0,1510E
R302,1437,1845,60,60,0,1510E
R303,1439,1846,60,60,0,1510E
R304,1442,1848,60,60,0,1520E
R305,1444,1850,60,60,0,1520E
R306,1447,1851,60,60,0,1520E
R307,1449,1853,60,60,0,1510E
R308,1451,1854,60,60,0,1510E
R309,1454,1856,60,60,0,1510E
R310,1456,1858,60,60,0,1490E
R311,1459,1859,60,60,0,1490E
R312,1461,1861,60,60,0,1490E
R313,1463,1863,60,60,0,1480E
R314,1466,1864,60,60,0,1480E
R315,1468,1866,60,60,0,1480E
R316,1470,1868,60,60,0,1470E
R317,1472,1869,60,60,0,1470E
R318,1474,1871,60,60,0,1470E
R319,1476,1872,60,60,0,1440E
R320,1479,1874,60,60,0,1440E
R321,1481,1876,60,60,0,1440E
R322,1483,1877,60,60,0,1440E
R323,1485,1879,60,60,0,1440E
R324,1488,1880,60,60,0,1440E
R325,1490,1882,60,60,0,1430E
R326,1492,1884,60,60,0,1430E
R327,1494,1885,60,60,0,1430E
R328,1497,1886,60,60,0,1430E
R329,1499,1888,60,60,0,1430E
R330,1501,1889,60,60,0,1430E
R331,1504,1891,60,60,0,1400E
R332,1506,1893,60,60,0,1400E
R333,1508,1894,60,60,0,1400E
R334,1510,1895,60,60,0,1400E
R335,1512,1897,60,60,0,1400E
R336,1515,1899,60,60,0,1400E
R337,1517,1901,60,60,0,1400E
R338,1519,1903,60,60,0,1400E
R339,1521,1905,60,60,0,1400E
R340,1523,1906,60,60,0,1380E
R341,1525,1908,60,60,0,1380E
R342,1527,1909,60,60,0,1380E
R343,1529,1911,60,60,0,1360E
R344,1532,1913,60,60,0,1360E
R345,1534,1914,60,60,0,1360E
R346,1536,1916,60,60,0,1370E
R347,1538,1917,60,60,0,1370E
R348,1540,1918,60,60,0,1370E
R349,1543,1918,60,60,0,1350E
R350,1544,1919,60,60,0,1350E
R351,1547,1920,60,60,0,1350E
R352,1549,1921,60,60,0,1360E
R353,1551,1922,60,60,0,1360E
R354,1553,1923,60,60,0,1360E
R355,1556,1924,60,60,0,1360E
R356,1557,1925,60,60,0,1360E
R357,1560,1927,60,60,0,1360E
R358,1562,1928,60,60,0,1340E
R359,1564,1929,60,60,0,1340E
R360,1566,1932,60,60,0,1340E
R361,1569,1934,60,60,0,1350E
R362,1570,1935,60,60,0,1350E
R363,1573,1937,60,60,0,1350E
R364,1575,1939,60,60,0,1320E
R365,1577,1940,60,60,0,1320E
R366,1579,1942,60,60,0,1320E
R367,1581,1943,60,60,0,1320E
R368,1583,1945,60,60,0,1320E
R369,1585,1946,60,60,0,1320E
R370,1587,1947,60,60,0,1310E
R371,1589,1949,60,60,0,1310E
R372,1591,1950,60,60,0,1310E
R373,1593,1952,60,60,0,1300E
R374,1595,1954,60,60,0,1300E
R375,1597,1955,60,60,0,1300E
R376,1599,1956,60,60,0,1290E
R377,1600,1958,60,60,0,1290E
R378,1603,1959,60,60,0,1290E
R379,1605,1961,60,60,0,1280E
R380,1607,1962,60,60,0,1280E
R381,1609,1963,60,60,0,1280E
R382,1611,1964,60,60,0,1270E
R383,1613,1966,60,60,0,1270E
R384,1615,1967,60,60,0,1270E
R385,1617,1968,60,60,0,1260E
R386,1620,1970,60,60,0,1260E
R387,1622,1971,60,60,0,1260E
R388,1624,1972,60,60,0,1270E
R389,1625,1973,60,60,0,1270E
R390,1628,1974,60,60,0,1270E
R391,1629,1976,60,60,0,1250E
R392,1631,1977,60,60,0,1250E
R393,1633,1979,60,60,0,1250E
R394,1635,1980,60,60,0,1240E
R395,1637,1981,60,60,0,1240E
R396,1639,1983,60,60,0,1240E
R397,1641,1984,60,60,0,1240E
R398,1643,1985,60,60,0,1240E
R399,1645,1987,60,60,0,1240E
R400,1647,1988,60,60,0,1230E
R401,1649,1989,60,60,0,1230E
R402,1651,1991,60,60,0,1230E
R403,1652,1991,60,60,0,1210E
R404,1654,1993,60,60,0,1210E
R405,1656,1994,60,60,0,1210E
R406,1658,1994,60,60,0,1210E
R407,1660,1996,60,60,0,1210E
R408,1662,1997,60,60,0,1210E
R409,1664,1997,60,60,0,1210E
R410,1666,1999,60,60,0,1210E
R411,1667,2000,60,60,0,1210E
R412,1669,2001,60,60,0,1190E
R413,1671,2002,60,60,0,1190E
R414,1673,2003,60,60,0,1190E
R415,1675,2005,60,60,0,1190E
R416,1677,2006,60,60,0,1190E
R417,1679,2007,60,60,0,1190E
R418,1681,2008,60,60,0,1190E
R419,1683,2010,60,60,0,1190E
R420,1685,2011,60,60,0,1190E
R421,1687,2012,60,60,0,1190E
R422,1689,2014,60,60,0,1190E
R423,1691,2015,60,60,0,1190E
R424,1693,2017,60,60,0,1190E
R425,1695,2018,60,60,0,1190E
R426,1697,2019,60,60,0,1190E
R427,1699,2021,60,60,0,1180E
R428,1700,2022,60,60,0,1180E
R429,1702,2023,60,60,0,1180E
R430,1704,2025,60,60,0,1180E
R431,1706,2026,60,60,0,1180E
R432,1708,2027,60,60,0,1180E
R433,1710,2028,60,60,0,1180E
R434,1712,2030,60,60,0,1180E
R435,1714,2032,60,60,0,1180E
R436,1716,2033,60,60,0,1180E
R437,1717,2033,60,60,0,1180E
R438,1719,2035,60,60,0,1180E
R439,1721,2036,60,60,0,1170E
R440,1723,2037,60,60,0,1170E
R441,1724,2038,60,60,0,1170E
R442,1726,2039,60,60,0,1160E
R443,1728,2041,60,60,0,1160E
R444,1730,2042,60,60,0,1160E
R445,1732,2044,60,60,0,1160E
R446,1733,2045,60,60,0,1160E
R447,1735,2047,60,60,0,1160E
R448,1737,2048,60,60,0,1150E
R449,1738,2050,60,60,0,1150E
R450,1740,2051,60,60,0,1150E
R451,1742,2052,60,60,0,1130E
R452,1744,2053,60,60,0,1130E
R453,1746,2054,60,60,0,1130E
R454,1747,2055,60,60,0,1120E
R455,1749,2057,60,60,0,1120E
R456,1751,2058,60,60,0,1120E
R457,1752,2058,60,60,0,1110E
R458,1754,2060,60,60,0,1110E
R459,1756,2060,60,60,0,1110E
R460,1758,2061,60,60,0,1120E
R461,1760,2063,60,60,0,1120E
R462,1761,2064,60,60,0,1120E
R463,1763,2065,60,60,0,1110E
R464,1765,2065,60,60,0,1110E
R465,1767,2066,60,60,0,1110E
R466,1769,2068,60,60,0,1120E
R467,1771,2069,60,60,0,1120E
R468,1772,2070,60,60,0,1120E
R469,1774,2071,60,60,0,1100E
R470,1775,2071,60,60,0,1100E
R471,1778,2072,60,60,0,1100E
R472,1780,2073,60,60,0,1090E
R473,1781,2073,60,60,0,1090E
R474,1783,2074,60,60,0,1090E
R475,1785,2075,60,60,0,1100E
R476,1786,2076,60,60,0,1100E
R477,1788,2077,60,60,0,1100E
R478,1790,2078,60,60,0,1090E
R479,1791,2079,60,60,0,1090E
R480,1793,2080,60,60,0,1090E
R481,1795,2080,60,60,0,1080E
R482,1797,2081,60,60,0,1080E
R483,1798,2082,60,60,0,1080E
R484,1800,2083,60,60,0,1080E
R485,1801,2084,60,60,0,1080E
R486,1803,2085,60,60,0,1080E
R487,1805,2085,60,60,0,1070E
R488,1807,2086,60,60,0,1070E
R489,1808,2087,60,60,0,1070E
R490,1810,2088,60,60,0,1060E
R491,1812,2089,60,60,0,1060E
R492,1813,2090,60,60,0,1060E
R493,1815,2091,60,60,0,1060E
R494,1817,2092,60,60,0,1060E
R495,1819,2093,60,60,0,1060E
R496,1820,2093,60,60,0,1050E
R497,1822,2095,60,60,0,1050E
R498,1824,2095,60,60,0,1050E
R499,1825,2096,60,60,0,1050E
R500,1827,2097,60,60,0,1050E
R501,1829,2097,60,60,0,1050E
R502,1830,2098,60,60,0,1040E
R503,1832,2099,60,60,0,1040E
R504,1833,2100,60,60,0,1040E
R505,1835,2101,60,60,0,1040E
R506,1837,2101,60,60,0,1040E
R507,1838,2101,60,60,0,1040E
R508,1840,2102,60,60,0,1040E
R509,1842,2103,60,60,0,1040E
R510,1843,2103,60,60,0,1040E
R511,1845,2104,60,60,0,1030E
R512,1846,2104,60,60,0,1030E
R513,1848,2104,60,60,0,1030E
R514,1850,2106,60,60,0,1030E
R515,1852,2106,60,60,0,1030E
R516,1853,2107,60,60,0,1030E
R517,1855,2107,60,60,0,1030E
R518,1857,2108,60,60,0,1030E
R519,1858,2109,60,60,0,1030E
R520,1860,2110,60,60,0,1020E
R521,1862,2111,60,60,0,1020E
R522,1864,2111,60,60,0,1020E
R523,1865,2112,60,60,0,1020E
R524,1867,2112,60,60,0,1020E
R525,1869,2113,60,60,0,1020E
R526,1870,2113,60,60,0,1020E
R527,1871,2114,60,60,0,1020E
R528,1873,2115,60,60,0,1020E
R529,1874,2116,60,60,0,1010E
R530,1876,2116,60,60,0,1010E
R531,1877,2116,60,60,0,1010E
R532,1879,2117,60,60,0,1010E
R533,1880,2117,60,60,0,1010E
R534,1882,2118,60,60,0,1010E
R535,1883,2119,60,60,0,990E
R536,1885,2120,60,60,0,990E
R537,1886,2120,60,60,0,990E
R538,1888,2121,60,60,0,990E
R539,1889,2122,60,60,0,990E
R540,1891,2123,60,60,0,990E
R541,1893,2124,60,60,0,990E
R542,1894,2124,60,60,0,990E
R543,1895,2125,60,60,0,990E
R544,1897,2126,60,60,0,980E
R545,1899,2127,60,60,0,980E
R546,1900,2128,60,60,0,980E
R547,1901,2129,60,60,0,970E
R548,1903,2130,60,60,0,970E
R549,1904,2131,60,60,0,970E
R550,1906,2132,60,60,0,970E
R551,1908,2133,60,58,0,970E
R552,1910,2134,60,53,0,970E
R553,1911,2135,60,40,0,970E
R554,1913,2136,60,33,0,970E
R555,1915,2136,60,23,0,970E
R556,1916,2136,60,17,0,970E
R557,1918,2135,60,14,0,970E
R558,1919,2133,60,11,0,970E
R559,1921,2131,60,10,0,970E
R560,1922,2129,60,10,0,970E
R561,1924,2126,63,10,0,970E
R562,1925,2124,68,10,0,960E
R563,1927,2122,69,10,0,960E
R564,1929,2119,69,10,0,960E
R565,1930,2117,69,10,0,970E
R566,1931,2115,70,10,0,970E
R567,1933,2112,70,10,0,970E
R568,1934,2110,70,10,0,950E
R569,1935,2108,70,10,0,950E
R570,1936,2106,70,10,0,950E
R571,1938,2104,70,10,0,930E
R572,1939,2102,70,10,0,930E
R573,1940,2100,70,10,0,930E
R574,1941,2099,70,10,0,920E
R575,1942,2097,70,10,0,920E
R576,1943,2095,70,10,0,920E
R577,1944,2093,70,10,0,890E
R578,1946,2092,70,10,0,890E
R579,1947,2091,70,10,0,890E
R580,1947,2089,70,10,0,850E
R581,1948,2088,70,10,0,850E
R582,1949,2087,70,10,0,850E
R583,1951,2086,70,10,0,850E
R584,1952,2085,70,10,0,850E
R585,1952,2084,70,10,0,850E
R586,1953,2083,70,10,0,790E
R587,1954,2083,70,10,0,790E
R588,1955,2082,70,10,0,790E
R589,1955,2082,70,10,0,740E
R590,1957,2081,70,10,0,740E
R591,1958,2081,70,10,0,740E
R592,1958,2081,70,10,0,710E
R593,1959,2080,70,10,0,710E
R594,1960,2079,70,10,0,710E
R595,1960,2079,70,10,0,660E
R596,1961,2079,70,10,0,660E
R597,1962,2079,70,10,0,660E
R598,1963,2079,70,10,0,650E
R599,1964,2079,70,10,0,650E
R600,1964,2078,70,10,0,650E
R601,1965,2078,70,10,0,610E
R602,1966,2078,70,10,0,610E
R603,1967,2078,70,10,0,610E
R604,1968,2078,70,10,0,610E
R605,1968,2078,70,10,0,610E
R606,1969,2078,70,10,0,610E
R607,1970,2078,70,10,0,580E
R608,1970,2078,70,10,0,580E
R609,1971,2078,70,10,0,580E
R610,1971,2078,70,10,0,520E
R611,1972,2078,70,10,0,520E
R612,1973,2078,70,10,0,520E
R613,1974,2078,70,10,0,530E
R614,1974,2078,70,10,0,530E
R615,1975,2078,70,10,0,530E
R616,1975,2078,70,10,0,480E
R617,1976,2078,70,10,0,480E
R618,1977,2078,70,10,0,480E
R619,1977,2078,70,10,0,470E
R620,1978,2078,70,10,0,470E
R621,1979,2078,70,10,0,470E
R622,1980,2078,70,10,0,490E
R623,1980,2078,70,10,0,490E
R624,1981,2079,70,10,0,490E
R625,1982,2079,70,10,0,470E
R626,1983,2079,70,10,0,470E
R627,1983,2079,70,10,0,470E
R628,1984,2080,70,10,0,460E
R629,1985,2080,70,10,0,460E
R630,1986,2080,70,10,0,460E
R631,1986,2080,70,10,0,450E
R632,1987,2081,70,10,0,450E
R633,1987,2081,70,10,0,450E
R634,1988,2081,70,10,0,450E
R635,1989,2081,70,10,0,450E
R636,1990,2082,70,10,0,450E
R637,1990,2082,70,10,0,440E
R638,1991,2082,70,10,0,440E
R639,1992,2083,70,10,0,440E
R640,1992,2084,70,10,0,440E
R641,1993,2084,70,10,0,440E
R642,1994,2085,70,10,0,440E
R643,1994,2085,70,10,0,430E
R644,1995,2085,70,10,0,430E
R645,1996,2086,70,10,0,430E
R646,1997,2086,70,10,0,450E
R647,1998,2087,70,10,0,450E
R648,1998,2087,70,10,0,450E
R649,1999,2087,70,10,0,440E
R650,1999,2088,70,10,0,440E
R651,2000,2088,70,10,0,440E
R652,2001,2088,70,10,0,440E
R653,2002,2088,70,10,0,440E
R654,2002,2089,70,10,0,440E
R655,2003,2089,70,10,0,430E
R656,2004,2089,70,10,0,430E
R657,2004,2090,70,10,0,430E
R658,2005,2090,70,10,0,430E
R659,2006,2091,70,10,0,430E
R660,2007,2091,70,10,0,430E
R661,2007,2091,70,10,0,430E
R662,2008,2091,70,10,0,430E
R663,2009,2092,70,10,0,430E
R664,2009,2092,70,10,0,420E
R665,2010,2093,70,10,0,420E
R666,2011,2093,70,10,0,420E
R667,2011,2093,70,10,0,420E
R668,2012,2094,70,10,0,420E
R669,2013,2095,70,10,0,420E
R670,2014,2095,70,10,0,430E
R671,2014,2096,70,10,0,430E
R672,2015,2096,70,10,0,430E
R673,2016,2097,70,10,0,430E
R674,2016,2097,70,10,0,430E
R675,2018,2097,70,10,0,430E
R676,2018,2097,70,10,0,430E
R677,2019,2098,70,10,0,430E
R678,2020,2098,70,10,0,430E
R679,2020,2098,70,10,0,430E
R680,2021,2099,70,10,0,430E
R681,2022,2100,70,10,0,430E
R682,2023,2100,70,10,0,440E
R683,2024,2100,70,10,0,440E
R684,2024,2101,70,10,0,440E
R685,2025,2101,70,10,0,430E
R686,2026,2102,70,10,0,430E
R687,2026,2102,70,10,0,430E
R688,2027,2102,70,10,0,430E
R689,2028,2103,70,10,0,430E
R690,2029,2103,70,10,0,430E
R691,2029,2103,70,10,0,430E
R692,2030,2104,70,10,0,430E
R693,2031,2104,70,10,0,430E
R694,2032,2105,70,10,0,440E
R695,2032,2106,70,10,0,440E
R696,2033,2106,70,10,0,440E
R697,2034,2106,70,10,0,440E
R698,2035,2107,70,10,0,440E
R699,2036,2108,70,10,0,440E
R700,2036,2108,70,10,0,430E
R701,2037,2108,70,10,0,430E
R702,2038,2108,70,10,0,430E
R703,2039,2109,70,10,0,450E
R704,2040,2109,70,10,0,450E
R705,2041,2110,70,10,0,450E
R706,2041,2111,70,10,0,440E
R707,2042,2111,70,10,0,440E
R708,2043,2111,70,10,0,440E
R709,2044,2112,70,10,0,450E
R710,2045,2112,70,10,0,450E
R711,2046,2112,70,10,0,450E
R712,2046,2113,70,10,0,450E
R713,2047,2113,70,10,0,450E
R714,2048,2114,70,10,0,450E
R715,2048,2114,70,10,0,440E
R716,2050,2115,70,10,0,440E
R717,2051,2116,70,10,0,440E
R718,2051,2116,70,10,0,460E
R719,2052,2117,70,10,0,460E
R720,2053,2117,70,10,0,460E
R721,2054,2118,70,10,0,470E
R722,2055,2118,70,10,0,470E
R723,2056,2119,70,10,0,470E
R724,2056,2120,70,10,0,460E
R725,2057,2120,70,10,0,460E
R726,2057,2120,70,10,0,460E
R727,2058,2121,70,10,0,460E
R728,2059,2122,70,10,0,460E
R729,2060,2122,70,10,0,460E
R730,2061,2122,70,10,0,470E
R731,2062,2123,70,10,0,470E
R732,2063,2123,70,10,0,470E
R733,2063,2123,70,10,0,460E
R734,2064,2124,70,10,0,460E
R735,2065,2124,70,10,0,460E
R736,2066,2124,70,10,0,470E
R737,2067,2125,70,10,0,470E
R738,2067,2125,70,10,0,470E
R739,2068,2126,70,10,0,460E
R740,2069,2127,70,10,0,460E
R741,2069,2127,70,10,0,460E
R742,2070,2127,70,10,0,460E
R743,2071,2128,70,10,0,460E
R744,2072,2128,70,10,0,460E
R745,2073,2129,70,10,0,470E
R746,2074,2129,70,10,0,470E
R747,2075,2130,70,10,0,470E
R748,2075,2130,70,10,0,460E
R749,2077,2131,70,10,0,460E
R750,2077,2132,70,10,0,460E
R751,2078,2132,70,10,0,470E
R752,2079,2133,70,10,0,470E
R753,2080,2133,70,10,0,470E
R754,2081,2133,70,10,0,490E
R755,2082,2133,70,10,0,490E
R756,2083,2134,70,10,0,490E
R757,2084,2134,70,10,0,490E
R758,2085,2134,70,10,0,490E
R759,2085,2135,70,10,0,490E
R760,2086,2135,70,10,0,490E
R761,2087,2135,70,10,0,490E
R762,2088,2136,70,10,0,490E
R763,2089,2136,70,10,0,500E
R764,2090,2136,70,10,0,500E
R765,2090,2137,70,10,0,500E
R766,2091,2138,70,10,0,490E
R767,2092,2138,70,10,0,490E
R768,2093,2138,70,10,0,490E
R769,2094,2139,70,10,0,500E
R770,2095,2140,70,10,0,500E
R771,2096,2140,70,10,0,500E
R772,2096,2141,70,10,0,490E
R773,2097,2141,70,10,0,490E
R774,2099,2142,70,10,0,490E
R775,2099,2142,70,10,0,500E
R776,2100,2143,70,10,0,500E
R777,2101,2143,70,10,0,500E
R778,2102,2143,70,10,0,510E
R779,2103,2144,70,10,0,510E
R780,2104,2145,70,10,0,510E
R781,2105,2146,70,10,0,510E
R782,2106,2146,70,10,0,510E
R783,2107,2147,70,10,0,510E
R784,2107,2147,70,10,0,500E
R785,2108,2148,70,10,0,500E
R786,2109,2148,70,10,0,500E
R787,2110,2148,70,10,0,510E
R788,2111,2149,70,10,0,510E
R789,2112,2149,70,10,0,510E
R790,2113,2150,70,10,0,520E
R791,2113,2151,70,10,0,520E
R792,2114,2151,70,10,0,520E
R793,2115,2152,70,10,0,510E
R794,2116,2153,70,10,0,510E
R795,2117,2153,70,10,0,510E
R796,2118,2154,70,10,0,520E
R797,2119,2154,70,10,0,520E
R798,2120,2155,70,10,0,520E
R799,2120,2155,70,10,0,510E
R800,2121,2156,70,10,0,510E
R801,2123,2156,70,10,0,510E
R802,2124,2156,70,10,0,530E
R803,2124,2156,70,10,0,530E
R804,2125,2157,70,10,0,530E
R805,2126,2158,70,10,0,520E
R806,2128,2158,70,10,0,520E
R807,2129,2159,70,10,0,520E
R808,2129,2160,70,10,0,530E
R809,2130,2160,70,10,0,530E
R810,2131,2161,70,10,0,530E
R811,2132,2162,70,10,0,530E
R812,2132,2163,70,10,0,530E
R813,2134,2163,70,10,0,530E
R814,2134,2164,70,10,0,520E
R815,2135,2165,70,10,0,520E
R816,2136,2165,70,10,0,520E
R817,2137,2165,70,10,0,530E
R818,2138,2167,70,10,0,530E
R819,2139,2167,70,10,0,530E
R820,2140,2168,70,10,0,530E
R821,2141,2168,70,10,0,530E
R822,2142,2169,70,10,0,530E
R823,2142,2170,70,10,0,520E
R824,2144,2170,70,10,0,520E
R825,2145,2171,70,10,0,520E
R826,2146,2171,70,10,0,550E
R827,2147,2172,70,10,0,550E
R828,2147,2173,70,10,0,550E
R829,2148,2174,70,10,0,530E
R830,2150,2174,70,10,0,530E
R831,2151,2175,70,10,0,530E
R832,2152,2175,70,10,0,560E
R833,2153,2175,70,10,0,560E
R834,2153,2176,70,10,0,560E
R835,2155,2177,70,10,0,560E
R836,2155,2178,70,10,0,560E
R837,2156,2178,70,10,0,560E
R838,2157,2179,70,10,0,550E
R839,2158,2179,70,10,0,550E
R840,2160,2180,70,10,0,550E
R841,2161,2181,70,10,0,570E
R842,2161,2181,70,10,0,570E
R843,2162,2182,70,10,0,570E
R844,2163,2183,70,10,0,550E
R845,2164,2183,70,10,0,550E
R846,2165,2184,70,10,0,550E
R847,2166,2185,70,10,0,560E
R848,2167,2185,70,10,0,560E
R849,2168,2185,70,10,0,560E
R850,2169,2186,70,10,0,560E
R851,2170,2186,70,10,0,560E
R852,2171,2186,70,10,0,560E
R853,2172,2187,70,10,0,570E
R854,2173,2187,70,10,0,570E
R855,2174,2187,70,10,0,570E
R856,2175,2188,70,10,0,570E
R857,2176,2189,70,10,0,570E
R858,2177,2189,70,10,0,570E
R859,2177,2190,70,10,0,550E
R860,2179,2190,70,10,0,550E
R861,2179,2191,70,10,0,550E
R862,2180,2191,70,10,0,560E
R863,2181,2192,70,10,0,560E
R864,2183,2193,70,10,0,560E
R865,2183,2194,70,10,0,560E
R866,2185,2195,70,10,0,560E
R867,2185,2195,70,10,0,560E
R868,2187,2196,70,10,0,580E
R869,2188,2196,70,10,0,580E
R870,2189,2197,70,10,0,580E
R871,2190,2198,70,10,0,580E
R872,2191,2199,70,10,0,580E
R873,2192,2199,70,10,0,580E
R874,2194,2200,70,10,0,600E
R875,2195,2200,70,10,0,600E
R876,2196,2201,70,10,0,600E
R877,2197,2201,70,10,0,600E
R878,2198,2201,70,10,0,600E
R879,2199,2202,70,10,0,600E
R880,2200,2203,70,10,0,600E
R881,2201,2203,70,10,0,600E
R882,2202,2203,70,10,0,600E
R883,2203,2204,70,10,0,600E
R884,2204,2205,70,10,0,600E
R885,2205,2205,70,10,0,600E
R886,2206,2206,70,10,0,600E
R887,2207,2206,70,10,0,600E
R888,2208,2206,70,10,0,600E
R889,2209,2207,70,10,0,600E
R890,2210,2207,70,10,0,600E
R891,2211,2207,70,10,0,600E
R892,2212,2208,70,10,0,600E
R893,2214,2208,70,10,0,600E
R894,2215,2209,70,10,0,600E
R895,2216,2210,70,10,0,610E
R896,2217,2210,70,10,0,610E
R897,2218,2211,70,10,0,610E
R898,2219,2211,70,10,0,610E
R899,2220,2212,70,10,0,610E
R900,2221,2212,70,10,0,610E
R901,2222,2213,70,10,0,610E
R902,2223,2214,70,10,0,610E
R903,2224,2214,70,10,0,610E
R904,2226,2215,70,10,0,620E
R905,2227,2216,70,10,0,620E
R906,2228,2217,70,10,0,620E
R907,2229,2217,70,10,0,620E
R908,2230,2218,70,10,0,620E
R909,2231,2218,70,10,0,620E
R910,2232,2219,70,10,0,620E
R911,2233,2219,70,10,0,620E
P1990,825,94,1500,329,1910,552,394,359,2234,912E
