2026-06-12,10:17:07
R2,1910,29,60,50,80,100,0,60,0,40,0,0E
R3,1910,29,60,50,80,100,0,60,0,40,0,0E
R4,1861,29,60,50,80,100,0,60,0,40,0,0E
R5,1801,29,60,50,80,100,0,60,0,40,0,0E
R6,1741,29,60,50,80,100,0,60,0,40,0,0E
R7,1730,29,60,50,80,100,0,60,0,40,0,0E
R8,1690,29,60,50,80,100,0,60,0,40,0,0E
R9,1640,29,60,50,80,100,0,60,0,40,0,0E
R10,1611,29,60,50,80,100,0,60,0,40,0,0E
R11,1590,29,60,50,80,100,0,60,100,40,0,0E
R12,1556,29,60,50,80,100,0,60,100,40,0,0E
R13,1520,29,60,50,80,100,0,60,100,40,0,0E
R14,1490,29,60,50,80,100,0,60,100,40,0,0E
R15,1460,29,60,50,80,100,0,60,100,40,0,0E
R16,1430,29,60,50,80,100,0,60,100,40,0,0E
R17,1400,29,60,50,80,100,0,60,100,40,0,0E
R18,1370,29,60,50,80,100,0,60,100,40,0,0E
R19,1340,29,60,50,80,100,0,60,100,40,0,0E
R20,1327,29,60,50,80,100,0,60,100,40,0,0E
R21,1300,29,60,50,80,100,0,60,100,40,0,0E
R22,1290,30,60,50,80,100,0,60,100,40,0,0E
R23,1270,30,60,50,80,100,0,60,100,40,0,0E
R24,1241,30,60,50,80,100,0,60,100,40,0,0E
R25,1240,30,60,50,80,100,0,60,100,40,0,0E
R26,1220,30,60,50,80,100,0,60,100,40,0,0E
R27,1200,30,60,50,80,100,0,60,100,40,0,0E
R28,1180,30,60,50,80,100,0,60,100,40,0,0E
R29,1170,30,60,50,80,100,0,60,100,40,0,0E
R30,1150,30,60,50,80,100,0,60,100,40,0,0E
R31,1120,30,60,50,80,100,0,60,100,40,0,0E
R32,1090,30,60,50,80,100,0,60,100,40,0,0E
R33,1080,30,60,50,80,100,0,60,100,40,0,0E
R34,1070,30,60,50,80,100,0,60,100,40,0,0E
R35,1070,30,60,50,80,100,0,60,100,40,0,0E
R36,1060,30,60,50,80,100,0,60,100,40,0,0E
R37,1040,30,60,50,80,100,0,60,100,40,0,0E
R38,1020,30,60,50,80,100,0,60,100,40,0,0E
R39,1020,30,60,50,80,100,0,60,100,40,0,0E
R40,1010,30,60,50,80,100,0,60,100,40,0,0E
R41,1000,30,60,50,80,100,0,60,100,40,0,0E
R42,990,30,60,50,80,100,0,60,100,40,0,0E
R43,980,30,60,50,80,100,0,60,100,40,0,0E
R44,970,30,60,50,80,100,0,60,100,40,0,0E
R45,960,30,60,50,80,100,0,60,100,40,0,0E
R46,950,30,60,50,80,100,0,60,100,40,0,0E
R47,940,30,60,50,80,100,0,60,100,40,0,0E
R48,930,30,60,50,80,100,0,60,100,40,0,0E
R49,925,30,60,50,80,100,0,60,100,40,0,0E
R50,920,30,60,50,80,100,0,60,100,40,0,0E
R51,914,30,60,50,80,100,0,60,100,40,0,0E
R52,909,30,60,50,80,100,0,60,100,40,0,0E
R53,903,30,60,50,80,100,0,60,100,40,0,0E
R54,897,30,60,50,80,100,0,60,100,40,0,0E
R55,892,30,60,50,80,100,0,60,100,40,0,0E
R56,886,30,60,50,80,100,0,60,100,40,0,0E
R57,881,30,60,50,80,100,0,60,100,40,0,0E
R58,876,30,60,50,80,100,0,60,100,40,0,0E
R59,870,30,60,50,80,100,0,60,100,40,0,0E
R60,865,30,60,50,80,100,0,60,100,40,0,0E
R61,860,30,60,50,80,100,0,60,100,40,0,0E
R62,855,30,60,50,80,100,0,60,100,40,0,0E
R63,850,30,60,50,80,100,0,60,100,40,0,0E
R64,846,30,60,50,80,100,0,60,100,40,0,0E
R65,842,30,60,50,80,100,0,60,100,40,0,0E
R66,838,30,60,50,80,100,0,60,100,40,0,0E
R67,834,30,60,50,80,100,0,60,100,40,0,0E
R68,830,30,60,50,80,100,0,60,100,40,0,0E
R69,825,30,60,50,80,100,0,60,100,40,0,0E
R70,821,30,60,50,80,100,0,60,100,40,0,0E
R71,816,30,60,50,80,100,0,60,100,40,0,0E
R72,811,30,60,50,80,100,0,60,100,40,0,0E
R73,807,30,60,50,80,100,0,60,100,40,0,0E
R74,803,30,60,50,80,100,0,60,100,40,0,0E
R75,803,30,60,50,80,100,0,60,100,40,0,0E
R76,803,30,60,50,80,100,0,60,100,40,0,0E
R77,802,30,60,50,80,100,0,60,100,40,0,0E
R78,801,30,60,50,80,100,0,60,100,40,0,0E
R79,800,30,60,50,80,100,0,60,100,40,0,0E
R80,799,30,60,50,80,100,0,60,100,40,0,0E
R81,798,30,60,50,80,100,0,60,100,40,0,0E
R82,797,30,60,50,80,100,0,60,100,40,0,0E
R83,795,30,60,50,80,100,0,60,100,40,0,0E
R84,794,30,60,50,80,100,0,60,100,40,0,0E
R85,793,30,60,50,80,100,0,60,100,40,0,0E
R86,792,30,60,50,80,100,0,60,100,40,0,0E
R87,791,30,60,50,80,100,0,60,100,40,0,0E
R88,791,30,60,50,80,100,0,60,100,40,0,0E
R89,791,30,60,50,80,100,0,60,100,40,0,0E
R90,790,30,60,50,80,100,0,60,100,40,0,0E
R91,790,30,60,50,80,100,0,60,100,40,0,0E
R92,790,30,60,50,80,100,0,60,100,40,0,0E
R93,791,30,60,50,80,100,0,60,100,40,0,0E
R94,791,30,60,50,80,100,0,60,100,40,0,0E
R95,792,30,60,50,80,100,0,60,100,40,0,0E
R96,795,30,60,50,80,100,0,60,100,40,0,0E
R97,797,30,60,50,80,100,0,60,100,40,0,0E
R98,798,30,60,50,80,100,0,60,100,40,0,0E
R99,799,30,60,100,80,100,0,60,100,40,0,0E
R100,800,30,60,100,80,100,0,60,100,40,0,0E
R101,802,30,60,100,80,100,0,60,100,40,0,0E
R102,804,30,60,100,80,100,0,60,100,40,0,0E
R103,805,30,60,100,80,100,0,60,100,40,0,0E
R104,807,30,60,100,80,100,0,60,100,40,0,0E
R105,807,30,60,100,80,100,0,60,100,40,0,0E
R106,808,30,60,100,80,100,0,60,100,40,0,0E
R107,809,30,60,100,80,100,0,60,100,40,0,0E
R108,810,30,60,100,80,100,0,60,100,40,0,0E
R109,811,30,60,100,80,100,0,60,100,40,0,0E
R110,813,30,60,100,80,100,0,60,100,40,0,0E
R111,814,30,60,100,80,100,0,60,100,40,0,0E
R112,815,30,60,100,80,100,0,60,100,40,0,0E
R113,817,30,60,100,80,100,0,60,100,40,0,0E
R114,818,30,60,100,80,100,0,60,100,40,0,0E
R115,819,30,60,100,80,100,0,60,100,40,0,0E
R116,820,30,60,100,80,100,0,60,100,40,0,0E
R117,822,30,60,100,80,100,0,60,100,40,0,0E
R118,823,30,60,100,80,100,0,60,100,40,0,0E
R119,824,30,60,100,80,100,0,60,100,40,0,0E
R120,825,30,60,100,80,100,0,60,100,40,0,0E
R121,827,30,60,100,80,100,0,60,100,40,0,0E
R122,828,30,60,100,80,100,0,60,100,40,0,0E
R123,830,30,60,100,80,100,0,60,100,40,0,0E
R124,832,30,60,100,80,100,0,60,100,40,0,0E
R125,834,30,60,100,80,100,0,60,100,40,0,0E
R126,835,30,60,100,80,100,0,60,100,40,0,0E
R127,837,30,60,100,80,100,0,60,100,40,0,0E
R128,838,30,60,100,80,100,0,60,100,40,0,0E
R129,840,30,60,100,80,100,0,60,100,40,0,0E
R130,841,30,60,100,80,100,0,60,100,40,0,0E
R131,843,30,60,100,80,100,0,60,100,40,0,0E
R132,844,30,60,100,80,100,0,60,100,40,0,0E
R133,846,30,60,100,80,100,0,60,100,40,0,0E
R134,848,30,60,100,80,100,0,60,100,40,0,0E
R135,849,30,60,100,80,100,0,60,100,40,0,0E
R136,851,30,60,100,80,100,0,60,100,40,0,0E
R137,853,30,60,100,80,100,0,60,100,40,0,0E
R138,855,30,60,100,80,100,0,60,100,40,0,0E
R139,856,30,60,100,80,100,0,60,100,40,0,0E
R140,858,30,60,100,80,100,0,60,100,40,0,0E
R141,858,30,60,100,80,100,0,60,100,40,0,0E
R142,860,30,60,100,80,100,0,60,100,40,0,0E
R143,861,30,60,100,80,100,0,60,100,40,0,0E
R144,863,30,60,100,80,100,0,60,100,40,0,0E
R145,865,30,60,100,80,100,0,60,100,40,0,0E
R146,866,30,60,100,80,100,0,60,100,40,0,0E
R147,868,30,60,100,80,100,0,60,100,40,0,0E
R148,869,30,60,100,80,100,0,60,100,40,0,0E
R149,872,30,60,100,80,100,0,60,100,40,0,0E
R150,874,30,60,100,80,100,0,60,100,40,0,0E
R151,875,30,60,100,80,100,0,60,100,40,0,0E
R152,877,30,60,100,80,100,0,60,100,40,0,0E
R153,878,30,60,100,80,100,0,60,100,40,0,0E
R154,880,30,60,100,80,100,0,60,100,40,0,0E
R155,882,30,60,100,80,100,0,60,100,40,0,0E
R156,883,30,60,100,80,100,0,60,100,40,0,0E
R157,885,30,60,100,80,100,0,60,100,40,0,0E
R158,887,30,60,100,80,100,0,60,100,40,0,0E
R159,889,30,60,100,80,100,0,60,100,40,0,0E
R160,891,30,60,100,80,100,0,60,100,40,0,0E
R161,892,30,60,100,80,100,0,60,100,40,0,0E
R162,894,30,60,100,80,100,0,60,100,40,0,0E
R163,896,30,60,100,80,100,0,60,100,40,0,0E
R164,898,30,60,100,80,100,0,60,100,40,0,0E
R165,900,30,60,100,80,100,0,60,100,40,0,0E
R166,902,30,60,100,80,100,0,60,100,40,0,0E
R167,903,30,60,100,80,100,0,60,100,40,0,0E
R168,905,30,60,100,80,100,0,60,100,40,0,0E
R169,907,30,60,100,80,100,0,60,100,40,0,0E
R170,909,30,60,100,80,100,0,60,100,40,0,0E
R171,911,30,60,100,80,100,0,60,100,40,0,0E
R172,913,30,60,100,80,100,0,60,100,40,0,0E
R173,915,30,60,100,80,100,0,60,100,40,0,0E
R174,916,30,60,100,80,100,0,60,100,40,0,0E
R175,919,30,60,100,80,100,0,60,100,40,0,0E
R176,920,30,60,100,80,100,0,60,100,40,0,0E
R177,922,30,60,100,80,100,0,60,100,40,0,0E
R178,924,30,60,100,80,100,0,60,100,40,0,0E
R179,926,30,60,100,80,100,0,60,100,40,0,0E
R180,928,30,60,100,80,100,0,60,100,40,0,0E
R181,929,30,60,100,80,100,0,60,100,40,0,0E
R182,931,30,60,100,80,100,0,60,100,40,0,0E
R183,933,30,60,100,80,100,0,60,100,40,0,0E
R184,935,30,60,100,80,100,0,60,100,40,0,0E
R185,937,30,60,100,80,100,0,60,100,40,0,0E
R186,939,30,60,100,80,100,0,60,100,40,0,0E
R187,940,30,60,100,80,100,0,60,100,40,0,0E
R188,942,30,60,100,80,100,0,60,100,40,0,0E
R189,944,30,60,100,80,100,0,60,100,40,0,0E
R190,946,30,60,100,80,100,0,60,100,40,0,0E
R191,948,30,60,100,80,100,0,60,100,40,0,0E
R192,950,30,60,100,80,100,0,60,100,40,0,0E
R193,952,30,60,100,80,100,0,60,100,40,0,0E
R194,954,30,60,100,80,100,0,60,100,40,0,0E
R195,956,30,60,100,80,100,0,60,100,40,0,0E
R196,958,30,60,100,80,100,0,60,100,40,0,0E
R197,960,30,60,100,80,100,0,60,100,40,0,0E
R198,962,30,60,100,80,100,0,60,100,40,0,0E
R199,963,30,60,100,80,100,0,60,100,40,0,0E
R200,965,30,60,100,80,100,0,60,100,40,0,0E
R201,967,30,60,100,80,100,0,60,100,40,0,0E
R202,968,30,60,100,80,100,0,60,100,40,0,0E
R203,970,30,60,100,80,100,0,60,100,40,0,0E
R204,972,30,60,100,80,100,0,60,100,40,0,0E
R205,974,30,60,100,80,100,0,60,100,40,0,0E
R206,976,30,60,100,80,100,0,60,100,40,0,0E
R207,978,30,60,100,80,100,0,60,100,40,0,0E
R208,980,30,60,100,80,100,0,60,100,40,0,0E
R209,982,30,60,100,80,100,0,60,100,40,0,0E
R210,984,30,60,100,80,100,0,60,100,40,0,0E
R211,986,30,60,100,80,100,0,60,100,40,0,0E
R212,988,30,60,100,80,100,0,60,100,40,0,0E
R213,991,30,60,100,80,100,0,60,100,40,0,0E
R214,993,30,60,100,80,100,0,60,100,40,0,0E
R215,995,30,60,100,80,100,0,60,100,40,0,0E
R216,997,30,60,100,80,100,0,60,100,40,0,0E
R217,999,30,60,100,80,100,0,60,100,40,0,0E
R218,1001,30,60,100,80,100,0,60,100,40,0,0E
R219,1003,30,60,100,80,100,0,60,100,40,0,0E
R220,1005,30,60,100,80,100,0,60,100,40,0,0E
R221,1007,30,60,100,80,100,0,60,100,40,0,0E
R222,1009,30,60,100,80,100,0,60,100,40,0,0E
R223,1011,30,60,100,80,100,0,60,100,40,0,0E
R224,1013,30,60,100,80,100,0,60,100,40,0,0E
R225,1015,30,60,100,80,100,0,60,100,40,0,0E
R226,1018,30,60,100,80,100,0,60,100,40,0,0E
R227,1020,30,60,100,80,100,0,60,100,40,0,0E
R228,1022,30,60,100,80,100,0,60,100,40,0,0E
R229,1023,30,60,100,80,100,0,60,100,40,0,0E
R230,1025,30,60,100,80,100,0,60,100,40,0,0E
R231,1027,30,60,100,80,100,0,60,100,40,0,0E
R232,1030,30,60,100,80,100,0,60,100,40,0,0E
R233,1032,30,60,100,80,100,0,60,100,40,0,0E
R234,1034,30,60,100,80,100,0,60,100,40,0,0E
R235,1035,30,60,100,80,100,0,60,100,40,0,0E
R236,1036,30,60,100,80,100,0,60,100,40,0,0E
R237,1039,30,60,100,80,100,0,60,100,40,0,0E
R238,1040,30,60,100,80,100,0,60,100,40,0,0E
R239,1042,30,60,100,80,100,0,60,100,40,0,0E
R240,1045,30,60,100,80,100,0,60,100,40,0,0E
R241,1047,30,60,100,80,100,0,60,100,40,0,0E
R242,1049,30,60,100,80,100,0,60,100,40,0,0E
R243,1051,30,60,100,80,100,0,60,100,40,0,0E
R244,1054,30,60,100,80,100,0,60,100,40,0,0E
R245,1056,30,60,100,80,100,0,60,100,40,0,0E
R246,1057,30,60,100,80,100,0,60,100,40,0,0E
R247,1059,30,60,100,80,100,0,60,100,40,0,0E
R248,1061,30,60,100,80,100,0,60,100,40,0,0E
R249,1062,30,60,100,80,100,0,60,100,40,0,0E
R250,1064,30,60,100,80,100,0,60,100,40,0,0E
R251,1066,30,60,100,80,100,0,60,100,40,0,0E
R252,1067,30,60,100,80,100,0,60,100,40,0,0E
R253,1070,30,60,100,80,100,0,60,100,40,0,0E
R254,1072,30,60,100,80,100,0,60,100,40,0,0E
R255,1074,30,60,100,80,100,0,60,100,40,0,0E
R256,1075,30,60,100,80,100,0,60,100,40,0,0E
R257,1077,30,60,100,80,100,0,60,100,40,0,0E
R258,1078,30,60,100,80,100,0,60,100,40,0,0E
R259,1080,30,60,100,80,100,0,60,100,40,0,0E
R260,1082,30,60,100,80,100,0,60,100,40,0,0E
R261,1084,30,60,100,80,100,0,60,100,40,0,0E
R262,1085,30,60,100,80,100,0,60,100,40,0,0E
R263,1087,30,60,100,80,100,0,60,100,40,0,0E
R264,1089,30,60,100,80,100,0,60,100,40,0,0E
R265,1091,30,60,100,80,100,0,60,100,40,0,0E
R266,1093,30,60,100,80,100,0,60,100,40,0,0E
R267,1095,30,60,100,80,100,0,60,100,40,0,0E
R268,1098,30,60,100,80,100,0,60,100,40,0,0E
R269,1100,30,60,100,80,100,0,60,100,40,0,0E
R270,1102,30,60,100,80,100,0,60,100,40,0,0E
R271,1104,30,60,100,80,100,0,60,100,40,0,0E
R272,1106,30,60,100,80,100,0,60,100,40,0,0E
R273,1108,30,60,100,80,100,0,60,100,40,0,0E
R274,1111,30,60,100,80,100,0,60,100,40,0,0E
R275,1112,30,60,100,80,100,0,60,100,40,0,0E
R276,1115,30,60,100,80,100,0,60,100,40,0,0E
R277,1117,30,60,100,80,100,0,60,100,40,0,0E
R278,1118,30,60,100,80,100,0,60,100,40,0,0E
R279,1120,30,60,100,80,100,0,60,100,40,0,0E
R280,1124,30,60,100,80,100,0,60,100,40,0,0E
R281,1126,30,60,100,80,100,0,60,100,40,0,0E
R282,1127,30,60,100,80,100,0,60,100,40,0,0E
R283,1129,30,60,100,80,100,0,60,100,40,0,0E
R284,1131,30,60,100,80,100,0,60,100,40,0,0E
R285,1132,30,60,100,80,100,0,60,100,40,0,0E
R286,1134,30,60,100,80,100,0,60,100,40,0,0E
R287,1136,30,60,100,80,100,0,60,100,40,0,0E
R288,1138,30,60,100,80,100,0,60,100,40,0,0E
R289,1139,30,60,100,80,100,0,60,100,40,0,0E
R290,1140,30,60,100,80,100,0,60,100,40,0,0E
R291,1141,30,60,100,80,100,0,60,100,40,0,0E
R292,1143,30,60,100,80,100,0,60,100,40,0,0E
R293,1145,30,60,100,80,100,0,60,100,40,0,0E
R294,1147,30,60,100,80,100,0,60,100,40,0,0E
R295,1148,30,60,100,80,100,0,60,100,40,0,0E
R296,1150,30,60,100,80,100,0,60,100,40,0,0E
R297,1153,30,60,100,80,100,0,60,100,40,0,0E
R298,1155,30,60,100,80,100,0,60,100,40,0,0E
R299,1157,30,60,100,80,100,0,60,100,40,0,0E
R300,1159,30,60,100,80,100,0,60,100,40,0,0E
R301,1161,30,60,100,80,100,0,60,100,40,0,0E
R302,1163,30,60,100,80,100,0,60,100,40,0,0E
R303,1166,30,60,100,80,100,0,60,100,40,0,0E
R304,1168,30,60,100,80,100,0,60,100,40,0,0E
R305,1170,30,60,100,80,100,0,60,100,40,0,0E
R306,1172,30,60,100,80,100,0,60,100,40,0,0E
R307,1174,30,60,100,80,100,0,60,100,40,0,0E
R308,1176,30,60,100,80,100,0,60,100,40,0,0E
R309,1178,30,60,100,80,100,0,60,100,40,0,0E
R310,1180,30,60,100,80,100,0,60,100,40,0,0E
R311,1183,30,60,100,80,100,0,60,100,40,0,0E
R312,1184,30,60,100,80,100,0,60,100,40,0,0E
R313,1186,30,60,100,80,100,0,60,100,40,0,0E
R314,1187,30,60,100,80,100,0,60,100,40,0,0E
R315,1189,30,60,100,80,100,0,60,100,40,0,0E
R316,1191,30,60,100,80,100,0,60,100,40,0,0E
R317,1193,30,60,100,80,100,0,60,100,40,0,0E
R318,1195,30,60,100,80,100,0,60,100,40,0,0E
R319,1196,30,60,100,80,100,0,60,100,40,0,0E
R320,1199,30,60,100,80,100,0,60,100,40,0,0E
R321,1201,30,60,100,80,100,0,60,100,40,0,0E
R322,1202,30,60,100,80,100,0,60,100,40,0,0E
R323,1204,30,60,100,80,100,0,60,100,40,0,0E
R324,1206,30,60,100,80,100,0,60,100,40,0,0E
R325,1208,30,60,100,80,100,0,60,100,40,0,0E
R326,1210,30,60,100,80,100,0,60,100,40,0,0E
R327,1212,30,60,100,80,100,0,60,100,40,0,0E
R328,1214,30,60,100,80,100,0,60,100,40,0,0E
R329,1216,30,60,100,80,100,0,60,100,40,0,0E
R330,1218,30,60,100,80,100,0,60,100,40,0,0E
R331,1220,30,60,100,80,100,0,60,100,40,0,0E
R332,1223,30,60,100,80,100,0,60,100,40,0,0E
R333,1225,30,60,100,80,100,0,60,100,40,0,0E
R334,1227,30,60,100,80,100,0,60,100,40,0,0E
R335,1228,30,60,100,80,100,0,60,100,40,0,0E
R336,1230,30,60,100,80,100,0,60,100,40,0,0E
R337,1232,30,60,100,80,100,0,60,100,40,0,0E
R338,1234,30,60,100,80,100,0,60,100,40,0,0E
R339,1236,30,60,100,80,100,0,60,100,40,0,0E
R340,1238,30,60,100,80,100,0,60,100,40,0,0E
R341,1240,30,60,100,80,100,0,60,100,40,0,0E
R342,1242,30,60,100,80,100,0,60,100,40,0,0E
R343,1244,30,60,100,80,100,0,60,100,40,0,0E
R344,1246,30,60,100,80,100,0,60,100,40,0,0E
R345,1248,30,60,100,80,100,0,60,100,40,0,0E
R346,1250,30,60,100,80,100,0,60,100,40,0,0E
R347,1252,30,60,100,80,100,0,60,100,40,0,0E
R348,1253,30,60,100,80,100,0,60,100,40,0,0E
R349,1254,30,60,100,80,100,0,60,100,40,0,0E
R350,1257,30,60,100,80,100,0,60,100,40,0,0E
R351,1259,30,60,100,80,100,0,60,100,40,0,0E
R352,1261,30,60,100,80,100,0,60,100,40,0,0E
R353,1264,30,60,100,80,100,0,60,100,40,0,0E
R354,1266,30,60,100,80,100,0,60,100,40,0,0E
R355,1266,30,60,100,80,100,0,60,100,40,0,0E
R356,1268,30,60,100,80,100,0,60,100,40,0,0E
R357,1271,30,60,100,80,100,0,60,100,40,0,0E
R358,1274,30,60,100,80,100,0,60,100,40,0,0E
R359,1277,30,60,100,80,100,0,60,100,40,0,0E
R360,1279,30,60,100,80,100,0,60,100,40,0,0E
R361,1280,30,60,100,80,100,0,60,100,40,0,0E
R362,1282,30,60,100,80,100,0,60,100,40,0,0E
R363,1282,30,60,100,80,100,0,60,100,40,0,0E
R364,1284,30,60,100,80,100,0,60,100,40,0,0E
R365,1286,30,60,100,80,100,0,60,100,40,0,0E
R366,1288,30,60,100,80,100,0,60,100,40,0,0E
R367,1289,30,60,100,80,100,0,60,100,40,0,0E
R368,1291,30,60,100,80,100,0,60,100,40,0,0E
R369,1292,30,60,100,80,100,0,60,100,40,0,0E
R370,1294,30,60,100,80,100,0,60,100,40,0,0E
R371,1296,30,60,100,80,100,0,60,100,40,0,0E
R372,1298,30,60,100,80,100,0,60,100,40,0,0E
R373,1299,30,60,100,80,100,0,60,100,40,0,0E
R374,1301,30,60,100,80,100,0,60,100,40,0,0E
R375,1303,30,60,100,80,100,0,60,100,40,0,0E
R376,1304,30,60,100,80,100,0,60,100,40,0,0E
R377,1306,30,60,100,80,100,0,60,100,40,0,0E
R378,1308,30,60,100,80,100,0,60,100,40,0,0E
R379,1310,30,60,100,80,100,0,60,100,40,0,0E
R380,1313,30,60,100,80,100,0,60,100,40,0,0E
R381,1315,30,60,100,80,100,0,60,100,40,0,0E
R382,1316,30,60,100,80,100,0,60,100,40,0,0E
R383,1318,30,60,100,80,100,0,60,100,40,0,0E
R384,1320,30,60,100,80,100,0,60,100,40,0,0E
R385,1322,30,60,100,80,100,0,60,100,40,0,0E
R386,1323,30,60,100,80,100,0,60,100,40,0,0E
R387,1326,30,60,100,80,100,0,60,100,40,0,0E
R388,1328,30,60,100,80,100,0,60,100,40,0,0E
R389,1330,30,60,100,80,100,0,60,100,40,0,0E
R390,1332,30,60,100,80,100,0,60,100,40,0,0E
R391,1333,30,60,100,80,100,0,60,100,40,0,0E
R392,1335,30,60,100,80,100,0,60,100,40,0,0E
R393,1336,30,60,100,80,100,0,60,100,40,0,0E
R394,1337,30,60,100,80,100,0,60,100,40,0,0E
R395,1337,30,60,100,80,100,0,60,100,40,0,0E
R396,1339,30,60,100,80,100,0,60,100,40,0,0E
R397,1339,30,60,100,80,100,0,60,100,40,0,0E
R398,1340,30,60,100,80,100,0,60,100,40,0,0E
R399,1342,30,60,100,80,100,0,60,100,40,0,0E
R400,1343,30,60,100,80,100,0,60,100,40,0,0E
R401,1344,30,60,100,80,100,0,60,100,40,0,0E
R402,1346,30,60,100,80,100,0,60,100,40,0,0E
R403,1347,30,60,100,80,100,0,60,100,40,0,0E
R404,1348,30,60,100,80,100,0,60,100,40,0,0E
R405,1350,30,60,100,80,100,0,60,100,40,0,0E
R406,1351,30,60,100,80,100,0,60,100,40,0,0E
R407,1352,30,60,100,80,100,0,60,100,40,0,0E
R408,1353,30,60,100,80,100,0,60,100,40,0,0E
R409,1353,30,60,100,80,100,0,60,100,40,0,0E
R410,1354,30,60,100,80,100,0,60,100,40,0,0E
R411,1355,30,60,100,80,100,0,60,100,40,0,0E
R412,1357,30,60,100,80,100,0,60,100,40,0,0E
R413,1358,30,60,100,80,100,0,60,100,40,0,0E
R414,1359,30,60,100,80,100,0,60,100,40,0,0E
R415,1360,30,60,100,80,100,0,60,100,40,0,0E
R416,1361,30,60,100,80,100,0,60,100,40,0,0E
R417,1362,30,60,100,80,100,0,60,100,40,0,0E
R418,1364,30,60,100,80,100,0,60,100,40,0,0E
R419,1366,30,60,100,80,100,0,60,100,40,0,0E
R420,1368,30,60,100,80,100,0,60,100,40,0,0E
R421,1370,30,60,100,80,100,0,60,100,40,0,0E
R422,1372,30,60,100,80,100,0,60,100,40,0,0E
R423,1373,30,60,100,80,100,0,60,100,40,0,0E
R424,1375,30,60,85,80,100,0,60,100,40,0,0E
R425,1376,30,60,85,80,100,0,60,100,40,0,0E
R426,1376,30,60,85,80,100,0,60,100,40,0,0E
R427,1378,30,60,85,80,100,0,60,100,40,0,0E
R428,1379,30,60,85,80,100,0,60,100,40,0,0E
R429,1380,30,60,85,80,100,0,60,100,40,0,0E
R430,1381,30,60,85,80,100,0,60,100,40,0,0E
R431,1382,30,60,85,80,100,0,60,100,40,0,0E
R432,1383,30,60,85,80,100,0,60,100,40,0,0E
R433,1383,30,60,85,80,100,0,60,100,40,0,0E
R434,1384,30,60,85,80,100,0,60,100,40,0,0E
R435,1384,30,60,85,80,100,0,60,100,40,0,0E
R436,1386,30,60,85,80,100,0,60,100,40,0,0E
R437,1386,30,60,85,80,100,0,60,100,40,0,0E
R438,1387,30,60,85,80,100,0,60,100,40,0,0E
R439,1388,30,60,85,80,100,0,60,100,40,0,0E
R440,1389,30,60,85,80,100,0,60,100,40,0,0E
R441,1389,30,60,85,80,100,0,60,100,40,0,0E
R442,1391,30,60,85,80,100,0,60,100,40,0,0E
R443,1391,30,60,85,80,100,0,60,100,40,0,0E
R444,1392,30,60,85,80,100,0,60,100,40,0,0E
R445,1393,30,60,85,80,100,0,60,100,40,0,0E
R446,1394,30,60,85,80,100,0,60,100,40,0,0E
R447,1395,30,60,85,80,100,0,60,100,40,0,0E
R448,1396,30,60,85,80,100,0,60,100,40,0,0E
R449,1397,30,60,85,80,100,0,60,100,40,0,0E
R450,1398,30,60,85,80,100,0,60,100,40,0,0E
R451,1399,30,60,85,80,100,0,60,100,40,0,0E
R452,1400,30,60,85,80,100,0,60,100,40,0,0E
R453,1401,30,60,85,80,100,0,60,100,40,0,0E
R454,1403,30,60,85,80,100,0,60,100,40,0,0E
R455,1404,30,60,85,80,100,0,60,100,40,0,0E
R456,1406,30,60,85,80,100,0,60,100,40,0,0E
R457,1407,30,60,85,80,100,0,60,100,40,0,0E
R458,1409,30,60,85,80,100,0,60,100,40,0,0E
R459,1410,30,60,85,80,100,0,60,100,40,0,0E
R460,1412,30,60,85,80,100,0,60,100,40,0,0E
R461,1413,30,60,85,80,100,0,60,100,40,0,0E
R462,1415,30,60,85,80,100,0,60,100,40,0,0E
R463,1416,30,60,85,80,100,0,60,100,40,0,0E
R464,1417,30,60,85,80,100,0,60,100,40,0,0E
R465,1418,30,60,85,80,100,0,60,100,40,0,0E
R466,1418,30,60,85,80,100,0,60,100,40,0,0E
R467,1419,30,60,85,80,100,0,60,100,40,0,0E
R468,1420,30,60,85,80,100,0,60,100,40,0,0E
R469,1420,30,60,85,80,100,0,60,100,40,0,0E
R470,1421,30,60,85,80,100,0,60,100,40,0,0E
R471,1422,30,60,85,80,100,0,60,100,40,0,0E
R472,1423,30,60,85,80,100,0,60,100,40,0,0E
R473,1423,30,60,85,80,100,0,60,100,40,0,0E
R474,1424,30,60,85,80,100,0,60,100,40,0,0E
R475,1425,30,60,85,80,100,0,60,100,40,0,0E
R476,1426,30,60,85,80,100,0,60,100,40,0,0E
R477,1427,30,60,85,80,100,0,60,100,40,0,0E
R478,1428,30,60,85,80,100,0,60,100,40,0,0E
R479,1428,30,60,85,80,100,0,60,100,40,0,0E
R480,1429,30,60,85,80,100,0,60,100,40,0,0E
R481,1429,30,60,85,80,100,0,60,100,40,0,0E
R482,1430,30,60,85,80,100,0,60,100,40,0,0E
R483,1431,30,60,85,80,100,0,60,100,40,0,0E
R484,1432,30,60,85,80,100,0,60,100,40,0,0E
R485,1433,30,60,85,80,100,0,60,100,40,0,0E
R486,1435,30,60,85,80,100,0,60,100,40,0,0E
R487,1436,30,60,85,80,100,0,60,100,40,0,0E
R488,1438,30,60,85,80,100,0,60,100,40,0,0E
R489,1438,30,60,85,80,100,0,60,100,40,0,0E
R490,1439,30,60,85,80,100,0,60,100,40,0,0E
R491,1440,30,60,85,80,100,0,60,100,40,0,0E
R492,1440,30,60,85,80,100,0,60,100,40,0,0E
R493,1440,30,60,85,80,100,0,60,100,40,0,0E
R494,1441,30,60,85,80,100,0,60,100,40,0,0E
R495,1442,30,60,85,80,100,0,60,100,40,0,0E
R496,1444,30,60,85,80,100,0,60,100,40,0,0E
R497,1444,30,60,85,80,100,0,60,100,40,0,0E
R498,1445,30,60,85,80,100,0,60,100,40,0,0E
R499,1446,30,60,85,80,100,0,60,100,40,0,0E
R500,1447,30,60,85,80,100,0,60,100,40,0,0E
R501,1448,30,60,85,80,100,0,60,100,40,0,0E
R502,1448,30,60,85,80,100,0,60,100,40,0,0E
R503,1449,30,60,85,80,100,0,60,100,40,0,0E
R504,1450,30,60,85,80,100,0,60,100,40,0,0E
R505,1451,30,60,85,80,100,0,60,100,40,0,0E
R506,1452,30,60,85,80,100,0,60,100,40,0,0E
R507,1453,30,60,85,80,100,0,60,100,40,0,0E
R508,1453,30,60,85,80,100,0,60,100,40,0,0E
R509,1454,30,60,85,80,100,0,60,100,40,0,0E
R510,1455,30,60,85,80,100,0,60,100,40,0,0E
R511,1456,30,60,85,80,100,0,60,100,40,0,0E
R512,1456,30,60,85,80,100,0,60,100,40,0,0E
R513,1457,30,60,85,80,100,0,60,100,40,0,0E
R514,1458,30,60,85,80,100,0,60,100,40,0,0E
R515,1458,30,60,85,80,100,0,60,100,40,0,0E
R516,1459,30,60,85,80,100,0,60,100,40,0,0E
R517,1460,30,60,85,80,100,0,60,100,40,0,0E
R518,1461,30,60,85,80,100,0,60,100,40,0,0E
R519,1462,30,60,85,80,100,0,60,100,40,0,0E
R520,1463,30,60,85,80,100,0,60,100,40,0,0E
R521,1463,30,60,85,80,100,0,60,100,40,0,0E
R522,1464,30,60,85,80,100,0,60,100,40,0,0E
R523,1465,30,60,85,80,100,0,60,100,40,0,0E
R524,1465,30,60,85,80,100,0,60,100,40,0,0E
R525,1466,30,60,85,80,100,0,60,100,40,0,0E
R526,1467,30,60,85,80,100,0,60,100,40,0,0E
R527,1467,30,60,85,80,100,0,60,100,40,0,0E
R528,1468,30,60,85,80,100,0,60,100,40,0,0E
R529,1468,30,60,85,80,100,0,60,100,40,0,0E
R530,1469,30,60,85,80,100,0,60,100,40,0,0E
R531,1469,30,60,85,80,100,0,60,100,40,0,0E
R532,1470,30,60,85,80,100,0,60,100,40,0,0E
R533,1470,30,60,85,80,100,0,60,100,40,0,0E
R534,1471,30,60,85,80,100,0,60,100,40,0,0E
R535,1471,30,60,85,80,100,0,60,100,40,0,0E
R536,1471,30,60,85,80,100,0,60,100,40,0,0E
R537,1472,30,60,85,80,100,0,60,100,40,0,0E
R538,1473,30,60,85,80,100,0,60,100,40,0,0E
R539,1473,30,60,85,80,100,0,60,100,40,0,0E
R540,1474,30,60,85,80,100,0,60,100,40,0,0E
R541,1474,30,60,85,80,100,0,60,100,40,0,0E
R542,1474,30,60,85,80,100,0,60,100,40,0,0E
R543,1474,30,60,85,80,100,0,60,100,40,0,0E
R544,1475,30,60,85,80,100,0,60,100,40,0,0E
R545,1475,30,60,85,80,100,0,60,100,40,0,0E
R546,1476,30,60,85,80,100,0,60,100,40,0,0E
R547,1476,30,60,85,80,100,0,60,100,40,0,0E
R548,1477,30,60,85,80,100,0,60,100,40,0,0E
R549,1478,30,60,85,80,100,0,60,100,40,0,0E
R550,1479,30,60,85,80,100,0,60,100,40,0,0E
R551,1479,30,60,85,80,100,0,60,100,40,0,0E
R552,1480,30,60,85,80,100,0,60,100,40,0,0E
R553,1481,30,60,85,80,100,0,100,100,40,0,0E
R554,1482,30,60,85,80,100,0,100,100,40,0,0E
R555,1482,30,60,85,80,100,0,100,100,40,0,0E
R556,1483,30,60,85,80,100,0,100,100,40,0,0E
R557,1483,30,60,85,80,100,0,100,100,40,0,0E
R558,1484,30,60,85,80,100,0,100,100,40,0,0E
R559,1484,30,60,85,80,100,0,100,100,40,0,0E
R560,1485,30,60,85,80,100,0,100,100,40,0,0E
R561,1486,30,60,85,80,100,0,100,100,40,0,0E
R562,1486,30,60,85,80,100,0,100,100,40,0,0E
R563,1487,30,60,85,80,100,0,100,100,40,0,0E
R564,1487,30,60,85,80,100,0,100,100,40,0,0E
R565,1488,30,60,85,80,100,0,100,100,40,0,0E
R566,1488,30,60,85,80,100,0,100,100,40,0,0E
R567,1489,30,60,85,80,100,0,100,100,40,0,0E
R568,1490,30,60,85,80,100,0,100,100,40,0,0E
R569,1491,30,60,85,80,100,0,100,100,40,0,0E
R570,1492,30,60,85,80,100,0,100,100,40,0,0E
R571,1492,30,60,85,80,100,0,100,100,40,0,0E
R572,1493,30,60,85,80,100,0,100,100,40,0,0E
R573,1494,30,60,85,80,100,0,100,100,40,0,0E
R574,1495,30,60,85,80,100,0,100,100,40,0,0E
R575,1495,30,60,85,80,100,0,100,100,40,0,0E
R576,1496,30,60,85,80,100,0,100,100,40,0,0E
R577,1497,30,60,85,80,100,0,100,100,40,0,0E
R578,1498,30,60,85,80,100,0,100,100,40,0,0E
R579,1499,30,60,85,80,100,0,100,100,40,0,0E
R580,1499,30,60,85,80,100,0,100,100,40,0,0E
R581,1500,30,60,85,80,100,0,100,100,40,0,0E
R582,1501,30,60,85,80,100,0,100,100,40,0,0E
R583,1502,30,60,85,80,100,0,100,100,40,0,0E
R584,1502,30,60,85,80,100,0,100,100,40,0,0E
R585,1503,30,60,85,80,100,0,100,100,40,0,0E
R586,1504,30,60,85,80,100,0,100,100,40,0,0E
R587,1505,30,60,85,80,100,0,100,100,40,0,0E
R588,1505,30,60,85,80,100,0,100,100,40,0,0E
R589,1506,30,60,85,80,100,0,100,100,40,0,0E
R590,1506,30,60,85,80,100,0,100,100,40,0,0E
R591,1507,30,60,85,80,100,0,100,100,40,0,0E
R592,1508,30,60,85,80,100,0,100,100,40,0,0E
R593,1508,30,60,85,80,100,0,100,100,40,0,0E
R594,1509,30,60,85,80,100,0,100,100,40,0,0E
R595,1510,30,60,85,80,100,0,100,100,40,0,0E
R596,1510,30,60,85,80,100,0,100,100,40,0,0E
R597,1511,30,60,85,80,100,0,100,100,40,0,0E
R598,1511,30,60,85,80,100,0,100,100,40,0,0E
R599,1512,30,60,85,80,100,0,100,100,40,0,0E
R600,1513,30,60,85,80,100,0,100,100,40,0,0E
R601,1514,30,60,85,80,100,0,100,100,40,0,0E
R602,1515,30,60,85,80,100,0,100,100,40,0,0E
R603,1515,30,60,85,80,100,0,100,100,40,0,0E
R604,1516,30,60,85,80,100,0,100,100,40,0,0E
R605,1516,30,60,85,80,100,0,100,100,40,0,0E
R606,1516,30,60,85,80,100,0,100,100,40,0,0E
R607,1517,30,60,85,80,100,0,100,100,40,0,0E
R608,1517,30,60,85,80,100,0,100,100,40,0,0E
R609,1518,30,60,85,80,100,0,100,100,40,0,0E
R610,1518,30,60,85,80,100,0,100,100,40,0,0E
R611,1519,30,60,85,80,100,0,100,100,40,0,0E
R612,1519,30,60,85,80,100,0,100,100,40,0,0E
R613,1520,30,60,85,80,100,0,100,100,40,0,0E
R614,1520,30,60,85,80,100,0,100,100,40,0,0E
R615,1521,30,60,85,80,100,0,100,100,40,0,0E
R616,1522,30,60,85,80,100,0,100,100,40,0,0E
R617,1522,30,60,85,80,100,0,100,100,40,0,0E
R618,1523,30,60,85,80,100,0,100,100,40,0,0E
R619,1523,30,60,85,80,100,0,100,100,40,0,0E
R620,1524,30,60,85,80,100,0,100,100,40,0,0E
R621,1524,30,60,85,80,100,0,100,100,40,0,0E
R622,1525,30,60,85,80,100,0,100,100,40,0,0E
R623,1526,30,60,85,80,100,0,100,100,40,0,0E
R624,1526,30,60,85,80,100,0,100,100,40,0,0E
R625,1527,30,60,85,80,100,0,100,100,40,0,0E
R626,1527,30,60,85,80,100,0,100,100,40,0,0E
R627,1527,30,60,85,80,100,0,100,100,40,0,0E
R628,1528,30,60,85,80,100,0,100,100,40,0,0E
R629,1528,30,60,85,80,100,0,100,100,40,0,0E
R630,1528,30,60,85,80,100,0,100,100,40,0,0E
R631,1529,30,60,85,80,100,0,100,100,40,0,0E
R632,1530,30,60,85,80,100,0,100,100,40,0,0E
R633,1530,30,60,85,80,100,0,100,100,40,0,0E
R634,1531,30,60,85,80,100,0,100,100,40,0,0E
R635,1531,30,60,85,80,100,0,100,100,40,0,0E
R636,1531,30,60,85,80,100,0,100,100,40,0,0E
R637,1532,30,60,85,80,100,0,100,100,40,0,0E
R638,1532,30,60,85,80,100,0,100,100,40,0,0E
R639,1533,30,60,85,80,100,0,100,100,40,0,0E
R640,1533,30,60,85,80,100,0,100,100,40,0,0E
R641,1533,30,60,85,80,100,0,100,100,40,0,0E
R642,1534,30,60,85,80,100,0,100,100,40,0,0E
R643,1534,30,60,85,80,100,0,100,100,40,0,0E
R644,1535,30,60,85,80,100,0,100,100,40,0,0E
R645,1536,30,60,85,80,100,0,100,100,40,0,0E
R646,1536,30,60,85,80,100,0,100,100,40,0,0E
R647,1537,30,60,85,80,100,0,100,100,40,0,0E
R648,1537,30,60,85,80,100,0,100,100,40,0,0E
R649,1538,30,60,85,80,100,0,100,100,40,0,0E
R650,1539,30,60,85,80,100,0,100,100,40,0,0E
R651,1539,30,60,85,80,100,0,100,100,40,0,0E
R652,1540,30,60,85,80,100,0,100,100,40,0,0E
R653,1541,30,60,60,80,100,0,100,100,40,0,0E
R654,1541,30,60,60,80,100,0,100,100,40,0,0E
R655,1542,30,60,60,80,100,0,100,100,40,0,0E
R656,1542,30,60,60,80,100,0,100,100,40,0,0E
R657,1542,30,60,60,80,100,0,100,100,40,0,0E
R658,1542,30,60,60,80,100,0,100,100,40,0,0E
R659,1542,30,60,60,80,100,0,100,100,40,0,0E
R660,1543,30,60,60,80,100,0,100,100,40,0,0E
R661,1543,30,60,60,80,100,0,100,100,40,0,0E
R662,1543,30,60,60,80,100,0,100,100,40,0,0E
R663,1544,30,60,60,80,100,0,100,100,40,0,0E
R664,1544,30,60,60,80,100,0,100,100,40,0,0E
R665,1544,30,60,60,80,100,0,100,100,40,0,0E
R666,1545,30,60,60,80,100,0,100,100,40,0,0E
R667,1545,30,60,60,80,100,0,100,100,40,0,0E
R668,1545,30,60,60,80,100,0,100,100,40,0,0E
R669,1545,30,60,60,80,100,0,100,100,40,0,0E
R670,1545,30,60,60,80,100,0,100,100,40,0,0E
R671,1546,30,60,60,80,100,0,100,100,40,0,0E
R672,1546,30,60,60,80,100,0,100,100,40,0,0E
R673,1547,30,60,60,80,100,0,100,100,40,0,0E
R674,1547,30,60,60,80,100,0,100,100,40,0,0E
R675,1547,30,60,60,80,100,0,100,100,40,0,0E
R676,1547,30,60,60,80,100,0,100,100,40,0,0E
R677,1547,30,60,60,80,100,0,100,100,40,0,0E
R678,1547,30,60,60,80,100,0,100,100,40,0,0E
R679,1548,30,60,60,80,100,0,100,100,40,0,0E
R680,1548,30,60,60,80,100,0,100,100,40,0,0E
R681,1548,30,60,60,80,100,0,100,100,40,0,0E
R682,1548,30,60,60,80,100,0,100,100,40,0,0E
R683,1548,30,60,60,80,100,0,100,100,40,0,0E
R684,1549,30,60,60,80,100,0,100,100,40,0,0E
R685,1549,30,60,60,80,100,0,100,100,40,0,0E
R686,1549,30,60,60,80,100,0,100,100,40,0,0E
R687,1549,30,60,60,80,100,0,100,100,40,0,0E
R688,1549,30,60,60,80,100,0,100,100,40,0,0E
R689,1549,30,60,60,80,100,0,100,100,40,0,0E
R690,1549,30,60,60,80,100,0,100,100,40,0,0E
R691,1549,30,60,60,80,100,0,100,100,40,0,0E
R692,1549,30,60,60,80,100,0,100,100,40,0,0E
R693,1549,30,60,60,80,100,0,100,100,40,0,0E
R694,1550,30,60,60,80,100,0,100,100,40,0,0E
R695,1551,30,60,60,80,100,0,100,100,40,0,0E
R696,1551,30,60,60,80,100,0,100,100,40,0,0E
R697,1552,30,60,60,80,100,0,100,100,40,0,0E
R698,1552,30,60,60,80,100,0,100,100,40,0,0E
R699,1553,30,60,60,80,100,0,100,100,40,0,0E
R700,1553,30,60,60,80,100,0,100,100,40,0,0E
R701,1554,30,60,60,80,100,0,100,100,40,0,0E
R702,1555,30,60,60,80,100,0,100,100,40,0,0E
R703,1555,30,60,60,80,100,0,100,100,40,0,0E
R704,1556,30,60,60,80,100,0,100,100,40,0,0E
R705,1556,30,60,60,80,100,0,100,100,40,0,0E
R706,1557,30,60,60,80,100,0,100,100,40,0,0E
R707,1558,30,60,60,80,100,0,100,100,40,0,0E
R708,1560,30,60,60,80,100,0,100,100,40,0,0E
R709,1560,30,60,45,80,100,0,100,100,40,0,0E
R710,1561,30,60,45,80,100,0,100,100,40,0,0E
R711,1561,30,60,45,80,100,0,100,100,40,0,0E
R712,1562,30,60,45,80,100,0,100,100,40,0,0E
R713,1562,30,60,45,80,100,0,100,100,40,0,0E
R714,1562,30,60,45,80,100,0,100,100,40,0,0E
R715,1562,30,60,45,80,100,0,100,100,40,0,0E
R716,1563,30,60,45,80,100,0,100,100,40,0,0E
R717,1563,30,60,45,80,100,0,100,100,40,0,0E
R718,1563,30,60,45,80,100,0,100,100,40,0,0E
R719,1564,30,60,45,80,100,0,100,100,40,0,0E
R720,1564,30,60,45,80,100,0,100,100,40,0,0E
R721,1564,30,60,45,80,100,0,100,100,40,0,0E
R722,1565,30,60,45,80,100,0,100,100,40,0,0E
R723,1565,30,60,45,80,100,0,100,100,40,0,0E
R724,1566,30,60,45,80,100,0,100,100,40,0,0E
R725,1566,30,60,45,80,100,0,100,100,40,0,0E
R726,1567,30,60,45,80,100,0,100,100,40,0,0E
R727,1567,30,60,45,80,100,0,100,100,40,0,0E
R728,1568,30,60,45,80,100,0,100,100,40,0,0E
R729,1568,30,60,45,80,100,0,100,100,40,0,0E
R730,1569,30,60,45,80,100,0,100,100,40,0,0E
R731,1569,30,60,45,80,100,0,100,100,40,0,0E
R732,1570,30,60,45,80,100,0,100,100,40,0,0E
R733,1571,30,60,45,80,100,0,100,100,40,0,0E
R734,1571,30,60,45,80,100,0,100,100,40,0,0E
R735,1572,30,60,45,80,100,0,100,100,40,0,0E
R736,1572,30,60,45,80,100,0,100,100,40,0,0E
R737,1573,30,60,45,80,100,0,100,100,40,0,0E
R738,1573,30,60,45,80,100,0,100,100,40,0,0E
R739,1574,30,60,45,80,100,0,100,100,40,0,0E
R740,1574,30,60,45,80,100,0,100,100,40,0,0E
R741,1575,30,60,45,80,100,0,100,100,40,0,0E
R742,1576,30,60,45,80,100,0,100,100,40,0,0E
R743,1576,30,60,45,80,100,0,100,100,40,0,0E
R744,1577,30,60,45,80,100,0,100,100,40,0,0E
R745,1577,30,60,45,80,100,0,100,100,40,0,0E
R746,1578,30,60,45,80,100,0,100,100,40,0,0E
R747,1579,30,60,45,80,100,0,100,100,40,0,0E
R748,1580,30,60,45,80,100,0,100,100,40,0,0E
R749,1580,30,60,45,80,100,0,100,100,40,0,0E
R750,1581,30,60,45,80,100,0,100,100,40,0,0E
R751,1582,30,60,45,80,100,0,100,100,40,0,0E
R752,1583,30,60,45,80,100,0,100,100,40,0,0E
R753,1584,30,60,45,80,100,0,100,100,40,0,0E
R754,1584,30,60,45,80,100,0,100,100,40,0,0E
R755,1584,30,60,45,80,100,0,100,100,40,0,0E
R756,1585,30,60,45,80,100,0,100,100,40,0,0E
R757,1586,30,60,45,80,100,0,100,100,40,0,0E
R758,1587,30,60,45,80,100,0,100,100,40,0,0E
R759,1587,30,60,45,80,100,0,100,100,40,0,0E
R760,1587,30,60,45,80,100,0,100,100,40,0,0E
R761,1588,30,60,45,80,100,0,100,100,40,0,0E
R762,1589,30,60,45,80,100,0,100,100,40,0,0E
R763,1589,30,60,45,80,100,0,100,100,40,0,0E
R764,1589,30,60,45,80,100,0,100,100,40,0,0E
R765,1590,30,60,45,80,100,0,100,100,40,0,0E
R766,1590,30,60,45,80,100,0,100,100,40,0,0E
R767,1591,30,60,45,80,100,0,100,100,40,0,0E
R768,1591,30,60,45,80,100,0,100,100,40,0,0E
R769,1592,30,60,45,80,100,0,100,100,40,0,0E
R770,1593,30,60,45,80,100,0,100,100,40,0,0E
R771,1593,30,60,45,80,100,0,100,100,40,0,0E
R772,1594,30,60,45,80,100,0,100,100,40,0,0E
R773,1594,30,60,45,80,100,0,100,100,40,0,0E
R774,1595,30,60,45,80,100,0,100,100,40,0,0E
R775,1595,30,60,45,80,100,0,100,100,40,0,0E
R776,1596,30,60,45,80,100,0,100,100,40,0,0E
R777,1596,30,60,45,80,100,0,100,100,40,0,0E
R778,1597,30,60,45,80,100,0,100,100,40,0,0E
R779,1597,30,60,45,80,100,0,100,100,40,0,0E
R780,1597,30,60,45,80,100,0,100,100,40,0,0E
R781,1598,30,60,45,80,100,0,100,100,40,0,0E
R782,1599,30,60,45,80,100,0,100,100,40,0,0E
R783,1599,30,60,45,80,100,0,100,100,40,0,0E
R784,1599,30,60,45,80,100,0,100,100,40,0,0E
R785,1600,30,60,45,80,100,0,100,100,40,0,0E
R786,1600,30,60,45,80,100,0,100,100,40,0,0E
R787,1600,30,60,45,80,100,0,100,100,40,0,0E
R788,1601,30,60,45,80,100,0,100,0,40,0,0E
R789,1601,30,60,45,80,100,0,100,0,40,0,0E
R790,1601,30,60,45,80,100,0,100,0,40,0,0E
R791,1602,30,60,45,80,100,0,100,0,40,0,0E
R792,1603,30,60,45,80,100,0,100,0,40,0,0E
R793,1603,30,60,45,80,100,0,100,0,40,0,0E
R794,1604,30,60,45,80,100,0,100,0,40,0,0E
R795,1604,30,60,45,80,100,0,100,0,40,0,0E
R796,1604,30,60,45,80,100,0,100,0,40,0,0E
R797,1604,30,60,45,80,100,0,100,0,40,0,0E
R798,1604,30,60,45,80,100,0,100,0,40,0,0E
R799,1605,30,60,45,80,100,0,100,0,40,0,0E
R800,1606,30,60,45,80,100,0,100,0,40,0,0E
R801,1606,30,60,45,80,100,0,100,0,40,0,0E
R802,1606,30,60,45,80,100,0,100,0,40,0,0E
R803,1606,30,60,45,80,100,0,100,0,40,0,0E
R804,1607,30,60,45,80,100,0,100,0,40,0,0E
R805,1607,30,60,45,80,100,0,100,0,40,0,0E
R806,1608,30,60,45,80,100,0,100,0,40,0,0E
R807,1608,30,60,45,80,100,0,100,0,40,0,0E
R808,1609,30,60,45,80,100,0,100,0,40,0,0E
R809,1610,30,60,45,80,100,0,100,0,40,0,0E
R810,1610,30,60,45,80,100,0,100,0,40,0,0E
R811,1611,30,60,45,80,100,0,100,0,40,0,0E
R812,1612,30,60,45,80,100,0,100,0,40,0,0E
R813,1613,30,60,45,80,100,0,100,0,40,0,0E
R814,1614,30,60,45,80,100,0,100,0,40,0,0E
R815,1615,30,60,45,80,100,0,100,0,40,0,0E
R816,1615,30,60,45,80,100,0,100,0,40,0,0E
R817,1616,30,60,45,80,100,0,100,0,40,0,0E
R818,1617,30,60,45,80,100,0,100,0,40,0,0E
R819,1618,30,60,45,80,100,0,100,0,40,0,0E
R820,1618,30,60,45,80,100,0,100,0,40,0,0E
R821,1619,30,60,45,80,100,0,100,0,40,0,0E
R822,1619,30,60,45,80,100,0,100,0,40,0,0E
R823,1620,30,60,45,80,100,0,100,0,40,0,0E
R824,1620,30,60,45,80,100,0,100,0,40,0,0E
R825,1621,30,60,45,80,100,0,100,0,40,0,0E
R826,1621,30,60,45,80,100,0,100,0,40,0,0E
R827,1622,30,60,45,80,100,0,100,0,40,0,0E
R828,1623,30,60,45,80,100,0,100,0,40,0,0E
R829,1623,30,60,45,80,100,0,100,0,40,0,0E
R830,1624,30,60,45,80,100,0,100,0,40,0,0E
R831,1624,30,60,45,80,100,0,100,0,40,0,0E
R832,1625,30,60,45,80,100,0,100,0,40,0,0E
R833,1626,30,60,45,80,100,0,100,0,40,0,0E
R834,1627,30,60,45,80,100,0,100,0,40,0,0E
R835,1628,30,60,45,80,100,0,100,0,40,0,0E
R836,1628,30,60,45,80,100,0,100,0,40,0,0E
R837,1629,30,60,45,80,100,0,100,0,40,0,0E
R838,1630,30,60,45,80,100,0,100,0,40,0,0E
R839,1630,30,60,45,80,100,0,100,0,40,0,0E
R840,1631,30,60,45,80,100,0,100,0,40,0,0E
R841,1631,30,60,45,80,100,0,100,0,40,0,0E
R842,1632,30,60,45,80,100,0,100,0,40,0,0E
R843,1632,30,60,45,80,100,0,100,0,40,0,0E
R844,1633,30,60,45,80,100,0,100,0,40,0,0E
R845,1633,30,60,45,80,100,0,100,0,40,0,0E
R846,1634,30,60,45,80,100,0,100,0,40,0,0E
R847,1634,30,60,45,80,100,0,100,0,40,0,0E
R848,1635,30,60,45,80,100,0,100,0,40,0,0E
R849,1635,30,60,45,80,100,0,100,0,40,0,0E
R850,1636,30,60,45,80,100,0,100,0,40,0,0E
R851,1637,30,60,45,80,100,0,100,0,40,0,0E
R852,1637,30,60,45,80,100,0,100,0,40,0,0E
R853,1638,30,60,45,80,100,0,100,0,40,0,0E
R854,1638,30,60,45,80,100,0,100,0,40,0,0E
R855,1639,30,60,45,80,100,0,100,0,40,0,0E
R856,1640,30,60,45,80,100,0,100,0,40,0,0E
R857,1640,30,60,45,80,100,0,100,0,40,0,0E
R858,1641,30,60,45,80,100,0,100,0,40,0,0E
R859,1642,30,60,45,80,100,0,100,0,40,0,0E
R860,1643,30,60,45,80,100,0,100,0,40,0,0E
R861,1643,30,60,45,80,100,0,100,0,40,0,0E
R862,1644,30,60,45,80,100,0,100,0,40,0,0E
R863,1645,30,60,45,80,100,0,100,0,40,0,0E
R864,1646,30,60,45,80,100,0,100,0,40,0,0E
R865,1646,30,60,45,80,100,0,100,0,40,0,0E
R866,1647,30,60,45,80,100,0,100,0,40,0,0E
R867,1648,30,60,45,80,100,0,100,0,40,0,0E
R868,1649,30,60,45,80,100,0,100,0,40,0,0E
R869,1650,30,60,45,80,100,0,100,0,40,0,0E
R870,1650,30,60,45,80,100,0,100,0,40,0,0E
R871,1652,30,60,45,80,100,0,100,0,40,0,0E
R872,1653,30,60,45,80,100,0,100,0,40,0,0E
R873,1654,30,60,45,80,100,0,100,0,40,0,0E
R874,1655,30,60,45,80,100,0,100,0,40,0,0E
R875,1656,30,60,45,80,100,0,100,0,40,0,0E
R876,1657,30,60,45,80,100,0,100,0,40,0,0E
R877,1658,30,60,45,80,100,0,100,0,40,0,0E
R878,1658,30,60,45,80,100,0,100,0,40,0,0E
R879,1659,30,60,45,80,100,0,100,0,40,0,0E
R880,1660,30,60,45,80,100,0,100,0,40,0,0E
R881,1661,30,60,45,80,100,0,100,0,40,0,0E
R882,1661,30,60,45,80,100,0,100,0,40,0,0E
R883,1662,30,60,45,80,100,0,100,0,40,0,0E
R884,1663,30,60,45,80,100,0,100,0,40,0,0E
R885,1663,30,60,45,80,100,0,100,0,40,0,0E
R886,1664,30,60,45,80,100,0,100,0,40,0,0E
R887,1664,30,60,45,80,100,0,100,0,40,0,0E
R888,1665,30,60,45,80,100,0,100,0,40,0,0E
R889,1666,30,60,45,80,100,0,100,0,40,0,0E
R890,1666,30,60,45,80,100,0,100,0,40,0,0E
R891,1667,30,60,45,80,100,0,100,0,40,0,0E
R892,1668,30,60,45,80,100,0,100,0,40,0,0E
R893,1668,30,60,45,80,100,0,100,0,40,0,0E
R894,1668,30,60,45,80,100,0,100,0,40,0,0E
R895,1668,30,60,45,80,100,0,100,0,40,0,0E
R896,1668,30,60,45,80,100,0,100,0,40,0,0E
R897,1669,30,60,45,80,100,0,100,0,40,0,0E
R898,1669,30,60,45,80,100,0,100,0,40,0,0E
R899,1669,30,60,45,80,100,0,100,0,40,0,0E
R900,1670,30,60,45,80,100,0,100,0,40,0,0E
R901,1670,30,60,45,80,100,0,100,0,40,0,0E
R902,1671,30,60,45,80,100,0,100,0,40,0,0E
R903,1671,30,60,45,80,100,0,100,0,40,0,0E
R904,1672,30,60,45,80,100,0,100,0,40,0,0E
R905,1672,30,60,45,80,100,0,100,0,40,0,0E
R906,1673,30,60,45,80,100,0,100,0,40,0,0E
R907,1673,30,60,45,80,100,0,100,0,40,0,0E
R908,1674,30,60,45,80,100,0,100,0,40,0,0E
R909,1675,30,60,45,80,100,0,100,0,40,0,0E
R910,1675,30,60,45,80,100,0,100,0,40,0,0E
R911,1676,30,60,45,80,100,0,100,0,40,0,0E
R912,1677,30,60,45,80,100,0,100,0,40,0,0E
R913,1677,30,60,45,80,100,0,100,0,40,0,0E
R914,1678,30,60,45,80,100,0,100,0,40,0,0E
R915,1679,30,60,45,80,100,0,100,0,40,0,0E
R916,1679,30,60,45,80,100,0,100,0,40,0,0E
R917,1680,30,60,45,80,100,0,100,0,40,0,0E
R918,1681,30,60,45,80,100,0,100,0,100,0,0E
R919,1681,30,60,45,80,100,0,100,0,100,0,0E
R920,1681,30,60,45,80,100,0,100,0,100,0,0E
R921,1682,30,60,45,80,100,0,100,0,100,0,0E
R922,1682,30,60,45,80,100,0,100,0,100,0,0E
R923,1683,30,60,45,80,100,0,100,0,100,0,0E
R924,1684,30,60,45,80,100,0,100,0,100,0,0E
R925,1685,30,60,45,80,100,0,100,0,100,0,0E
R926,1685,30,60,45,80,100,0,100,0,100,0,0E
R927,1686,30,60,45,80,100,0,100,0,100,0,0E
R928,1687,30,60,45,80,100,0,100,0,100,0,0E
R929,1688,30,60,45,80,100,0,100,0,100,0,0E
R930,1689,30,60,45,80,100,0,100,0,100,0,0E
R931,1689,30,60,45,80,100,0,100,0,100,0,0E
R932,1690,30,60,45,80,100,0,100,0,100,0,0E
R933,1691,30,60,45,80,100,0,100,0,100,0,0E
R934,1691,30,60,45,80,100,0,100,0,100,0,0E
R935,1692,30,60,45,80,100,0,100,0,100,0,0E
R936,1692,30,60,45,80,100,0,100,0,100,0,0E
R937,1693,30,60,45,80,100,0,100,0,100,0,0E
R938,1693,30,60,45,80,100,0,100,0,100,0,0E
R939,1694,30,60,45,80,100,0,100,0,100,0,0E
R940,1694,30,60,45,80,100,0,100,0,100,0,0E
R941,1695,30,60,45,80,100,0,100,0,100,0,0E
R942,1695,30,60,45,80,100,0,100,0,100,0,0E
R943,1696,30,60,45,80,100,0,100,0,100,0,0E
R944,1696,30,60,45,80,100,0,100,0,100,0,0E
R945,1696,30,60,45,80,100,0,100,0,100,0,0E
R946,1696,30,60,45,80,100,0,100,0,100,0,0E
R947,1697,30,60,45,80,100,0,100,0,100,0,0E
R948,1697,30,60,45,80,100,0,100,0,100,0,0E
R949,1698,30,60,45,80,100,0,100,0,100,0,0E
R950,1698,30,60,45,80,100,0,100,0,100,0,0E
R951,1699,30,60,45,80,100,0,100,0,100,0,0E
R952,1699,30,60,45,80,100,0,100,0,100,0,0E
R953,1700,30,60,45,80,100,0,100,0,100,0,0E
R954,1701,30,60,45,80,100,0,100,0,100,0,0E
R955,1701,30,60,45,80,100,0,100,0,100,0,0E
R956,1702,30,60,45,80,100,0,100,0,100,0,0E
R957,1702,30,60,45,80,100,0,100,0,100,0,0E
R958,1703,30,60,45,80,100,0,100,0,100,0,0E
R959,1703,30,60,45,80,100,0,100,0,100,0,0E
R960,1704,30,60,45,80,100,0,100,0,100,0,0E
R961,1705,30,60,45,80,100,0,100,0,100,0,0E
R962,1705,30,60,45,80,100,0,100,0,100,0,0E
R963,1706,30,60,45,80,100,0,100,0,100,0,0E
R964,1707,30,60,45,80,100,0,100,0,100,0,0E
R965,1707,30,60,45,80,100,0,100,0,100,0,0E
R966,1707,30,60,45,80,100,0,100,0,100,0,0E
R967,1708,30,60,45,80,100,0,100,0,100,0,0E
R968,1709,30,60,45,80,100,0,100,0,100,0,0E
R969,1709,30,60,45,80,100,0,100,0,100,0,0E
R970,1710,30,60,45,80,100,0,100,0,100,0,0E
R971,1710,30,60,45,80,100,0,100,0,100,0,0E
R972,1711,30,60,45,80,100,0,100,0,100,0,0E
R973,1712,30,60,45,80,100,0,100,0,100,0,0E
R974,1712,30,60,45,80,100,0,100,0,100,0,0E
R975,1712,30,60,45,80,100,0,100,0,100,0,0E
R976,1714,30,60,45,80,100,0,100,0,100,0,0E
R977,1714,30,60,45,80,100,0,100,0,100,0,0E
R978,1714,30,60,45,80,100,0,100,0,100,0,0E
R979,1715,30,60,45,80,100,0,100,0,100,0,0E
R980,1716,30,60,45,80,100,0,100,0,100,0,0E
R981,1716,30,60,45,80,100,0,100,0,100,0,0E
R982,1717,30,60,45,80,100,0,100,0,100,0,0E
R983,1717,30,60,45,80,100,0,100,0,100,0,0E
R984,1718,30,60,45,80,100,0,100,0,100,0,0E
R985,1718,30,60,45,80,100,0,100,0,100,0,0E
R986,1719,30,60,45,80,100,0,100,0,100,0,0E
R987,1719,30,60,45,80,100,0,100,0,100,0,0E
R988,1720,30,60,45,80,100,0,100,0,100,0,0E
R989,1721,30,60,45,80,100,0,100,0,100,0,0E
R990,1721,30,60,45,80,100,0,100,0,100,0,0E
R991,1722,30,60,45,80,100,0,100,0,100,0,0E
R992,1723,30,60,45,80,100,0,100,0,100,0,0E
R993,1723,30,60,45,80,100,0,100,0,100,0,0E
R994,1723,30,60,45,80,100,0,100,0,100,0,0E
R995,1723,30,60,45,80,100,0,100,0,100,0,0E
R996,1723,30,60,45,80,100,0,100,0,100,0,0E
R997,1723,30,60,45,80,100,0,100,0,100,0,0E
R998,1724,30,60,45,80,100,0,100,0,100,0,0E
R999,1724,30,60,45,80,100,0,100,0,100,0,0E
R1000,1724,30,60,45,80,100,0,100,0,100,0,0E
R1001,1724,30,60,45,80,100,0,100,0,100,0,0E
R1002,1725,30,60,45,80,100,0,100,0,100,0,0E
R1003,1726,30,60,45,80,100,0,100,0,100,0,0E
R1004,1726,30,60,45,80,100,0,100,0,100,0,0E
R1005,1727,30,60,45,80,100,0,100,0,100,0,0E
R1006,1727,30,60,45,80,100,0,100,0,100,0,0E
R1007,1728,30,60,45,80,100,0,100,0,100,0,0E
R1008,1729,30,60,45,80,100,0,100,0,100,0,0E
R1009,1729,30,60,45,80,100,0,100,0,100,0,0E
R1010,1730,30,60,45,80,100,0,100,0,100,0,0E
R1011,1730,30,60,45,80,100,0,100,0,100,0,0E
R1012,1730,30,60,45,80,100,0,100,0,100,0,0E
R1013,1731,30,60,45,80,100,0,100,0,100,0,0E
R1014,1731,30,60,45,80,100,0,100,0,100,0,0E
R1015,1731,30,60,45,80,100,0,100,0,100,0,0E
R1016,1732,30,60,45,80,100,0,100,0,100,0,0E
R1017,1733,30,60,45,80,100,0,100,0,100,0,0E
R1018,1733,30,60,45,80,100,0,100,0,100,0,0E
R1019,1733,30,60,45,80,100,0,100,0,100,0,0E
R1020,1733,30,60,45,80,100,0,100,0,100,0,0E
R1021,1733,30,60,45,80,100,0,100,0,100,0,0E
R1022,1733,30,60,45,80,100,0,100,0,100,0,0E
R1023,1734,30,60,45,80,100,0,100,0,100,0,0E
R1024,1734,30,60,45,80,100,0,100,0,100,0,0E
R1025,1734,30,60,45,80,100,0,100,0,100,0,0E
R1026,1734,30,60,45,80,100,0,100,0,100,0,0E
R1027,1734,30,60,45,80,100,0,100,0,100,0,0E
R1028,1734,30,60,45,80,100,0,100,0,100,0,0E
R1029,1734,30,60,45,80,100,0,100,0,100,0,0E
R1030,1734,30,60,45,80,100,0,100,0,100,0,0E
R1031,1735,30,60,45,80,100,0,100,0,100,0,0E
R1032,1736,30,60,45,80,100,0,100,0,100,0,0E
R1033,1736,30,60,45,80,100,0,100,0,100,0,0E
R1034,1737,30,60,45,80,100,0,100,0,100,0,0E
R1035,1738,30,60,45,80,100,0,100,0,100,0,0E
R1036,1739,30,60,45,80,100,0,100,0,100,0,0E
R1037,1740,30,60,45,80,100,0,100,0,100,0,0E
R1038,1740,30,60,45,80,100,0,100,0,100,0,0E
R1039,1741,30,60,45,80,100,0,100,0,100,0,0E
R1040,1742,30,60,45,80,100,0,100,0,100,0,0E
R1041,1743,30,60,45,80,100,0,100,0,100,0,0E
R1042,1744,30,60,45,80,100,0,100,0,100,0,0E
R1043,1745,30,60,45,80,100,0,100,0,100,0,0E
R1044,1746,30,60,45,80,100,0,100,0,100,0,0E
R1045,1747,30,60,45,80,100,0,100,0,100,0,0E
R1046,1747,30,60,45,80,100,0,100,0,100,0,0E
R1047,1748,30,60,45,80,100,0,100,0,100,0,0E
R1048,1749,30,60,45,80,100,0,100,0,100,0,0E
R1049,1750,30,60,45,80,100,0,100,0,100,0,0E
R1050,1750,30,60,45,80,100,0,100,0,100,0,0E
R1051,1751,30,60,45,80,100,0,100,0,100,0,0E
R1052,1752,30,60,45,80,100,0,100,0,100,0,0E
R1053,1753,30,60,45,80,100,0,100,0,100,0,0E
R1054,1754,30,60,45,80,100,0,100,0,100,0,0E
R1055,1755,30,60,45,80,100,0,100,0,100,0,0E
R1056,1756,30,60,45,80,100,0,100,0,100,0,0E
R1057,1756,30,60,45,80,100,0,100,0,100,0,0E
R1058,1757,30,60,45,80,100,0,100,0,100,0,0E
R1059,1758,30,60,45,80,100,0,100,0,100,0,0E
R1060,1759,30,60,45,80,100,0,100,0,100,0,0E
R1061,1759,30,60,45,80,100,0,100,0,100,0,0E
R1062,1759,30,60,45,80,100,0,100,0,100,0,0E
R1063,1759,30,60,45,80,100,0,100,0,100,0,0E
R1064,1760,30,60,45,80,100,0,100,0,100,0,0E
R1065,1761,30,60,45,80,100,0,100,0,100,0,0E
R1066,1761,30,60,45,80,100,0,100,0,100,0,0E
R1067,1763,30,60,45,80,100,0,100,0,100,0,0E
R1068,1764,30,60,45,80,100,0,100,0,100,0,0E
R1069,1764,30,60,45,80,100,0,100,0,100,0,0E
R1070,1766,30,60,45,80,100,0,100,0,100,0,0E
R1071,1767,30,60,45,80,100,0,100,0,100,0,0E
R1072,1768,30,60,45,80,100,0,100,0,100,0,0E
R1073,1769,30,60,45,80,100,0,100,0,100,0,0E
R1074,1769,30,60,45,80,100,0,100,0,100,0,0E
R1075,1770,30,60,45,80,100,0,100,0,100,0,0E
R1076,1770,30,60,45,80,100,0,100,0,100,0,0E
R1077,1771,30,60,45,80,100,0,100,0,100,0,0E
R1078,1772,30,60,45,80,100,0,100,0,100,0,0E
R1079,1773,30,60,45,80,100,0,100,0,100,0,0E
R1080,1774,30,60,45,80,100,0,100,0,100,0,0E
R1081,1775,30,60,45,80,100,0,100,0,100,0,0E
R1082,1775,30,60,45,80,100,0,100,0,100,0,0E
R1083,1776,30,60,45,80,100,0,100,0,100,0,0E
R1084,1776,30,60,45,80,100,0,100,0,100,0,0E
R1085,1777,30,60,45,80,100,0,100,0,100,0,0E
R1086,1777,30,60,45,80,100,0,100,0,100,0,0E
R1087,1778,30,60,45,80,100,0,100,0,100,0,0E
R1088,1779,30,60,45,80,100,0,100,0,100,0,0E
R1089,1780,30,60,45,80,100,0,100,0,100,0,0E
R1090,1780,30,60,45,80,100,0,100,0,100,0,0E
R1091,1780,30,60,45,80,100,0,100,0,100,0,0E
R1092,1781,30,60,45,80,100,0,100,0,100,0,0E
R1093,1781,30,60,45,80,100,0,100,0,100,0,0E
R1094,1781,30,60,45,80,100,0,100,0,100,0,0E
R1095,1782,30,60,45,80,100,0,100,0,100,0,0E
R1096,1782,30,60,45,80,100,0,100,0,100,0,0E
R1097,1783,30,60,45,80,100,0,100,0,100,0,0E
R1098,1783,30,60,45,80,100,0,100,0,100,0,0E
R1099,1784,30,60,45,80,100,0,100,0,100,0,0E
R1100,1785,30,60,45,80,100,0,100,0,100,0,0E
R1101,1785,30,60,45,80,100,0,100,0,100,0,0E
R1102,1786,30,60,45,80,100,0,100,0,100,0,0E
R1103,1786,30,60,45,80,100,0,100,0,100,0,0E
R1104,1786,30,60,45,80,100,0,100,0,100,0,0E
R1105,1787,30,60,45,80,100,0,100,0,100,0,0E
R1106,1788,30,60,45,80,100,0,100,0,100,0,0E
R1107,1789,30,60,45,80,100,0,100,0,100,0,0E
R1108,1789,30,60,45,80,100,0,100,0,100,0,0E
R1109,1790,30,60,45,80,100,0,100,0,100,0,0E
R1110,1790,30,60,45,80,100,0,100,0,100,0,0E
R1111,1790,30,60,45,80,100,0,100,0,100,0,0E
R1112,1791,30,60,45,80,100,0,100,0,100,0,0E
R1113,1791,30,60,45,80,100,0,100,0,100,0,0E
R1114,1791,30,60,45,80,100,0,100,0,100,0,0E
R1115,1791,30,60,45,80,100,0,100,0,100,0,0E
R1116,1792,30,60,45,80,100,0,100,0,100,0,0E
R1117,1793,30,60,45,80,100,0,100,0,100,0,0E
R1118,1793,30,60,45,80,100,0,100,0,100,0,0E
R1119,1794,30,60,45,80,100,0,100,0,100,0,0E
R1120,1794,30,60,45,80,100,0,100,0,100,0,0E
R1121,1795,30,60,45,80,100,0,100,0,100,0,0E
R1122,1795,30,60,45,80,100,0,100,0,100,0,0E
R1123,1796,30,60,45,80,100,0,100,0,100,0,0E
R1124,1796,30,60,45,80,100,0,100,0,100,0,0E
R1125,1796,30,60,45,80,100,0,100,0,100,0,0E
R1126,1796,30,60,45,80,100,0,100,0,100,0,0E
R1127,1796,30,60,45,80,100,0,100,0,100,0,0E
R1128,1796,30,60,45,80,100,0,100,0,100,0,0E
R1129,1796,30,60,45,80,100,0,100,0,100,0,0E
R1130,1796,30,60,45,80,100,0,100,0,100,0,0E
R1131,1796,30,60,45,80,100,0,100,0,100,0,0E
R1132,1797,30,60,45,80,100,0,100,0,100,0,0E
R1133,1798,30,60,45,80,100,0,100,0,100,0,0E
R1134,1798,30,60,45,80,100,0,100,0,100,0,0E
R1135,1799,30,60,45,80,100,0,100,0,100,0,0E
R1136,1800,30,60,45,80,100,0,100,0,100,0,0E
R1137,1801,30,60,45,80,100,0,100,0,100,0,0E
R1138,1802,30,60,45,80,100,0,100,0,100,0,0E
R1139,1803,30,60,45,80,100,0,100,0,100,0,0E
R1140,1804,30,60,45,80,100,0,100,0,100,0,0E
R1141,1804,30,60,45,80,100,0,100,0,100,0,0E
R1142,1805,30,60,45,80,100,0,100,0,100,0,0E
R1143,1805,29,60,45,80,100,0,100,0,100,0,0E
R1144,1806,29,60,45,80,100,0,100,0,100,0,0E
R1145,1807,29,60,45,80,100,0,100,0,100,0,0E
R1146,1808,29,60,45,80,100,0,100,0,100,0,0E
R1147,1809,29,60,45,80,100,0,100,0,100,0,0E
R1148,1809,29,60,45,80,100,0,100,0,100,0,0E
R1149,1810,29,60,45,80,100,0,100,0,100,0,0E
R1150,1811,29,60,45,80,100,0,100,0,100,0,0E
R1151,1812,29,60,45,80,100,0,100,0,100,0,0E
R1152,1813,29,60,45,80,100,0,100,0,100,0,0E
R1153,1814,29,60,45,80,100,0,100,0,100,0,0E
R1154,1814,29,60,45,80,100,0,100,0,100,0,0E
R1155,1815,29,60,45,80,100,0,100,0,100,0,0E
R1156,1815,29,60,45,80,100,0,100,0,100,0,0E
R1157,1815,29,60,45,80,100,0,100,0,100,0,0E
R1158,1816,29,60,45,80,100,0,100,0,100,0,0E
R1159,1817,29,60,45,80,100,0,100,0,100,0,0E
R1160,1817,29,60,45,80,100,0,100,0,100,0,0E
R1161,1818,29,60,45,80,100,0,100,0,100,0,0E
R1162,1819,29,60,45,80,100,0,100,0,100,0,0E
R1163,1820,29,60,45,80,100,0,100,0,100,0,0E
R1164,1821,29,60,45,80,100,0,100,0,100,0,0E
R1165,1823,29,60,45,80,100,0,100,0,100,0,0E
R1166,1824,29,60,45,80,100,0,100,0,100,0,0E
R1167,1824,29,60,45,80,100,0,100,0,100,0,0E
R1168,1825,29,60,45,80,100,0,100,0,100,0,0E
R1169,1825,29,60,45,80,100,0,100,0,100,0,0E
R1170,1825,29,60,45,80,100,0,100,0,100,0,0E
R1171,1826,29,60,45,80,100,0,100,0,100,0,0E
R1172,1827,29,60,45,80,100,0,100,0,100,0,0E
R1173,1827,29,60,45,80,100,0,100,0,100,0,0E
R1174,1827,29,60,45,80,100,0,100,0,100,0,0E
R1175,1827,29,60,45,80,100,0,100,0,100,0,0E
R1176,1827,29,60,45,80,100,0,100,0,100,0,0E
R1177,1828,29,60,45,80,100,0,100,0,100,0,0E
R1178,1829,29,60,45,80,100,0,100,0,100,0,0E
R1179,1830,29,60,45,80,100,0,100,0,100,0,0E
R1180,1830,29,60,45,80,100,0,100,0,100,0,0E
R1181,1831,29,60,45,80,100,0,100,0,100,0,0E
R1182,1831,29,60,45,80,100,0,100,0,100,0,0E
R1183,1831,29,60,45,80,100,0,100,0,100,0,0E
R1184,1832,29,60,45,80,100,0,100,0,100,0,0E
R1185,1833,29,60,45,80,100,0,100,0,100,0,0E
R1186,1834,29,60,45,80,100,0,100,0,100,0,0E
R1187,1834,29,60,45,80,100,0,100,0,100,0,0E
R1188,1835,29,60,45,80,100,0,100,0,100,0,0E
R1189,1835,29,60,45,80,100,0,100,0,100,0,0E
R1190,1836,29,60,45,80,100,0,100,0,100,0,0E
R1191,1836,29,60,45,80,100,0,100,0,100,0,0E
R1192,1837,29,60,45,80,100,0,100,0,100,0,0E
R1193,1838,29,60,45,80,100,0,100,0,100,0,0E
R1194,1839,29,60,45,80,100,0,100,0,100,0,0E
R1195,1840,29,60,45,80,100,0,100,0,100,0,0E
R1196,1840,29,60,45,80,100,0,100,0,100,0,0E
R1197,1840,29,60,45,80,100,0,100,0,100,0,0E
R1198,1841,29,60,45,80,100,0,100,0,100,0,0E
R1199,1842,29,60,45,80,100,0,100,0,100,0,0E
R1200,1842,29,60,45,80,100,0,100,0,100,0,0E
R1201,1843,29,60,45,80,100,0,100,0,100,0,0E
R1202,1844,29,60,45,80,100,0,100,0,100,0,0E
R1203,1844,29,60,45,80,100,0,100,0,100,0,0E
R1204,1845,29,60,45,80,100,0,100,0,100,0,0E
R1205,1845,29,60,45,80,100,0,100,0,100,0,0E
R1206,1846,29,60,45,80,100,0,100,0,100,0,0E
R1207,1847,29,60,45,80,100,0,100,0,100,0,0E
R1208,1848,29,60,45,80,100,0,100,0,100,0,0E
R1209,1848,29,60,45,80,100,0,100,0,100,0,0E
R1210,1849,29,60,45,80,100,0,100,0,100,0,0E
R1211,1849,29,60,45,80,100,0,100,0,100,0,0E
R1212,1850,29,60,45,80,100,0,100,0,100,0,0E
R1213,1850,29,60,45,80,100,0,100,0,100,0,0E
R1214,1851,29,60,45,80,100,0,100,0,100,0,0E
R1215,1851,29,60,45,80,100,0,100,0,100,0,0E
R1216,1851,29,60,45,80,100,0,100,0,100,0,0E
R1217,1853,29,60,45,80,100,0,100,0,100,0,0E
R1218,1853,29,60,45,80,100,0,100,0,100,0,0E
R1219,1854,29,60,45,80,100,0,100,0,100,0,0E
R1220,1855,29,60,45,80,100,0,100,0,100,0,0E
R1221,1855,29,60,45,80,100,0,100,0,100,0,0E
R1222,1856,29,60,45,80,100,0,100,0,100,0,0E
R1223,1856,29,60,45,80,100,0,100,0,100,0,0E
R1224,1857,29,60,45,80,100,0,100,0,100,0,0E
R1225,1858,29,60,45,80,100,0,100,0,100,0,0E
R1226,1859,29,60,45,80,100,0,100,0,100,0,0E
R1227,1859,29,60,45,80,100,0,100,0,100,0,0E
R1228,1860,29,60,45,80,100,0,100,0,100,0,0E
R1229,1861,29,60,45,80,100,0,100,0,100,0,0E
R1230,1862,29,60,45,80,100,0,100,0,100,0,0E
R1231,1863,29,60,45,80,100,0,100,0,100,0,0E
R1232,1863,29,60,45,80,100,0,100,0,100,0,0E
R1233,1864,29,60,45,80,100,0,100,0,100,0,0E
R1234,1865,29,60,45,80,100,0,100,0,100,0,0E
R1235,1865,29,60,45,80,100,0,100,0,100,0,0E
R1236,1866,29,60,45,80,100,0,100,0,100,0,0E
R1237,1867,29,60,45,80,100,0,100,0,100,0,0E
R1238,1868,29,60,45,80,100,0,100,0,100,0,0E
R1239,1869,29,60,45,80,100,0,100,0,100,0,0E
R1240,1869,29,60,45,80,100,0,100,0,100,0,0E
R1241,1869,29,60,45,80,100,0,100,0,100,0,0E
R1242,1870,29,60,45,80,100,0,100,0,100,0,0E
R1243,1871,29,60,45,80,100,0,100,0,100,0,0E
R1244,1871,29,60,45,80,100,0,100,0,100,0,0E
R1245,1872,29,60,45,80,100,0,100,0,100,0,0E
R1246,1872,29,60,45,80,100,0,100,0,100,0,0E
R1247,1872,29,60,45,80,100,0,100,0,100,0,0E
R1248,1872,29,60,45,80,100,0,100,0,100,0,0E
R1249,1872,29,60,45,80,100,0,100,0,100,0,0E
R1250,1872,29,60,45,80,100,0,100,0,100,0,0E
R1251,1873,29,60,45,80,100,0,100,0,100,0,0E
R1252,1873,29,60,45,80,100,0,100,0,100,0,0E
R1253,1874,29,60,45,80,100,0,100,0,100,0,0E
R1254,1874,29,60,45,80,100,0,100,0,100,0,0E
R1255,1875,29,60,45,80,100,0,100,0,100,0,0E
R1256,1876,29,60,45,80,100,0,100,0,100,0,0E
R1257,1876,29,60,45,80,100,0,100,0,100,0,0E
R1258,1877,29,60,45,80,100,0,100,0,100,0,0E
R1259,1877,29,60,45,80,100,0,100,0,100,0,0E
R1260,1878,29,60,45,80,100,0,100,0,100,0,0E
R1261,1878,29,60,45,80,100,0,100,0,100,0,0E
R1262,1879,29,60,45,80,100,0,100,0,100,0,0E
R1263,1880,29,60,45,80,100,0,100,0,100,0,0E
R1264,1880,29,60,45,80,100,0,100,0,100,0,0E
R1265,1882,29,60,45,80,100,0,100,0,100,0,0E
R1266,1882,29,60,45,80,100,0,100,0,100,0,0E
R1267,1883,29,60,45,80,100,0,100,0,100,0,0E
R1268,1883,29,60,45,80,100,0,100,0,100,0,0E
R1269,1883,29,60,45,80,100,0,100,0,100,0,0E
R1270,1883,29,60,45,80,100,0,100,0,100,0,0E
R1271,1884,29,60,45,80,100,0,100,0,100,0,0E
R1272,1884,29,60,45,80,100,0,100,0,100,0,0E
R1273,1884,29,60,45,80,100,0,100,0,100,0,0E
R1274,1885,29,60,45,80,100,0,100,0,100,0,0E
R1275,1885,29,60,45,80,100,0,100,0,100,0,0E
R1276,1886,29,60,45,80,100,0,100,0,100,0,0E
R1277,1886,29,60,45,80,100,0,100,0,100,0,0E
R1278,1887,29,60,45,80,100,0,100,0,100,0,0E
R1279,1888,29,60,45,80,100,0,100,0,100,0,0E
R1280,1888,29,60,45,80,100,0,100,0,100,0,0E
R1281,1888,29,60,45,80,100,0,100,0,100,0,0E
R1282,1889,29,60,45,80,100,0,100,0,100,0,0E
R1283,1889,29,60,45,80,100,0,100,0,100,0,0E
R1284,1890,29,60,45,80,100,0,100,0,100,0,0E
R1285,1890,29,60,45,80,100,0,100,0,100,0,0E
R1286,1891,29,60,45,80,100,0,100,0,100,0,0E
R1287,1892,29,60,45,80,100,0,100,0,100,0,0E
R1288,1893,29,60,45,80,100,0,100,0,100,0,0E
R1289,1893,29,60,45,80,100,0,100,0,100,0,0E
R1290,1894,29,60,45,80,100,0,100,0,100,0,0E
R1291,1894,29,60,45,80,100,0,100,0,100,0,0E
R1292,1895,29,60,45,80,100,0,100,0,100,0,0E
R1293,1895,29,60,45,80,100,0,100,0,100,0,0E
R1294,1895,29,60,45,80,100,0,100,0,100,0,0E
R1295,1895,29,60,45,80,100,0,100,0,100,0,0E
R1296,1895,29,60,45,80,100,0,100,0,100,0,0E
R1297,1896,29,60,45,80,100,0,100,0,100,0,0E
R1298,1897,29,60,45,80,100,0,100,0,100,0,0E
R1299,1897,29,60,45,80,100,0,100,0,100,0,0E
R1300,1898,29,60,45,80,100,0,100,0,100,0,0E
R1301,1898,29,60,45,80,100,0,100,0,100,0,0E
R1302,1899,29,60,45,80,100,0,100,0,100,0,0E
R1303,1899,29,60,45,80,100,0,100,0,100,0,0E
R1304,1900,29,60,45,80,100,0,100,0,100,0,0E
R1305,1900,29,60,45,80,100,0,100,0,100,0,0E
R1306,1901,29,60,45,80,100,0,100,0,100,0,0E
R1307,1901,29,60,45,80,100,0,100,0,100,0,0E
R1308,1902,29,60,45,80,100,0,100,0,100,0,0E
R1309,1902,29,60,45,80,100,0,100,0,100,0,0E
R1310,1903,29,60,45,80,100,0,100,0,100,0,0E
R1311,1903,29,60,45,80,100,0,100,0,100,0,0E
R1312,1904,29,60,45,80,100,0,100,0,100,0,0E
R1313,1904,29,60,45,80,100,0,100,0,100,0,0E
R1314,1905,29,60,45,80,100,0,100,0,100,0,0E
R1315,1905,29,60,45,80,100,0,100,0,100,0,0E
R1316,1906,29,60,45,80,100,0,100,0,100,0,0E
R1317,1907,29,60,45,80,100,0,100,0,100,0,0E
R1318,1907,29,60,45,80,100,0,100,0,100,0,0E
R1319,1907,29,60,45,80,100,0,100,0,100,0,0E
R1320,1908,29,60,45,80,100,0,100,0,100,0,0E
R1321,1908,29,60,45,80,100,0,100,0,100,0,0E
R1322,1909,29,60,45,80,100,0,100,0,100,0,0E
R1323,1909,29,60,45,80,100,0,100,0,100,0,0E
R1324,1909,29,60,45,80,100,0,100,0,100,0,0E
R1325,1909,29,60,45,80,100,0,100,0,100,0,0E
R1326,1910,29,60,45,80,100,0,100,0,100,0,0E
R1327,1911,29,60,45,80,100,0,100,0,100,0,0E
R1328,1912,29,60,45,80,100,0,100,0,100,0,0E
R1329,1913,29,60,45,80,100,0,100,0,100,0,0E
R1330,1913,29,60,45,80,100,0,100,0,100,0,0E
R1331,1913,29,60,45,80,100,0,100,0,100,0,0E
R1332,1913,29,60,45,80,100,0,100,0,100,0,0E
R1333,1913,29,60,45,80,100,0,100,0,100,0,0E
R1334,1914,29,60,45,80,100,0,100,0,100,0,0E
R1335,1915,29,60,45,80,100,0,100,0,100,0,0E
R1336,1916,29,60,45,80,100,0,100,0,100,0,0E
R1337,1916,29,60,45,80,100,0,100,0,100,0,0E
R1338,1917,29,60,45,80,100,0,100,0,100,0,0E
R1339,1918,29,60,45,80,100,0,100,0,100,0,0E
R1340,1918,29,60,45,80,100,0,100,0,100,0,0E
R1341,1919,29,60,45,80,100,0,100,0,100,0,0E
R1342,1920,29,60,45,80,100,0,100,0,100,0,0E
R1343,1920,29,60,45,80,100,0,100,0,100,0,0E
R1344,1920,29,60,45,80,100,0,100,0,100,0,0E
R1345,1921,29,60,45,80,100,0,100,0,100,0,0E
R1346,1922,29,60,45,80,100,0,100,0,100,0,0E
R1347,1922,29,60,45,80,100,0,100,0,100,0,0E
R1348,1923,29,60,45,80,100,0,100,0,100,0,0E
R1349,1924,29,60,45,80,100,0,100,0,100,0,0E
R1350,1925,29,60,45,80,100,0,100,0,100,0,0E
R1351,1926,29,60,45,80,100,0,100,0,100,0,0E
R1352,1927,29,60,45,80,100,0,100,0,100,0,0E
R1353,1928,29,60,45,80,100,0,100,0,100,0,0E
R1354,1928,29,60,45,80,100,0,100,0,100,0,0E
R1355,1929,29,60,45,80,100,0,100,0,100,0,0E
R1356,1930,29,60,45,80,100,0,100,0,100,0,0E
R1357,1931,29,60,45,80,100,0,100,0,100,0,0E
R1358,1931,29,60,45,80,100,0,100,0,100,0,0E
R1359,1932,29,60,45,80,100,0,100,0,100,0,0E
R1360,1932,29,60,45,80,100,0,100,0,100,0,0E
R1361,1933,29,60,45,80,100,0,100,0,100,0,0E
R1362,1933,29,60,45,80,100,0,100,0,100,0,0E
R1363,1934,29,60,45,80,100,0,100,0,100,0,0E
R1364,1935,29,60,45,80,100,0,100,0,100,0,0E
R1365,1935,29,60,45,80,100,0,100,0,100,0,0E
R1366,1936,29,60,45,80,100,0,100,0,100,0,0E
R1367,1937,29,60,45,80,100,0,100,0,100,0,0E
R1368,1937,29,60,45,80,100,0,100,0,100,0,0E
R1369,1938,29,60,45,80,100,0,100,0,100,0,0E
R1370,1939,29,60,45,80,100,0,100,0,100,0,0E
R1371,1939,29,60,45,80,100,0,100,0,100,0,0E
R1372,1940,29,60,45,80,100,0,100,0,100,0,0E
R1373,1940,29,60,45,80,100,0,100,0,100,0,0E
R1374,1941,29,60,45,80,100,0,100,0,100,0,0E
R1375,1942,29,60,45,80,100,0,100,0,100,0,0E
R1376,1942,29,60,45,80,100,0,100,0,100,0,0E
R1377,1942,29,60,45,80,100,0,100,0,100,0,0E
R1378,1944,29,60,45,80,100,0,100,0,100,0,0E
R1379,1944,29,60,45,80,100,0,100,0,100,0,0E
R1380,1944,29,60,45,80,100,0,100,0,100,0,0E
R1381,1945,29,60,45,80,100,0,100,0,100,0,0E
R1382,1945,29,60,45,80,100,0,100,0,100,0,0E
R1383,1946,29,60,45,80,100,0,100,0,100,0,0E
R1384,1946,29,60,45,80,100,0,100,0,100,0,0E
R1385,1947,29,60,45,80,100,0,100,0,100,0,0E
R1386,1948,29,60,45,80,100,0,100,0,100,0,0E
R1387,1948,29,60,45,80,100,0,100,0,100,0,0E
R1388,1949,29,60,45,80,100,0,100,0,100,0,0E
R1389,1949,29,60,45,80,100,0,100,0,100,0,0E
R1390,1949,29,60,45,80,100,0,100,0,100,0,0E
R1391,1950,29,60,45,80,100,0,100,0,100,0,0E
R1392,1950,29,60,45,80,100,0,100,0,100,0,0E
R1393,1951,29,60,45,80,100,0,100,0,100,0,0E
R1394,1952,29,60,45,80,100,0,100,0,100,0,0E
R1395,1952,29,60,45,80,100,0,100,0,100,0,0E
R1396,1953,29,60,45,80,100,0,100,0,100,0,0E
R1397,1953,29,60,45,80,100,0,100,0,100,0,0E
R1398,1954,29,60,45,80,100,0,100,0,100,0,0E
R1399,1954,29,60,45,80,100,0,100,0,100,0,0E
R1400,1954,29,60,45,80,100,0,100,0,100,0,0E
R1401,1954,29,60,45,80,100,0,100,0,100,0,0E
R1402,1954,29,60,45,80,100,0,100,0,100,0,0E
R1403,1954,29,60,45,80,100,0,100,0,100,0,0E
R1404,1955,29,60,45,80,100,0,100,0,100,0,0E
R1405,1955,29,60,45,80,100,0,100,0,100,0,0E
R1406,1956,29,60,45,80,100,0,100,0,100,0,0E
R1407,1956,29,60,45,80,100,0,100,0,100,0,0E
R1408,1956,29,60,45,80,100,0,100,0,100,0,0E
R1409,1957,29,60,45,80,100,0,100,0,100,0,0E
R1410,1958,29,60,45,80,100,0,100,0,100,0,0E
R1411,1959,29,60,45,80,100,0,100,0,100,0,0E
R1412,1960,29,60,45,80,100,0,100,0,100,0,0E
R1413,1960,29,60,45,80,100,0,100,0,100,0,0E
R1414,1960,29,60,45,80,100,0,100,0,100,0,0E
R1415,1962,29,60,45,80,100,0,100,0,100,0,0E
R1416,1962,29,60,45,80,100,0,100,0,100,0,0E
R1417,1962,29,60,45,80,100,0,100,0,100,0,0E
R1418,1963,29,60,45,80,100,0,100,0,100,0,0E
R1419,1963,29,60,45,80,100,0,100,0,100,0,0E
R1420,1963,29,60,45,80,100,0,100,0,100,0,0E
R1421,1963,29,60,45,80,100,0,100,0,100,0,0E
R1422,1964,29,60,45,80,100,0,100,0,100,0,0E
R1423,1965,29,60,45,80,100,0,100,0,100,0,0E
R1424,1965,29,60,45,80,100,0,100,0,100,0,0E
R1425,1966,29,60,45,80,100,0,100,0,100,0,0E
R1426,1966,29,60,45,80,100,0,100,0,100,0,0E
R1427,1967,29,60,45,80,100,0,100,0,100,0,0E
R1428,1968,29,60,45,80,100,0,100,0,100,0,0E
R1429,1968,29,60,45,80,100,0,100,0,100,0,0E
R1430,1968,29,60,45,80,100,0,100,0,100,0,0E
R1431,1968,29,60,45,80,100,0,100,0,100,0,0E
R1432,1969,29,60,45,80,100,0,100,0,100,0,0E
R1433,1969,29,60,45,80,100,0,100,0,100,0,0E
R1434,1970,29,60,45,80,100,0,100,0,100,0,0E
R1435,1970,29,60,45,80,100,0,100,0,100,0,0E
R1436,1970,29,60,45,80,100,0,100,0,100,0,0E
R1437,1971,29,60,45,80,100,0,100,0,100,0,0E
R1438,1971,29,60,45,80,100,0,100,0,100,0,0E
R1439,1972,29,60,45,80,100,0,100,0,100,0,0E
R1440,1972,29,60,45,80,100,0,100,0,100,0,0E
R1441,1972,29,60,45,80,100,0,100,0,100,0,0E
R1442,1973,29,60,45,80,100,0,100,0,100,0,0E
R1443,1973,29,60,45,80,100,0,100,0,100,0,0E
R1444,1974,29,60,45,80,100,0,100,0,100,0,0E
R1445,1975,29,60,45,80,100,0,100,0,100,0,0E
R1446,1975,29,60,45,80,100,0,100,0,100,0,0E
R1447,1976,29,60,45,80,100,0,100,0,100,0,0E
R1448,1976,29,60,45,80,100,0,100,0,100,0,0E
R1449,1977,29,60,45,80,100,0,100,0,100,0,0E
R1450,1978,29,60,45,80,100,0,100,0,100,0,0E
R1451,1978,29,60,45,80,100,0,100,0,100,0,0E
R1452,1979,29,60,45,80,100,0,100,0,100,0,0E
R1453,1979,29,60,45,80,100,0,100,0,100,0,0E
R1454,1979,29,60,45,80,100,0,100,0,100,0,0E
R1455,1980,29,60,45,80,100,0,100,0,100,0,0E
R1456,1980,29,60,45,80,100,0,100,0,100,0,0E
R1457,1981,29,60,45,80,100,0,100,0,100,0,0E
R1458,1981,29,60,45,80,100,0,100,0,100,0,0E
R1459,1982,29,60,45,80,100,0,100,0,100,0,0E
R1460,1982,29,60,45,80,100,0,100,0,100,0,0E
R1461,1983,29,60,45,80,100,0,100,0,100,0,0E
R1462,1983,29,60,45,80,100,0,100,0,100,0,0E
R1463,1983,29,60,45,80,100,0,100,0,100,0,0E
R1464,1984,29,60,45,80,100,0,100,0,100,0,0E
R1465,1984,29,60,45,80,100,0,100,0,100,0,0E
R1466,1985,29,60,45,80,100,0,100,0,100,0,0E
R1467,1985,29,60,45,80,100,0,100,0,100,0,0E
R1468,1986,29,60,45,80,100,0,100,0,100,0,0E
R1469,1986,29,60,45,80,100,0,100,0,100,0,0E
R1470,1987,29,60,45,80,100,0,100,0,100,0,0E
R1471,1988,29,60,45,80,100,0,100,0,100,0,0E
R1472,1989,29,60,45,80,100,0,100,0,100,0,0E
R1473,1989,29,60,45,80,100,0,100,0,100,0,0E
R1474,1990,29,60,45,80,100,0,100,0,100,0,0E
R1475,1991,29,60,45,80,100,0,100,0,100,0,0E
R1476,1991,29,60,45,80,100,0,100,0,100,0,0E
R1477,1992,29,60,45,80,100,0,100,0,100,0,0E
R1478,1993,29,60,45,80,100,0,100,0,100,0,0E
R1479,1994,29,60,45,80,100,0,100,0,100,0,0E
R1480,1994,29,60,45,80,100,0,100,0,100,0,0E
R1481,1995,29,60,45,80,100,0,100,0,100,0,0E
R1482,1996,29,60,45,80,100,0,100,0,100,0,0E
R1483,1996,29,60,45,80,100,0,100,0,100,0,0E
R1484,1997,29,60,45,80,100,0,100,0,100,0,0E
R1485,1998,29,60,45,80,100,0,100,0,100,0,0E
R1486,1999,29,60,45,80,100,0,100,0,100,0,0E
R1487,2000,29,60,45,80,100,0,100,0,100,0,0E
R1488,2000,29,60,45,80,100,0,100,0,100,0,0E
R1489,2001,29,60,45,80,100,0,100,0,100,0,0E
R1490,2002,29,60,45,80,100,0,100,0,100,0,0E
R1491,2002,29,60,45,80,100,0,100,0,100,0,0E
R1492,2003,29,60,45,80,100,0,100,0,100,0,0E
R1493,2003,29,60,45,80,100,0,100,0,100,0,0E
R1494,2004,29,60,45,80,100,0,100,0,100,0,0E
R1495,2004,29,60,45,80,100,0,100,0,100,0,0E
R1496,2005,29,60,45,80,100,0,100,0,100,0,0E
R1497,2005,29,60,45,80,100,0,100,0,100,0,0E
R1498,2005,29,60,45,80,100,0,100,0,100,0,0E
R1499,2005,29,60,45,80,100,0,100,0,100,0,0E
R1500,2005,29,60,45,80,100,0,100,0,100,0,0E
R1501,2006,29,60,45,80,100,0,100,0,100,0,0E
R1502,2006,29,60,45,80,100,0,100,0,100,0,0E
R1503,2007,29,60,45,80,100,0,100,0,100,0,0E
R1504,2007,29,60,45,80,100,0,100,0,100,0,0E
R1505,2007,29,60,45,80,100,0,100,0,100,0,0E
R1506,2007,29,60,45,80,100,0,100,0,100,0,0E
R1507,2007,29,60,45,80,100,0,100,0,100,0,0E
R1508,2007,29,60,45,80,100,0,100,0,100,0,0E
R1509,2007,29,60,45,80,100,0,100,0,100,0,0E
R1510,2007,29,60,45,80,100,0,100,0,100,0,0E
R1511,2007,29,60,45,80,100,0,100,0,100,0,0E
R1512,2007,29,60,45,80,100,0,100,0,100,0,0E
R1513,2007,29,60,45,80,100,0,100,0,100,0,0E
R1514,2007,29,60,45,80,100,0,100,0,100,0,0E
R1515,2007,29,60,45,80,100,0,100,0,100,0,0E
R1516,2008,29,60,45,80,100,0,100,0,100,0,0E
R1517,2009,29,60,45,80,100,0,100,0,100,0,0E
R1518,2010,29,60,45,80,100,0,100,0,100,0,0E
R1519,2011,29,60,45,80,100,0,100,0,100,0,0E
R1520,2011,29,60,45,80,100,0,100,0,100,0,0E
R1521,2012,29,60,45,80,100,0,100,0,100,0,0E
R1522,2013,29,60,45,80,100,0,100,0,100,0,0E
R1523,2013,29,60,45,80,100,0,100,0,100,0,0E
R1524,2014,29,60,45,80,100,0,100,0,100,0,0E
R1525,2014,29,60,45,80,100,0,100,0,100,0,0E
R1526,2015,29,60,45,80,100,0,100,0,100,0,0E
R1527,2016,29,60,45,80,100,0,100,0,100,0,0E
R1528,2017,29,60,45,80,100,0,100,0,100,0,0E
R1529,2017,29,60,45,80,100,0,100,0,100,0,0E
R1530,2018,29,60,45,80,100,0,100,0,100,0,0E
R1531,2018,29,60,45,80,100,0,100,0,100,0,0E
R1532,2018,29,60,45,80,100,0,100,0,100,0,0E
R1533,2019,29,60,45,80,100,0,100,0,100,0,0E
R1534,2020,29,60,45,80,100,0,100,0,100,0,0E
R1535,2021,29,60,45,80,100,0,100,0,100,0,0E
R1536,2021,29,60,45,80,100,0,100,0,100,0,0E
R1537,2022,29,60,45,80,100,0,100,0,100,0,0E
R1538,2023,29,60,45,80,100,0,100,0,100,0,0E
R1539,2023,29,60,45,80,100,0,100,0,100,0,0E
R1540,2024,29,60,45,80,100,0,100,0,100,0,0E
R1541,2025,29,60,45,80,100,0,100,0,100,0,0E
R1542,2025,29,60,45,80,100,0,100,0,100,0,0E
R1543,2026,29,60,45,80,100,0,100,0,100,0,0E
R1544,2027,29,60,45,80,100,0,100,0,100,0,0E
R1545,2028,29,60,45,80,100,0,100,0,100,0,0E
R1546,2029,29,60,45,80,100,0,100,0,100,0,0E
R1547,2030,29,60,45,80,100,0,100,0,100,0,0E
R1548,2031,29,60,45,80,100,0,100,0,100,0,0E
R1549,2031,29,60,45,80,100,0,100,0,100,0,0E
R1550,2031,29,60,45,80,100,0,100,0,100,0,0E
R1551,2032,29,60,45,80,100,0,100,0,100,0,0E
R1552,2033,29,60,45,80,100,0,100,0,100,0,0E
R1553,2034,29,60,45,80,100,0,100,0,100,0,0E
R1554,2034,29,60,45,80,100,0,100,0,100,0,0E
R1555,2035,29,60,45,80,100,0,100,0,100,0,0E
R1556,2035,29,60,45,80,100,0,100,0,100,0,0E
R1557,2035,29,60,45,80,100,0,100,0,100,0,0E
R1558,2036,29,60,45,80,100,0,100,0,100,0,0E
R1559,2036,29,60,45,80,100,0,100,0,100,0,0E
R1560,2037,29,60,45,80,100,0,100,0,100,0,0E
R1561,2037,29,60,45,80,100,0,100,0,100,0,0E
R1562,2037,29,60,45,80,100,0,100,0,100,0,0E
R1563,2037,29,60,45,80,100,0,100,0,100,0,0E
R1564,2038,29,60,45,80,100,0,100,0,100,0,0E
R1565,2038,29,60,45,80,100,0,100,0,100,0,0E
R1566,2038,29,60,45,80,100,0,100,0,100,0,0E
R1567,2039,29,60,45,80,100,0,100,0,100,0,0E
R1568,2039,29,60,45,80,100,0,100,0,100,0,0E
R1569,2040,29,60,45,80,100,0,100,0,100,0,0E
R1570,2040,29,60,45,80,100,0,100,0,100,0,0E
R1571,2040,29,60,45,80,100,0,100,0,100,0,0E
R1572,2040,29,60,45,80,100,0,100,0,100,0,0E
R1573,2041,29,60,45,80,100,0,100,0,100,0,0E
R1574,2041,29,60,45,80,100,0,100,0,100,0,0E
R1575,2041,29,60,45,80,100,0,100,0,100,0,0E
R1576,2042,29,60,45,80,100,0,100,0,100,0,0E
R1577,2042,29,60,45,80,100,0,100,0,100,0,0E
R1578,2042,29,60,45,80,100,0,100,0,100,0,0E
R1579,2042,29,60,45,80,100,0,100,0,100,0,0E
R1580,2043,29,60,45,80,100,0,100,0,100,0,0E
R1581,2043,29,60,45,80,100,0,100,0,100,0,0E
R1582,2043,29,60,45,80,100,0,100,0,100,0,0E
R1583,2044,29,60,45,80,100,0,100,0,100,0,0E
R1584,2044,29,60,45,80,100,0,100,0,100,0,0E
R1585,2044,29,60,45,80,100,0,100,0,100,0,0E
R1586,2045,29,60,45,80,100,0,100,0,100,0,0E
R1587,2045,29,60,45,80,100,0,100,0,100,0,0E
R1588,2045,29,60,45,80,100,0,100,0,100,0,0E
R1589,2045,29,60,45,80,100,0,100,0,100,0,0E
R1590,2046,29,60,45,80,100,0,100,0,100,0,0E
R1591,2046,29,60,45,80,100,0,100,0,100,0,0E
R1592,2047,29,60,45,80,100,0,100,0,100,0,0E
R1593,2047,29,60,45,80,100,0,100,0,100,0,0E
R1594,2047,29,60,45,80,100,0,100,0,100,0,0E
R1595,2047,29,60,45,80,100,0,100,0,100,0,0E
R1596,2048,29,60,45,80,100,0,100,0,100,0,0E
R1597,2048,29,60,45,80,100,0,100,0,100,0,0E
R1598,2048,29,60,45,80,100,0,100,0,100,0,0E
R1599,2048,29,60,45,80,100,0,100,0,100,0,0E
R1600,2048,29,60,45,80,100,0,100,0,100,0,0E
R1601,2049,29,60,45,80,100,0,100,0,100,0,0E
R1602,2049,29,60,45,80,100,0,100,0,100,0,0E
R1603,2049,29,60,45,80,100,0,100,0,100,0,0E
R1604,2049,29,60,45,80,100,0,100,0,100,0,0E
R1605,2050,29,60,45,80,100,0,100,0,100,0,0E
R1606,2050,29,60,45,80,100,0,100,0,100,0,0E
R1607,2050,29,60,45,80,100,0,100,0,100,0,0E
R1608,2050,29,60,45,80,100,0,100,0,100,0,0E
R1609,2050,29,60,45,80,100,0,100,0,100,0,0E
R1610,2050,29,60,45,80,100,0,100,0,100,0,0E
R1611,2051,29,60,45,80,100,0,100,0,100,0,0E
R1612,2051,29,60,45,80,100,0,100,0,100,0,0E
R1613,2051,29,60,45,80,100,0,100,0,100,0,0E
R1614,2052,29,60,45,80,100,0,100,0,100,0,0E
R1615,2052,29,60,45,80,100,0,100,0,100,0,0E
R1616,2052,29,60,45,80,100,0,100,0,100,0,0E
R1617,2053,29,60,45,80,100,0,100,0,100,0,0E
R1618,2053,29,60,45,80,100,0,100,0,100,0,0E
R1619,2053,29,60,45,80,100,0,100,0,100,0,0E
R1620,2053,29,60,45,80,100,0,100,0,100,0,0E
R1621,2054,29,60,45,80,100,0,100,0,100,0,0E
R1622,2054,29,60,45,80,100,0,100,0,100,0,0E
R1623,2054,29,60,45,80,100,0,100,0,100,0,0E
R1624,2055,29,60,45,80,100,0,100,0,100,0,0E
R1625,2055,29,60,45,80,100,0,100,0,100,0,0E
R1626,2055,29,60,45,80,100,0,100,0,100,0,0E
R1627,2056,29,60,45,80,100,0,100,0,100,0,0E
R1628,2056,29,60,45,80,100,0,100,0,100,0,0E
R1629,2056,29,60,45,80,100,0,100,0,100,0,0E
R1630,2057,29,60,45,80,100,0,100,0,100,0,0E
R1631,2057,29,60,45,80,100,0,100,0,100,0,0E
R1632,2058,29,60,45,80,100,0,100,0,100,0,0E
R1633,2058,29,60,45,80,100,0,100,0,100,0,0E
R1634,2058,29,60,45,80,100,0,100,0,100,0,0E
R1635,2059,29,60,45,80,100,0,100,0,100,0,0E
R1636,2059,29,60,45,80,100,0,100,0,100,0,0E
R1637,2059,29,60,45,80,100,0,100,0,100,0,0E
R1638,2060,29,60,45,80,100,0,100,0,100,0,0E
R1639,2060,29,60,45,80,100,0,100,0,100,0,0E
R1640,2060,29,60,45,80,100,0,100,0,100,0,0E
R1641,2061,29,60,45,80,100,0,100,0,100,0,0E
R1642,2061,29,60,45,80,100,0,100,0,100,0,0E
R1643,2062,29,60,45,80,100,0,100,0,100,0,0E
R1644,2062,29,60,45,80,100,0,100,0,100,0,0E
R1645,2062,29,60,45,80,100,0,100,0,100,0,0E
R1646,2062,29,60,45,80,100,0,100,0,100,0,0E
R1647,2063,29,60,45,80,100,0,100,0,100,0,0E
R1648,2063,29,60,45,80,100,0,100,0,100,0,0E
R1649,2063,29,60,45,80,100,0,100,0,100,0,0E
R1650,2064,29,60,45,80,100,0,100,0,100,0,0E
R1651,2064,29,60,45,80,100,0,100,0,100,0,0E
R1652,2064,29,60,45,80,100,0,100,0,100,0,0E
R1653,2064,29,60,45,80,100,0,100,0,100,0,0E
R1654,2065,29,60,45,80,100,0,100,0,100,0,0E
R1655,2065,29,60,45,80,100,0,100,0,100,0,0E
R1656,2065,29,60,45,80,100,0,100,0,100,0,0E
R1657,2065,29,60,45,80,100,0,100,0,100,0,0E
R1658,2066,29,60,45,80,100,0,100,0,100,0,0E
R1659,2066,29,60,45,80,100,0,100,0,100,0,0E
R1660,2066,29,60,45,80,100,0,100,0,100,0,0E
R1661,2067,29,60,45,80,100,0,100,0,100,0,0E
R1662,2067,29,60,45,80,100,0,100,0,100,0,0E
R1663,2067,29,60,45,80,100,0,100,0,100,0,0E
R1664,2068,29,60,45,80,100,0,100,0,100,0,0E
R1665,2068,29,60,45,80,100,0,100,0,100,0,0E
R1666,2068,29,60,45,80,100,0,100,0,100,0,0E
R1667,2069,29,60,45,80,100,0,100,0,100,0,0E
R1668,2069,29,60,45,80,100,0,100,0,100,0,0E
R1669,2069,29,60,45,80,100,0,100,0,100,0,0E
R1670,2069,29,60,45,80,100,0,100,0,100,0,0E
R1671,2070,29,60,45,80,100,0,100,0,100,0,0E
R1672,2070,29,60,45,80,100,0,100,0,100,0,0E
R1673,2071,29,60,45,80,100,0,100,0,100,0,0E
R1674,2071,29,60,45,80,100,0,100,0,100,0,0E
R1675,2071,29,60,45,80,100,0,100,0,100,0,0E
R1676,2072,29,60,45,80,100,0,100,0,100,0,0E
R1677,2072,29,60,45,80,100,0,100,0,100,0,0E
R1678,2072,29,60,45,80,100,0,100,0,100,0,0E
R1679,2073,29,60,45,80,100,0,100,0,100,0,0E
R1680,2073,29,60,45,80,100,0,100,0,100,0,0E
R1681,2074,29,60,45,80,100,0,100,0,100,0,0E
R1682,2074,29,60,45,80,100,0,100,0,100,0,0E
R1683,2074,29,60,45,80,100,0,100,0,100,0,0E
R1684,2075,29,60,45,80,100,0,100,0,100,0,0E
R1685,2075,29,60,45,80,100,0,100,0,100,0,0E
R1686,2075,29,60,45,80,100,0,100,0,100,0,0E
R1687,2076,29,60,45,80,100,0,100,0,100,0,0E
R1688,2076,29,60,45,80,100,0,100,0,100,0,0E
R1689,2077,29,60,45,80,100,0,100,0,100,0,0E
R1690,2077,29,60,45,80,100,0,100,0,100,0,0E
R1691,2077,29,60,45,80,100,0,100,0,100,0,0E
R1692,2078,29,60,45,80,100,0,100,0,100,0,0E
R1693,2078,29,60,45,80,100,0,100,0,100,0,0E
R1694,2078,29,60,45,80,100,0,100,0,100,0,0E
R1695,2079,29,60,45,80,100,0,100,0,100,0,0E
R1696,2079,29,60,45,80,100,0,100,0,100,0,0E
R1697,2080,29,60,45,80,100,0,100,0,100,0,0E
R1698,2080,29,60,45,80,100,0,100,0,100,0,0E
R1699,2080,29,60,45,80,100,0,100,0,100,0,0E
R1700,2081,29,60,45,80,100,0,100,0,100,0,0E
R1701,2081,29,60,45,80,100,0,100,0,100,0,0E
R1702,2082,29,60,45,80,100,0,100,0,100,0,0E
R1703,2082,29,60,45,80,100,0,100,0,100,0,0E
R1704,2083,29,60,45,80,100,0,100,0,100,0,0E
R1705,2083,29,60,45,80,100,0,100,0,100,0,0E
R1706,2083,29,60,45,80,100,0,100,0,100,0,0E
R1707,2084,29,60,45,80,100,0,100,0,100,0,0E
R1708,2084,29,60,45,80,100,0,100,0,100,0,0E
R1709,2085,29,60,45,80,100,0,100,0,100,0,0E
R1710,2085,29,60,45,80,100,0,100,0,100,0,0E
R1711,2085,29,60,45,80,100,0,100,0,100,0,0E
R1712,2086,29,60,45,80,100,0,100,0,100,0,0E
R1713,2086,29,60,45,80,100,0,100,0,100,0,0E
R1714,2087,29,60,45,80,100,0,100,0,100,0,0E
R1715,2087,29,60,45,80,100,0,100,0,100,0,0E
R1716,2088,29,60,45,80,100,0,100,0,100,0,0E
R1717,2089,29,60,45,80,100,0,100,0,100,0,0E
R1718,2090,29,60,45,80,100,0,100,0,100,0,0E
R1719,2091,29,60,45,80,100,0,100,0,100,0,0E
R1720,2091,29,60,45,80,100,0,100,0,100,0,0E
R1721,2092,29,60,45,80,100,0,100,0,100,0,0E
R1722,2093,29,60,45,80,100,0,100,0,100,0,0E
R1723,2093,29,60,45,80,100,0,100,0,100,0,0E
R1724,2094,29,60,45,80,100,0,100,0,100,0,0E
R1725,2094,29,60,45,80,100,0,100,0,100,0,0E
R1726,2095,29,60,45,80,100,0,100,0,100,0,0E
R1727,2095,29,60,45,80,100,0,100,0,100,0,0E
R1728,2095,29,60,45,80,100,0,100,0,100,0,0E
R1729,2096,29,60,45,80,100,0,100,0,100,0,0E
R1730,2097,29,60,45,80,100,0,100,0,100,0,0E
R1731,2097,29,60,45,80,100,0,100,0,100,0,0E
R1732,2098,29,60,45,80,100,0,100,0,100,0,0E
R1733,2099,29,60,45,80,100,0,100,0,100,0,0E
R1734,2099,29,60,45,80,100,0,100,0,100,0,0E
R1735,2100,29,60,45,80,100,0,100,0,100,0,0E
R1736,2101,29,60,45,80,100,0,100,0,100,0,0E
R1737,2101,29,60,45,80,100,0,100,0,100,0,0E
R1738,2102,29,60,45,80,100,0,100,0,100,0,0E
R1739,2103,29,60,45,80,100,0,100,0,100,0,0E
R1740,2103,29,60,45,80,100,0,100,0,100,0,0E
R1741,2104,29,60,45,80,100,0,100,0,100,0,0E
R1742,2105,29,60,45,80,100,0,100,0,100,0,0E
R1743,2106,29,60,45,80,100,0,100,0,100,0,0E
R1744,2106,29,60,45,80,100,0,100,0,100,0,0E
R1745,2107,29,60,45,80,100,0,100,0,100,0,0E
R1746,2108,29,60,45,80,100,0,100,0,100,0,0E
R1747,2108,29,60,45,80,100,0,100,0,100,0,0E
R1748,2109,29,60,45,80,100,0,100,0,100,0,0E
R1749,2110,29,60,45,80,100,0,100,0,100,0,0E
R1750,2111,29,60,45,80,100,0,100,0,100,0,0E
R1751,2112,29,60,45,80,100,0,100,0,100,0,0E
R1752,2113,29,60,45,80,100,0,100,0,100,0,0E
R1753,2114,29,60,45,80,100,0,100,0,100,0,0E
R1754,2114,29,60,45,80,100,0,100,0,100,0,0E
R1755,2114,29,60,45,80,100,0,100,0,100,0,0E
R1756,2115,29,60,45,80,100,0,100,0,100,0,0E
R1757,2117,29,60,45,80,100,0,100,0,100,0,0E
R1758,2118,29,60,45,80,100,0,100,0,100,0,0E
R1759,2119,29,60,45,80,100,0,100,0,100,0,0E
R1760,2120,29,60,45,80,100,0,100,0,100,0,0E
R1761,2121,29,60,45,80,100,0,100,0,100,0,0E
R1762,2122,29,60,45,80,100,0,100,0,100,0,0E
R1763,2123,29,60,45,80,100,0,100,0,100,0,0E
R1764,2124,29,60,45,80,100,0,100,0,100,0,0E
R1765,2125,29,60,45,80,100,0,100,0,100,0,0E
R1766,2125,29,60,45,80,100,0,100,0,100,0,0E
R1767,2126,29,60,45,80,100,0,100,0,100,0,0E
R1768,2127,29,60,45,80,100,0,100,0,100,0,0E
R1769,2128,29,60,45,80,100,0,100,0,100,0,0E
R1770,2128,29,60,45,80,100,0,100,0,100,0,0E
R1771,2129,29,60,45,80,100,0,100,0,100,0,0E
R1772,2130,29,60,45,80,100,0,100,0,100,0,0E
R1773,2131,29,60,45,80,100,0,100,0,100,0,0E
R1774,2133,29,60,45,80,100,0,100,0,100,0,0E
R1775,2134,29,60,45,80,100,0,100,0,100,0,0E
R1776,2135,29,60,45,80,100,0,100,0,100,0,0E
R1777,2136,29,60,45,80,100,0,100,0,100,0,0E
R1778,2136,29,60,45,80,100,0,100,0,100,0,0E
R1779,2137,29,60,45,80,100,0,100,0,100,0,0E
R1780,2138,29,60,45,80,100,0,100,0,100,0,0E
R1781,2139,29,60,45,80,100,0,100,0,100,0,0E
R1782,2140,29,60,45,80,100,0,100,0,100,0,0E
R1783,2140,29,60,45,80,100,0,100,0,100,0,0E
R1784,2141,29,60,45,80,100,0,100,0,100,0,0E
R1785,2142,29,60,45,80,100,0,100,0,100,0,0E
R1786,2143,29,60,45,80,100,0,100,0,100,0,0E
R1787,2144,29,60,45,80,100,0,100,0,100,0,0E
R1788,2145,29,60,45,80,100,0,100,0,100,0,0E
R1789,2146,29,60,45,80,100,0,100,0,100,0,0E
R1790,2147,29,60,45,80,100,0,100,0,100,0,0E
R1791,2148,29,60,45,80,100,0,100,0,100,0,0E
R1792,2149,29,60,45,80,100,0,100,0,100,0,0E
R1793,2149,29,60,45,80,100,0,100,0,100,0,0E
R1794,2150,29,60,45,80,100,0,100,0,100,0,0E
R1795,2151,29,60,45,80,100,0,100,0,100,0,0E
R1796,2153,29,60,45,80,100,0,100,0,100,0,0E
R1797,2153,29,60,45,80,100,0,100,0,100,0,0E
R1798,2153,29,60,45,80,100,0,100,0,100,0,0E
R1799,2154,29,60,45,80,100,0,100,0,100,0,0E
R1800,2154,29,60,45,80,100,0,100,0,100,0,0E
R1801,2155,29,60,45,80,100,0,100,0,100,0,0E
R1802,2156,29,60,45,80,100,0,100,0,100,0,0E
R1803,2157,29,60,45,80,100,0,100,0,100,0,0E
R1804,2158,29,60,45,80,100,0,100,0,100,0,0E
R1805,2158,29,60,45,80,100,0,100,0,100,0,0E
R1806,2160,29,60,45,80,100,0,100,0,100,0,0E
R1807,2160,29,60,45,80,100,0,100,0,100,0,0E
R1808,2161,29,60,45,80,100,0,100,0,100,0,0E
R1809,2162,29,60,45,80,100,0,100,0,100,0,0E
R1810,2163,29,60,45,80,100,0,100,0,100,0,0E
R1811,2164,29,60,45,80,100,0,100,0,100,0,0E
R1812,2165,29,60,45,80,100,0,100,0,100,0,0E
R1813,2166,29,60,45,80,100,0,100,0,100,0,0E
R1814,2167,29,60,45,80,100,0,100,0,100,0,0E
R1815,2168,29,60,45,80,100,0,100,0,100,0,0E
R1816,2170,29,60,45,80,100,0,100,0,100,0,0E
R1817,2172,29,60,45,80,100,0,100,0,100,0,0E
R1818,2172,29,60,45,80,100,0,100,0,100,0,0E
R1819,2173,29,60,45,80,100,0,100,0,100,0,0E
R1820,2174,29,60,45,80,100,0,100,0,100,0,0E
R1821,2175,29,60,45,80,100,0,100,0,100,0,0E
R1822,2176,29,60,45,80,100,0,100,0,100,0,0E
R1823,2177,29,60,45,80,100,0,100,0,100,0,0E
R1824,2179,29,60,45,80,100,0,100,0,100,0,0E
R1825,2180,29,60,45,80,100,0,100,0,100,0,0E
R1826,2181,29,60,45,80,100,0,100,0,100,0,0E
R1827,2182,29,60,45,80,100,0,100,0,100,0,0E
R1828,2184,29,60,45,80,100,0,100,0,100,0,0E
R1829,2185,29,60,45,80,100,0,100,0,100,0,0E
R1830,2185,29,60,45,80,100,0,100,0,100,0,0E
R1831,2185,29,60,45,80,100,0,100,0,100,0,0E
R1832,2186,29,60,45,80,100,0,100,0,100,0,0E
R1833,2187,29,60,45,80,100,0,100,0,100,0,0E
R1834,2187,29,60,45,80,100,0,100,0,100,0,0E
R1835,2189,29,60,45,80,100,0,100,0,100,0,0E
R1836,2189,29,60,45,80,100,0,100,0,100,0,0E
R1837,2190,29,60,45,80,100,0,100,0,100,0,0E
R1838,2192,29,60,45,80,100,0,100,0,100,0,0E
R1839,2193,29,60,45,80,100,0,100,0,100,0,0E
R1840,2194,29,60,45,80,100,0,100,0,100,0,0E
R1841,2195,29,60,45,80,100,0,100,0,100,0,0E
R1842,2196,29,60,45,80,100,0,100,0,100,0,0E
R1843,2198,29,60,45,80,100,0,100,0,100,0,0E
R1844,2198,29,60,45,80,100,0,100,0,100,0,0E
R1845,2200,29,60,45,80,100,0,100,0,100,0,0E
R1846,2200,29,60,45,80,100,0,100,0,100,0,0E
P190,79,93,155,695,200,1488,19,358,220.0245819091797,1846E