R1,2194,2747,40,30,90,100,0,50,100,40,0,1000,100E
R2,2220,2751,40,30,90,100,0,50,100,40,0,1000,100E
R3,2225,2754,40,30,90,100,0,50,100,40,0,1000,100E
R4,2237,2760,40,30,90,100,0,50,100,40,0,1000,100E
R5,2247,2763,40,30,90,100,0,50,100,40,0,1000,100E
R6,2250,2762,40,30,90,100,0,50,100,40,0,1000,100E
R7,2239,2755,40,30,90,100,0,50,100,40,0,1000,100E
R8,2217,2733,40,30,90,100,0,50,100,40,0,1000,100E
R9,2204,2692,40,30,90,100,0,50,100,40,0,1000,100E
R10,2174,2667,40,0,90,100,0,50,100,40,0,1000,100E
R11,2153,2642,40,0,90,100,0,50,100,40,0,1000,100E
R12,2128,2600,40,0,90,100,0,50,100,40,0,1000,100E
R13,2101,2570,40,0,90,100,0,50,100,40,0,1000,100E
R14,2079,2546,40,0,90,100,0,50,100,40,0,1000,100E
R15,2048,2521,40,0,90,100,0,50,100,40,0,1000,100E
R16,2036,2494,40,0,90,100,0,50,100,40,0,1000,100E
R17,2012,2480,40,0,90,100,0,50,100,40,0,1000,100E
R18,1989,2455,40,0,90,100,0,50,100,40,0,1000,100E
R19,1978,2428,40,0,90,100,0,50,100,40,0,1000,100E
R20,1954,2415,40,0,90,100,0,50,100,40,0,1000,100E
R21,1931,2389,40,0,90,100,0,50,100,40,0,1000,100E
R22,1923,2368,40,0,90,100,0,50,100,40,0,1000,100E
R23,1908,2358,40,0,90,100,0,50,100,40,0,1000,100E
R24,1882,2335,40,0,90,100,0,50,100,40,0,1000,100E
R25,1871,2311,40,0,90,100,0,50,100,40,0,1000,100E
R26,1854,2287,40,0,90,100,0,50,100,40,0,1000,100E
R27,1835,2280,40,0,90,100,0,50,100,40,0,1000,100E
R28,1827,2258,40,0,90,100,0,50,100,40,0,1000,100E
R29,1809,2234,40,0,90,100,0,50,100,40,0,1000,100E
R30,1787,2224,40,0,90,100,0,50,100,40,0,1000,100E
R31,1781,2213,40,0,90,100,0,50,100,40,0,1000,100E
R32,1765,2183,40,0,90,100,0,50,100,40,0,1000,100E
R33,1745,2174,40,0,90,100,0,50,100,40,0,1000,100E
R34,1734,2158,40,0,90,100,0,50,100,40,0,1000,100E
R35,1723,2138,40,0,90,100,0,50,100,40,0,1000,100E
R36,1710,2129,40,0,90,100,0,50,100,40,0,1000,100E
R37,1695,2114,40,0,90,100,0,50,100,40,0,1000,100E
R38,1681,2099,40,0,90,100,0,50,100,40,0,1000,100E
R39,1670,2091,40,0,90,100,0,50,100,40,0,1000,100E
R40,1657,2075,40,0,90,100,0,50,100,40,0,1000,100E
R41,1646,2063,40,0,90,100,0,50,100,40,0,1000,100E
R42,1630,2050,40,0,90,100,0,50,100,40,0,1000,100E
R43,1616,2036,40,0,90,100,0,50,100,40,0,1000,100E
R44,1591,2021,40,0,90,100,0,50,100,40,0,1000,100E
R45,1583,1999,40,0,90,100,0,50,100,40,0,1000,100E
R46,1569,1990,40,0,90,100,0,50,100,40,0,1000,100E
R47,1543,1978,40,0,90,100,0,50,100,40,0,1000,100E
R48,1534,1967,40,0,90,100,0,50,100,40,0,1000,100E
R49,1518,1956,40,0,90,100,0,50,100,40,0,1000,100E
R50,1495,1944,40,0,90,100,0,50,100,40,0,1000,100E
R51,1485,1936,40,0,90,100,0,50,100,40,0,1000,100E
R52,1468,1928,40,0,90,100,0,50,100,40,0,1000,100E
R53,1447,1920,40,0,90,100,0,50,100,40,0,1000,100E
R54,1436,1914,40,0,90,100,0,50,100,40,0,1000,100E
R55,1421,1908,40,0,90,100,0,50,100,40,0,1000,100E
R56,1402,1903,40,0,90,100,0,50,100,40,0,1000,100E
R57,1392,1899,40,0,90,100,0,50,100,40,0,1000,100E
R58,1379,1894,40,0,90,100,0,50,100,40,0,1000,100E
R59,1366,1890,40,0,90,100,0,50,100,40,0,1000,100E
R60,1351,1884,40,0,90,100,0,50,100,40,0,1000,100E
R61,1342,1882,40,0,90,100,0,50,100,40,0,1000,100E
R62,1327,1878,40,0,90,100,0,50,100,40,0,1000,100E
R63,1304,1874,40,0,90,100,0,50,100,40,0,1000,100E
R64,1295,1871,40,0,90,100,0,50,100,40,0,1000,100E
R65,1280,1868,40,0,90,100,0,50,100,40,0,1000,100E
R66,1268,1864,40,0,90,100,0,50,100,40,0,1000,100E
R67,1255,1861,40,0,90,100,0,50,100,40,0,1000,100E
R68,1243,1859,40,0,90,100,0,50,100,40,0,1000,100E
R69,1233,1857,40,0,90,100,0,50,100,40,0,1000,100E
R70,1222,1855,40,0,90,100,0,50,100,40,0,1000,100E
R71,1207,1854,40,0,90,100,0,50,100,40,0,1000,100E
R72,1196,1852,40,0,90,100,0,50,100,40,0,1000,100E
R73,1184,1850,40,0,90,100,0,50,100,40,0,1000,100E
R74,1174,1848,40,0,90,100,0,50,100,40,0,1000,100E
R75,1160,1846,40,0,90,100,0,50,100,40,0,1000,100E
R76,1149,1844,40,0,90,100,0,50,100,40,0,1000,100E
R77,1138,1842,40,0,90,100,0,50,100,40,0,1000,100E
R78,1127,1841,40,0,90,100,0,50,100,40,0,1000,100E
R79,1116,1839,40,0,90,100,0,50,100,40,0,1000,100E
R80,1109,1838,40,0,90,100,0,50,100,40,0,1000,100E
R81,1096,1837,40,0,90,100,0,50,100,40,0,1000,100E
R82,1086,1836,40,0,90,100,0,50,100,40,0,1000,100E
R83,1081,1836,40,0,90,100,0,50,100,40,0,1000,100E
R84,1079,1835,40,0,90,100,0,50,100,40,0,1000,100E
R85,1086,1837,40,0,90,100,0,50,100,40,0,1000,100E
R86,1109,1846,40,0,90,100,0,50,100,40,0,1000,100E
R87,1138,1867,40,0,90,100,0,50,100,40,0,1000,100E
R88,1149,1894,40,0,90,100,0,50,100,40,0,1000,100E
R89,1173,1904,40,0,90,100,0,50,100,40,0,1000,100E
R90,1210,1929,40,0,90,100,0,50,100,40,0,1000,100E
R91,1217,1936,40,0,90,100,0,50,100,40,0,1000,100E
R92,1242,1964,40,0,90,100,0,50,100,40,0,1000,100E
R93,1264,1986,40,0,90,100,0,50,100,40,0,1000,100E
R94,1290,2010,40,10,90,100,0,50,100,40,0,1000,100E
R95,1315,2019,40,10,90,100,0,50,100,40,0,1000,100E
R96,1343,2033,40,10,90,100,0,50,100,40,0,1000,100E
R97,1354,2058,40,10,90,100,0,50,100,40,0,1000,100E
R98,1381,2066,40,10,90,100,0,50,100,40,0,1000,100E
R99,1406,2081,40,10,90,100,0,50,100,40,0,1000,100E
R100,1431,2101,40,10,90,100,0,50,100,40,0,1000,100E
R101,1437,2106,40,10,90,100,0,50,100,40,0,1000,100E
R102,1461,2120,40,10,90,100,0,50,100,40,0,1000,100E
R103,1486,2132,40,10,90,100,0,50,100,40,0,1000,100E
R104,1495,2144,40,10,90,100,0,50,100,40,0,1000,100E
R105,1517,2160,40,10,90,100,0,50,100,40,0,1000,100E
R106,1540,2180,40,10,90,100,0,50,100,40,0,1000,100E
R107,1549,2189,40,10,90,100,0,50,100,40,0,1000,100E
R108,1572,2200,40,10,90,100,0,50,100,40,0,1000,100E
R109,1592,2218,40,10,90,100,0,50,100,40,0,1000,100E
R110,1602,2226,40,10,90,100,0,50,100,40,0,1000,100E
R111,1624,2239,40,10,90,100,0,50,100,40,0,1000,100E
R112,1645,2252,40,10,90,100,0,50,100,40,0,1000,100E
R113,1669,2264,40,10,90,100,0,50,100,40,0,1000,100E
R114,1676,2275,40,10,90,100,0,50,100,40,0,1000,100E
R115,1697,2289,40,10,90,100,0,50,100,40,0,1000,100E
R116,1708,2300,40,10,90,100,0,50,100,40,0,1000,100E
R117,1720,2305,40,10,90,100,0,50,100,40,0,1000,100E
R118,1743,2319,40,10,90,100,0,50,100,40,0,1000,100E
R119,1752,2329,40,10,90,100,0,50,100,40,0,1000,100E
R120,1768,2337,40,10,90,100,0,50,100,40,0,1000,100E
R121,1787,2347,40,10,90,100,0,50,100,40,0,1000,100E
R122,1798,2355,40,10,90,100,0,50,100,40,0,1000,100E
R123,1810,2362,40,10,90,100,0,50,100,40,0,1000,100E
R124,1830,2370,40,10,90,100,0,50,100,40,0,1000,100E
R125,1839,2378,40,10,90,100,0,50,100,40,0,1000,100E
R126,1851,2386,40,10,90,100,0,50,100,40,0,1000,100E
R127,1865,2392,40,10,90,100,0,50,100,40,0,1000,100E
R128,1886,2401,40,10,90,100,0,50,100,40,0,1000,100E
R129,1892,2407,40,10,90,100,0,50,100,40,0,1000,100E
R130,1907,2415,40,10,90,100,0,50,100,40,0,1000,100E
R131,1920,2421,40,10,90,100,0,50,100,40,0,1000,100E
R132,1931,2428,40,10,90,100,0,50,100,40,0,1000,100E
R133,1942,2433,40,10,90,100,0,50,100,40,0,1000,100E
R134,1956,2439,40,10,90,100,0,50,100,40,0,1000,100E
R135,1969,2446,40,10,90,100,0,50,100,40,0,1000,100E
R136,1980,2451,40,10,90,100,0,50,100,40,0,1000,100E
R137,1995,2457,40,10,90,100,0,50,100,40,0,1000,100E
R138,2006,2463,40,10,90,100,0,50,100,40,0,1000,100E
R139,2017,2469,40,10,90,100,0,50,100,40,0,1000,100E
R140,2029,2473,40,10,90,100,0,50,100,40,0,1000,100E
R141,2040,2480,40,10,90,100,0,50,100,40,0,1000,100E
R142,2046,2483,40,10,90,100,0,50,100,40,0,1000,100E
R143,2061,2490,40,10,90,100,0,50,100,40,0,1000,100E
R144,2070,2494,40,10,90,100,0,50,100,40,0,1000,100E
R145,2079,2498,40,10,90,100,0,50,100,40,0,1000,100E
R146,2091,2503,40,10,90,100,0,50,100,40,0,1000,100E
R147,2103,2507,40,10,90,100,0,50,100,40,0,1000,100E
R148,2113,2512,40,10,90,100,0,50,100,40,0,1000,100E
R149,2122,2515,40,10,90,100,0,50,100,40,0,1000,100E
R150,2134,2519,40,10,90,100,0,50,100,40,0,1000,100E
R151,2140,2522,40,10,90,100,0,50,100,40,0,1000,100E
R152,2149,2526,40,10,90,100,0,50,100,40,0,1000,100E
R153,2163,2531,40,10,90,100,0,50,100,40,0,1000,100E
R154,2169,2533,40,10,90,100,0,50,100,40,0,1000,100E
R155,2178,2537,40,10,90,100,0,50,100,40,0,1000,100E
R156,2189,2540,40,10,90,100,0,50,100,40,0,1000,100E
R157,2197,2544,40,10,90,100,0,50,100,40,0,1000,100E
R158,2207,2549,40,10,90,100,0,50,100,40,0,1000,100E
R159,2215,2551,40,10,90,100,0,50,100,40,0,1000,100E
R160,2222,2554,40,10,90,100,0,50,100,40,0,1000,100E
R161,2229,2557,40,10,90,100,0,50,100,40,0,1000,100E
R162,2238,2560,40,10,90,100,0,50,100,40,0,1000,100E
R163,2246,2562,40,10,90,100,0,50,100,40,0,1000,100E
R164,2257,2567,40,10,90,100,0,50,100,40,0,1000,100E
R165,2261,2568,40,10,90,100,0,50,100,40,0,1000,100E
R166,2271,2571,40,10,90,100,0,50,100,40,0,1000,100E
R167,2280,2576,40,10,90,100,0,50,100,40,0,1000,100E
R168,2288,2579,40,10,90,100,0,50,100,40,0,1000,100E
R169,2294,2580,40,10,90,100,0,50,100,40,0,1000,100E
R170,2301,2584,40,10,90,100,0,50,100,40,0,1000,100E
R171,2308,2587,40,10,90,100,0,50,100,40,0,1000,100E
R172,2316,2589,40,10,90,100,0,50,100,40,0,1000,100E
R173,2325,2592,40,10,90,100,0,50,100,40,0,1000,100E
R174,2331,2595,40,10,90,100,0,50,100,40,0,1000,100E
R175,2337,2597,40,10,90,100,0,50,100,40,0,1000,100E
R176,2344,2599,40,10,90,100,0,50,100,40,0,1000,100E
R177,2350,2602,40,10,90,100,0,50,100,40,0,1000,100E
R178,2354,2603,40,10,90,100,0,50,100,40,0,1000,100E
R179,2361,2605,40,10,90,100,0,50,100,40,0,1000,100E
R180,2367,2607,40,10,90,100,0,50,100,40,0,1000,100E
R181,2376,2609,40,10,90,100,0,50,100,40,0,1000,100E
R182,2382,2611,40,10,90,100,0,50,100,40,0,1000,100E
R183,2389,2614,40,10,90,100,0,50,100,40,0,1000,100E
R184,2395,2616,40,10,90,100,0,50,100,40,0,1000,100E
R185,2400,2618,40,10,90,100,0,50,100,40,0,1000,100E
R186,2408,2620,40,10,90,100,0,50,100,40,0,1000,100E
R187,2414,2622,40,10,90,100,0,50,100,40,0,1000,100E
R188,2419,2624,40,10,90,100,0,50,100,40,0,1000,100E
R189,2426,2625,40,10,90,100,0,50,100,40,0,1000,100E
R190,2431,2627,40,10,90,100,0,50,100,40,0,1000,100E
R191,2437,2628,40,10,90,100,0,50,100,40,0,1000,100E
R192,2442,2629,40,10,90,100,0,50,100,40,0,1000,100E
R193,2447,2630,40,10,90,100,0,50,100,40,0,1000,100E
R194,2454,2632,40,10,90,100,0,50,100,40,0,1000,100E
R195,2458,2632,40,10,90,100,0,50,100,40,0,1000,100E
R196,2464,2634,40,10,90,100,0,50,100,40,0,1000,100E
R197,2469,2635,40,10,90,100,0,50,100,40,0,1000,100E
R198,2474,2636,40,10,90,100,0,50,100,40,0,1000,100E
R199,2478,2636,40,10,90,100,0,50,100,40,0,1000,100E
R200,2482,2636,40,10,90,100,0,50,100,40,0,1000,100E
R201,2486,2636,40,10,90,100,0,50,100,40,0,1000,100E
R202,2489,2634,40,10,90,100,0,50,100,40,0,1000,100E
R203,2489,2629,40,10,90,100,0,50,100,40,0,1000,100E
R204,2488,2622,40,10,90,100,0,50,100,40,0,1000,100E
R205,2486,2613,40,10,90,100,0,50,100,40,0,1000,100E
R206,2484,2604,40,10,90,100,0,50,100,40,0,1000,100E
R207,2481,2593,40,10,90,100,0,50,100,40,0,1000,100E
R208,2477,2582,40,10,90,100,0,50,100,40,0,1000,100E
R209,2473,2567,40,10,90,100,0,50,100,40,0,1000,100E
R210,2469,2554,40,10,90,100,0,50,100,40,0,1000,100E
R211,2465,2540,40,10,90,100,0,50,100,40,0,1000,100E
R212,2459,2528,40,10,90,100,0,50,100,40,0,1000,100E
R213,2454,2512,40,10,90,100,0,50,100,40,0,1000,100E
R214,2452,2503,40,10,90,100,0,50,100,40,0,1000,100E
R215,2446,2490,40,10,90,100,0,50,100,40,0,1000,100E
R216,2441,2476,40,10,90,100,0,50,100,40,0,1000,100E
R217,2437,2464,40,10,90,100,0,50,100,40,0,1000,100E
R218,2431,2453,40,10,90,100,0,50,100,40,0,1000,100E
R219,2427,2438,40,10,90,100,0,50,100,40,0,1000,100E
R220,2423,2427,40,10,90,100,0,50,100,40,0,1000,100E
R221,2418,2415,40,10,90,100,0,50,100,40,0,1000,100E
R222,2413,2405,40,10,90,100,0,50,100,40,0,1000,100E
R223,2408,2392,40,10,90,100,0,50,100,40,0,1000,100E
R224,2405,2386,40,10,90,100,0,50,100,40,0,1000,100E
R225,2401,2374,40,10,90,100,0,50,100,40,0,1000,100E
R226,2396,2364,40,10,90,100,0,50,100,40,0,1000,100E
R227,2392,2354,40,10,90,100,0,50,100,40,0,1000,100E
R228,2387,2346,40,10,90,100,0,50,100,40,0,1000,100E
R229,2382,2334,40,10,90,100,0,50,100,40,0,1000,100E
R230,2378,2325,40,10,90,100,0,50,100,40,0,1000,100E
R231,2373,2317,40,10,90,100,0,50,100,40,0,1000,100E
R232,2369,2306,40,10,90,100,0,50,100,40,0,1000,100E
R233,2365,2297,40,10,90,100,0,50,100,40,0,1000,100E
R234,2361,2289,40,10,90,100,0,50,100,40,0,1000,100E
R235,2357,2280,40,10,90,100,0,50,100,40,0,1000,100E
R236,2353,2272,40,10,90,100,0,50,100,40,0,1000,100E
R237,2349,2265,40,10,90,100,0,50,100,40,0,1000,100E
R238,2345,2258,40,10,90,100,0,50,100,40,0,1000,100E
R239,2341,2249,40,10,90,100,0,50,100,40,0,1000,100E
R240,2337,2242,40,10,90,100,0,50,100,40,0,1000,100E
R241,2334,2237,40,10,90,100,0,50,100,40,0,1000,100E
R242,2331,2230,40,10,90,100,0,50,100,40,0,1000,100E
R243,2327,2223,40,10,90,100,0,50,100,40,0,1000,100E
R244,2322,2217,40,10,90,100,0,50,100,40,0,1000,100E
R245,2319,2210,40,10,90,100,0,50,100,40,0,1000,100E
R246,2316,2204,40,10,90,100,0,50,100,40,0,1000,100E
R247,2312,2199,40,10,90,100,0,50,100,40,0,1000,100E
R248,2308,2192,40,10,90,100,0,50,100,40,0,1000,100E
R249,2305,2186,40,10,90,100,0,50,100,40,0,1000,100E
R250,2302,2181,40,10,90,100,0,50,100,40,0,1000,100E
R251,2298,2175,40,10,90,100,0,50,100,40,0,1000,100E
R252,2294,2169,40,10,90,100,0,50,100,40,0,1000,100E
R253,2291,2164,40,10,90,100,0,50,100,40,0,1000,100E
R254,2287,2159,40,10,90,100,0,50,100,40,0,1000,100E
R255,2284,2153,40,10,90,100,0,50,100,40,0,1000,100E
R256,2282,2150,40,10,90,100,0,50,100,40,0,1000,100E
R257,2278,2146,40,10,90,100,0,50,100,40,0,1000,100E
R258,2275,2141,40,10,90,100,0,50,100,40,0,1000,100E
R259,2273,2136,40,10,90,100,0,50,100,40,0,1000,100E
R260,2270,2132,40,10,90,100,0,50,100,40,0,1000,100E
R261,2267,2127,40,10,90,100,0,50,100,40,0,1000,100E
R262,2264,2123,40,10,90,100,0,50,100,40,0,1000,100E
R263,2262,2119,40,10,90,100,0,50,100,40,0,1000,100E
R264,2258,2115,40,10,90,100,0,50,100,40,0,1000,100E
R265,2255,2111,40,10,90,100,0,50,100,40,0,1000,100E
R266,2253,2107,40,10,90,100,0,50,100,40,0,1000,100E
R267,2249,2104,40,10,90,100,0,50,100,40,0,1000,100E
R268,2247,2099,40,10,90,100,0,50,100,40,0,1000,100E
R269,2244,2096,40,10,90,100,0,50,100,40,0,1000,100E
R270,2242,2094,40,10,90,100,0,50,100,40,0,1000,100E
R271,2238,2089,40,10,90,100,0,50,100,40,0,1000,100E
R272,2236,2086,40,10,90,100,0,50,100,40,0,1000,100E
R273,2233,2082,40,10,90,100,0,50,100,40,0,1000,100E
R274,2230,2078,40,10,90,100,0,50,100,40,0,1000,100E
R275,2228,2075,40,10,90,100,0,50,100,40,0,1000,100E
R276,2225,2072,40,10,90,100,0,50,100,40,0,1000,100E
R277,2222,2069,40,10,90,100,0,50,100,40,0,1000,100E
R278,2221,2066,40,10,90,100,0,50,100,40,0,1000,100E
R279,2219,2064,40,10,90,100,0,50,100,40,0,1000,100E
R280,2219,2064,40,10,90,100,0,50,100,40,0,1000,100E
R281,2219,2065,40,10,90,100,0,50,100,40,0,1000,100E
R282,2220,2068,40,10,90,100,0,50,100,40,0,1000,100E
R283,2221,2070,40,10,90,100,0,50,100,40,0,1000,100E
R284,2223,2076,40,10,90,100,0,50,100,40,0,1000,100E
R285,2226,2081,40,10,90,100,0,50,100,40,0,1000,100E
R286,2229,2088,40,10,90,100,0,50,100,40,0,1000,100E
R287,2233,2095,40,10,90,100,0,50,100,40,0,1000,100E
R288,2236,2102,40,10,90,100,0,50,100,40,0,1000,100E
R289,2240,2110,40,10,90,100,0,50,100,40,0,1000,100E
R290,2245,2119,40,10,90,100,0,50,100,40,0,1000,100E
R291,2251,2131,40,10,90,100,0,50,100,40,0,1000,100E
R292,2256,2141,40,10,90,100,0,50,100,40,0,1000,100E
R293,2262,2150,40,10,90,100,0,50,100,40,0,1000,100E
R294,2268,2161,40,10,90,100,0,50,100,40,0,1000,100E
R295,2273,2171,40,10,90,100,0,50,100,40,0,1000,100E
R551,1719,1698,50,75,90,100,0,100,0,40,0,1000,100E
R552,1721,1699,50,75,90,100,0,100,0,40,0,1000,100E
R553,1723,1701,50,75,90,100,0,100,0,40,0,1000,100E
R554,1725,1702,50,75,90,100,0,100,0,40,0,1000,100E
R555,1726,1703,50,75,90,100,0,100,0,40,0,1000,100E
R556,1728,1704,50,75,90,100,0,100,0,40,0,1000,100E
R557,1730,1705,50,75,90,100,0,100,0,40,0,1000,100E
R558,1732,1706,50,75,90,100,0,100,0,40,0,1000,100E
R559,1734,1707,50,75,90,100,0,100,0,40,0,1000,100E
R560,1736,1708,50,75,90,100,0,100,0,40,0,1000,100E
R561,1737,1710,50,75,90,100,0,100,0,40,0,1000,100E
R562,1739,1711,50,75,90,100,0,100,0,40,0,1000,100E
R563,1741,1712,50,75,90,100,0,100,0,40,0,1000,100E
R564,1743,1713,50,75,90,100,0,100,0,40,0,1000,100E
R565,1745,1714,50,75,90,100,0,100,0,40,0,1000,100E
R566,1747,1715,50,75,90,100,0,100,0,40,0,1000,100E
R567,1749,1717,50,75,90,100,0,100,0,40,0,1000,100E
