R1,1960,2149,20,49,33,9500E
R2,1974,2163,20,49,33,9500E
R3,1982,2175,20,49,33,9500E
R4,1976,2172,20,49,33,7840E
R5,1960,2154,20,49,33,7840E
R6,1931,2127,20,49,33,7840E
R7,1891,2086,20,49,33,-8050E
R8,1849,2058,20,49,33,-8050E
R9,1811,2020,20,49,33,-8050E
R10,1777,1974,20,49,33,-9500E
R11,1732,1934,20,49,33,-9500E
R12,1710,1910,20,50,33,-9500E
R13,1675,1869,20,50,33,-9500E
R14,1653,1850,20,50,33,-9500E
R15,1621,1821,20,41,33,-9500E
R16,1587,1805,20,13,33,-9500E
R17,1566,1781,20,6,33,-9500E
R18,1533,1759,20,6,33,-9500E
R19,1504,1744,20,7,33,-9500E
R20,1484,1723,20,7,33,-9500E
R21,1459,1705,20,7,33,-9500E
R22,1445,1689,20,7,33,-9500E
R23,1417,1672,20,7,33,-9500E
R24,1391,1659,20,7,33,-9500E
R25,1373,1642,20,7,33,-9500E
R26,1351,1629,20,7,33,-9500E
R27,1333,1618,20,7,33,-9500E
R28,1312,1604,20,7,33,-9500E
R29,1289,1593,20,7,33,-9500E
R30,1272,1584,20,7,33,-9500E
R31,1253,1574,20,7,33,-9500E
R32,1238,1566,20,7,33,-9500E
R33,1224,1559,20,7,33,-9500E
R34,1201,1549,20,7,33,-9500E
R35,1186,1542,20,7,33,-9500E
R36,1174,1537,20,7,33,-9500E
R37,1158,1530,20,7,33,-9500E
R38,1145,1524,20,7,33,-9500E
R39,1130,1518,20,7,33,-9500E
R40,1116,1513,20,7,33,-8760E
R41,1104,1509,20,7,33,-8760E
R42,1091,1505,20,7,33,-8760E
R43,1078,1500,20,7,33,-7880E
R44,1069,1497,20,7,33,-7880E
R45,1056,1494,20,7,33,-7880E
R46,1047,1491,20,7,33,-7220E
R47,1039,1489,20,7,33,-7220E
R48,1028,1485,20,7,33,-7220E
R49,1017,1482,20,7,33,-6310E
R50,1010,1480,20,7,33,-6310E
R51,1001,1478,20,7,33,-6310E
R52,992,1476,20,7,33,-5770E
R53,985,1475,20,7,33,-5770E
R54,975,1474,20,7,33,-5770E
R55,968,1472,20,7,33,-5040E
R56,962,1472,20,7,33,-5040E
R57,955,1471,20,7,33,-5040E
R58,948,1470,20,7,33,-4450E
R59,942,1470,20,7,33,-4450E
R60,936,1469,20,7,33,-4450E
R61,931,1469,20,7,33,-4100E
R62,925,1468,20,7,33,-4100E
R63,920,1468,20,7,33,-4100E
R64,915,1467,20,7,33,-3580E
R65,910,1467,20,7,33,-3580E
R66,906,1468,20,7,33,-3580E
R67,902,1468,20,7,33,-3190E
R68,898,1468,20,7,33,-3190E
R69,894,1469,20,7,33,-3190E
R70,891,1469,20,7,33,-2720E
R71,887,1469,20,7,33,-2720E
R72,885,1469,20,7,33,-2720E
R73,881,1469,20,7,33,-2370E
R74,878,1470,20,7,33,-2370E
R75,876,1470,20,7,33,-2370E
R76,873,1471,20,7,33,-2020E
R77,871,1471,20,7,33,-2020E
R78,869,1472,20,7,33,-2020E
R79,867,1473,20,7,33,-1560E
R80,865,1474,20,7,33,-1560E
R81,864,1474,20,7,33,-1560E
R82,862,1475,20,7,33,-1390E
R83,861,1476,20,7,33,-1390E
R84,860,1477,20,7,33,-1390E
R85,859,1478,20,7,33,-1000E
R86,858,1479,20,7,33,-1000E
R87,858,1480,20,7,33,-1000E
R88,858,1482,20,7,33,-730E
R89,857,1483,20,7,33,-730E
R90,857,1484,20,7,33,-730E
R91,856,1486,20,7,33,-590E
R92,856,1487,20,7,33,-590E
R93,856,1487,20,7,33,-590E
R94,856,1488,20,7,33,-380E
R95,856,1489,20,7,33,-380E
R96,856,1490,20,7,33,-380E
R97,856,1490,20,7,33,-240E
R98,857,1491,20,7,33,-240E
R99,857,1492,20,7,33,-240E
R100,857,1494,20,7,33,-90E
R101,858,1495,20,7,33,-90E
R102,859,1496,20,7,33,-90E
R103,860,1497,20,7,33,130E
R104,861,1498,20,7,33,130E
R105,862,1499,20,7,33,130E
R106,863,1500,20,7,33,290E
R107,864,1501,20,7,33,290E
R108,865,1502,20,7,33,290E
R109,867,1503,20,7,33,470E
R110,868,1505,20,7,33,470E
R111,869,1506,20,7,33,470E
R112,871,1506,20,49,33,580E
R113,872,1506,20,74,33,580E
R114,874,1507,20,74,33,580E
R115,876,1509,20,75,33,710E
R116,877,1514,20,75,33,710E
R117,879,1522,20,75,33,710E
R118,881,1528,20,75,33,800E
R119,883,1537,20,75,33,800E
R120,884,1544,20,75,33,800E
R121,886,1550,20,75,33,850E
R122,888,1559,20,75,33,850E
R123,890,1566,20,75,33,850E
R124,892,1571,20,75,33,940E
R125,894,1578,20,75,33,940E
R126,897,1586,20,75,33,940E
R127,899,1591,20,75,33,1000E
R128,901,1598,20,75,33,1000E
R129,903,1604,20,75,33,1000E
R130,906,1610,20,75,33,1100E
R131,908,1616,20,75,33,1100E
R132,910,1621,20,75,33,1100E
R133,913,1626,20,75,33,1170E
R134,915,1632,20,75,33,1170E
R135,917,1636,20,75,33,1170E
R136,920,1642,20,75,33,1230E
R137,923,1646,20,75,33,1230E
R138,925,1650,20,75,33,1230E
R139,928,1655,20,75,33,1310E
R140,931,1659,20,75,33,1310E
R141,933,1663,20,75,33,1310E
R142,935,1667,20,75,33,1380E
R143,939,1672,20,75,33,1380E
R144,941,1674,20,75,33,1380E
R145,943,1680,20,75,33,1430E
R146,947,1684,20,75,33,1430E
R147,949,1687,20,75,33,1430E
R148,952,1690,20,75,33,1510E
R149,955,1695,20,75,33,1510E
R150,958,1697,20,75,33,1510E
R151,961,1702,20,75,33,1530E
R152,964,1704,20,75,33,1530E
R153,966,1707,20,75,33,1530E
R154,969,1710,20,75,33,1580E
R155,973,1713,20,75,33,1580E
R156,975,1716,20,75,33,1580E
R157,978,1719,20,75,33,1630E
R158,981,1721,20,75,33,1630E
R159,984,1724,20,75,33,1630E
R160,987,1726,20,75,33,1660E
R161,990,1728,20,75,33,1660E
R162,993,1731,20,75,33,1660E
R163,996,1733,20,75,34,1650E
R164,999,1735,20,75,34,1650E
R165,1002,1737,20,75,34,1650E
R166,1006,1739,20,75,34,1710E
R167,1008,1741,20,75,34,1710E
R168,1011,1743,20,75,34,1710E
R169,1014,1745,20,75,34,1720E
R170,1018,1747,20,75,34,1720E
R171,1020,1749,20,75,34,1720E
R172,1023,1751,20,75,34,1730E
R173,1026,1753,20,75,34,1730E
R174,1030,1754,20,75,34,1730E
R175,1033,1756,20,75,34,1770E
R176,1036,1757,20,75,34,1770E
R177,1039,1759,20,75,34,1770E
R178,1042,1760,20,75,34,1780E
R179,1045,1762,20,75,34,1780E
R180,1048,1763,20,75,34,1780E
R181,1051,1764,20,75,34,1780E
R182,1054,1766,20,75,34,1780E
R183,1057,1768,20,75,34,1780E
R184,1060,1769,20,75,34,1780E
R185,1063,1770,20,75,34,1780E
R186,1066,1772,20,75,34,1780E
R187,1069,1773,20,75,34,1780E
R188,1073,1775,20,75,34,1780E
R189,1075,1776,20,75,34,1780E
R190,1078,1777,20,75,34,1780E
R191,1081,1779,20,75,34,1780E
R192,1084,1780,20,75,34,1780E
R193,1087,1781,20,75,34,1790E
R194,1091,1782,20,75,34,1790E
R195,1093,1783,20,75,34,1790E
R196,1097,1785,20,75,34,1790E
R197,1099,1786,20,75,34,1790E
R198,1102,1787,20,75,34,1790E
R199,1105,1788,20,75,34,1790E
R200,1109,1790,20,75,34,1790E
R201,1111,1791,20,75,34,1790E
R202,1114,1792,20,75,34,1790E
R203,1117,1793,20,75,34,1790E
R204,1120,1794,20,75,34,1790E
R205,1123,1796,20,75,34,1790E
R206,1126,1796,20,75,34,1790E
R207,1128,1797,20,75,34,1790E
R208,1131,1798,20,75,34,1780E
R209,1134,1799,20,75,34,1780E
R210,1137,1801,20,75,34,1780E
R211,1140,1802,20,75,34,1760E
R212,1142,1803,20,75,34,1760E
R213,1146,1804,20,75,34,1760E
R214,1149,1805,20,75,34,1760E
R215,1151,1806,20,75,34,1760E
R216,1154,1807,20,75,34,1760E
R217,1156,1808,20,75,34,1750E
R218,1160,1809,20,75,34,1750E
R219,1162,1811,20,75,34,1750E
R220,1164,1811,20,75,34,1740E
R221,1168,1812,20,75,34,1740E
R222,1170,1814,20,75,34,1740E
R223,1172,1814,20,75,34,1730E
R224,1176,1815,20,75,34,1730E
R225,1178,1817,20,75,34,1730E
R226,1181,1818,20,75,34,1730E
R227,1184,1819,20,75,34,1730E
R228,1187,1820,20,75,34,1730E
R229,1189,1822,20,75,34,1720E
R230,1193,1823,20,75,34,1720E
R231,1195,1824,20,75,34,1720E
R232,1197,1824,20,75,34,1710E
R233,1200,1825,20,75,34,1710E
R234,1202,1827,20,75,34,1710E
R235,1205,1828,20,75,34,1700E
R236,1208,1829,20,75,34,1700E
R237,1210,1830,20,75,34,1700E
R238,1213,1831,20,75,34,1690E
R239,1216,1833,20,75,34,1690E
R240,1218,1834,20,75,34,1690E
R241,1221,1835,20,75,34,1680E
R242,1223,1836,20,75,34,1680E
R243,1226,1838,20,75,34,1680E
R244,1228,1839,20,75,34,1650E
R245,1231,1840,20,75,34,1650E
R246,1235,1841,20,75,34,1650E
R247,1237,1842,20,75,34,1650E
R248,1239,1843,20,75,34,1650E
R249,1242,1845,20,75,34,1650E
R250,1245,1846,20,75,34,1640E
R251,1247,1847,20,75,34,1640E
R252,1250,1848,20,75,34,1640E
R253,1252,1850,20,75,34,1620E
R254,1254,1851,20,75,34,1620E
R255,1257,1852,20,75,34,1620E
R256,1259,1854,20,75,34,1620E
R257,1262,1855,20,75,34,1620E
R258,1265,1856,20,75,34,1620E
R259,1267,1857,20,75,34,1590E
R260,1270,1858,20,75,34,1590E
R261,1272,1859,20,75,34,1590E
R262,1274,1861,20,75,34,1570E
R263,1276,1862,20,75,34,1570E
R264,1278,1863,20,75,34,1570E
R265,1281,1865,20,75,34,1550E
R266,1283,1866,20,75,34,1550E
R267,1286,1867,20,75,34,1550E
R268,1288,1869,20,75,34,1560E
R269,1291,1870,20,75,34,1560E
R270,1293,1871,20,75,34,1560E
R271,1295,1872,20,75,34,1540E
R272,1298,1873,20,75,34,1540E
R273,1299,1874,20,75,34,1540E
R274,1302,1876,20,75,34,1520E
R275,1305,1878,20,75,34,1520E
R276,1307,1879,20,75,34,1520E
R277,1309,1880,20,75,34,1510E
R278,1311,1881,20,75,34,1510E
R279,1313,1882,20,75,34,1510E
R280,1316,1883,20,75,34,1500E
R281,1318,1884,20,75,34,1500E
R282,1320,1885,20,75,34,1500E
R283,1322,1887,20,75,34,1460E
R284,1324,1889,20,75,34,1460E
R285,1327,1890,20,75,34,1460E
R286,1329,1891,20,75,34,1450E
R287,1331,1893,20,75,34,1450E
R288,1333,1894,20,75,34,1450E
R289,1335,1895,20,75,34,1420E
R290,1337,1897,20,75,34,1420E
R291,1340,1897,20,75,34,1420E
R292,1342,1898,20,75,34,1390E
R293,1343,1899,20,75,34,1390E
R294,1347,1901,20,75,34,1390E
R295,1348,1901,20,75,34,1390E
R296,1350,1902,20,75,34,1390E
R297,1353,1904,20,75,34,1390E
R298,1354,1905,20,75,34,1370E
R299,1356,1906,20,75,34,1370E
R300,1359,1907,20,75,34,1370E
R301,1360,1908,20,75,34,1350E
R302,1362,1909,20,75,34,1350E
R303,1365,1910,20,75,34,1350E
R304,1366,1911,20,75,34,1330E
R305,1369,1912,20,75,34,1330E
R306,1371,1913,20,75,34,1330E
R307,1373,1914,20,75,34,1340E
R308,1375,1915,20,75,34,1340E
R309,1376,1916,20,75,34,1340E
R310,1379,1917,20,75,34,1320E
R311,1381,1918,20,75,34,1320E
R312,1383,1919,20,75,34,1320E
R313,1385,1921,20,75,34,1300E
R314,1387,1922,20,75,34,1300E
R315,1389,1923,20,75,34,1300E
R316,1391,1924,20,75,34,1290E
R317,1393,1925,20,75,34,1290E
R318,1394,1926,20,75,34,1290E
R319,1397,1928,20,75,34,1280E
R320,1399,1929,20,75,34,1280E
R321,1401,1930,20,75,34,1280E
R322,1403,1931,20,75,34,1270E
R323,1405,1932,22,75,34,1270E
R324,1407,1933,26,75,34,1270E
R325,1409,1934,28,75,34,1260E
R326,1411,1935,29,75,34,1260E
R327,1413,1937,31,75,34,1260E
R328,1415,1938,31,75,34,1250E
R329,1415,1939,30,75,34,1250E
R330,1418,1940,30,75,34,1250E
R331,1420,1941,30,75,34,1230E
R332,1422,1942,30,75,34,1230E
R333,1424,1944,30,75,34,1230E
R334,1426,1944,30,75,34,1200E
R335,1428,1945,30,75,34,1200E
R336,1430,1946,30,75,34,1200E
R337,1432,1947,30,75,34,1200E
R338,1434,1948,30,75,34,1200E
R339,1436,1949,30,75,34,1200E
R340,1437,1950,30,75,34,1200E
R341,1439,1951,30,75,34,1200E
R342,1442,1953,30,75,34,1200E
R343,1443,1954,30,75,34,1200E
R344,1445,1955,30,75,34,1200E
R345,1448,1956,30,75,34,1200E
R346,1449,1957,30,75,34,1200E
R347,1451,1958,30,75,34,1200E
R348,1453,1959,30,75,34,1200E
R349,1455,1959,30,75,34,1200E
R350,1456,1960,30,75,34,1200E
R351,1459,1962,30,75,34,1200E
R352,1460,1963,30,75,34,1180E
R353,1462,1964,30,75,34,1180E
R354,1464,1966,30,75,34,1180E
R355,1466,1966,30,75,34,1170E
R356,1467,1967,30,75,34,1170E
R357,1469,1968,30,75,34,1170E
R358,1471,1970,30,75,34,1170E
R359,1473,1971,30,75,34,1170E
R360,1474,1971,30,75,34,1170E
R361,1476,1972,30,75,34,1150E
R362,1478,1973,30,75,34,1150E
R363,1480,1975,30,75,34,1150E
R364,1482,1976,30,75,34,1140E
R365,1483,1977,30,75,34,1140E
R366,1485,1978,30,75,34,1140E
R367,1488,1980,30,75,34,1150E
R368,1489,1981,30,75,34,1150E
R369,1491,1982,30,75,34,1150E
R370,1493,1983,30,75,34,1130E
R371,1494,1984,30,75,34,1130E
R372,1496,1984,30,75,34,1130E
R373,1498,1986,30,75,34,1140E
R374,1500,1987,30,75,34,1140E
R375,1502,1988,30,75,34,1140E
R376,1503,1989,30,75,34,1120E
R377,1505,1991,30,75,34,1120E
R378,1507,1992,30,75,34,1120E
R379,1508,1993,30,75,34,1110E
R380,1511,1994,30,75,34,1110E
R381,1512,1994,30,75,34,1110E
R382,1513,1995,30,75,34,1100E
R383,1516,1997,30,75,34,1100E
R384,1518,1998,30,75,34,1100E
R385,1519,1998,30,75,34,1110E
R386,1521,1999,30,75,34,1110E
R387,1523,2000,30,75,34,1110E
R388,1525,2001,30,75,34,1120E
R389,1527,2002,30,75,34,1120E
R390,1528,2003,30,75,34,1120E
R391,1530,2003,30,75,34,1110E
R392,1532,2004,30,75,34,1110E
R393,1534,2005,30,75,34,1110E
R394,1535,2006,30,75,34,1100E
R395,1537,2007,30,75,34,1100E
R396,1539,2008,30,75,34,1100E
R397,1541,2009,30,75,34,1090E
R398,1542,2010,30,75,34,1090E
R399,1544,2011,30,75,34,1090E
R400,1546,2012,30,75,34,1080E
R401,1547,2013,30,75,34,1080E
R402,1549,2014,30,75,34,1080E
R403,1551,2015,30,75,34,1090E
R404,1552,2016,30,75,34,1090E
R405,1554,2017,30,75,34,1090E
R406,1556,2018,30,75,34,1080E
R407,1558,2019,30,75,34,1080E
R408,1560,2020,30,75,34,1080E
R409,1561,2021,30,75,34,1070E
R410,1563,2022,30,75,34,1070E
R411,1565,2023,30,75,34,1070E
R412,1566,2024,30,75,34,1060E
R413,1568,2025,30,75,34,1060E
R414,1570,2026,30,75,34,1060E
R415,1572,2027,30,75,34,1080E
R416,1574,2028,30,75,34,1080E
R417,1575,2029,30,75,34,1080E
R418,1576,2030,30,75,34,1050E
R419,1579,2031,30,75,34,1050E
R420,1580,2032,30,75,34,1050E
R421,1581,2033,30,75,34,1040E
R422,1583,2033,30,75,34,1040E
R423,1585,2034,30,75,34,1040E
R424,1587,2035,30,75,34,1060E
R425,1588,2036,30,75,34,1060E
R426,1590,2037,30,75,34,1060E
R427,1592,2038,30,75,34,1050E
R428,1593,2039,30,75,34,1050E
R429,1595,2040,30,75,34,1050E
R430,1597,2042,30,75,34,1050E
R431,1599,2043,30,75,34,1050E
R432,1601,2044,30,75,34,1050E
R433,1602,2046,30,75,34,1040E
R434,1604,2046,30,75,34,1040E
R435,1606,2047,30,75,34,1040E
R436,1608,2048,30,75,34,1060E
R437,1609,2049,30,75,34,1060E
R438,1611,2050,30,75,34,1060E
R439,1612,2051,30,75,34,1030E
R440,1614,2052,30,75,34,1030E
R441,1616,2053,30,75,34,1030E
R442,1618,2054,30,75,34,1030E
R443,1619,2055,30,75,34,1030E
R444,1621,2056,30,75,34,1030E
R445,1623,2057,30,75,34,1020E
R446,1624,2057,30,75,34,1020E
R447,1626,2058,30,75,34,1020E
R448,1628,2060,30,75,34,1020E
R449,1629,2060,30,75,34,1020E
R450,1630,2061,30,75,34,1020E
R451,1632,2062,30,75,34,1020E
R452,1634,2063,30,75,34,1020E
R453,1636,2064,30,75,34,1020E
R454,1637,2065,30,75,34,1020E
R455,1639,2066,30,75,34,1020E
R456,1641,2067,30,75,34,1020E
R457,1642,2068,30,75,34,1020E
R458,1644,2069,30,72,34,1020E
R459,1646,2070,30,70,34,1020E
R460,1647,2071,30,69,34,1010E
R461,1650,2072,30,69,34,1010E
R462,1651,2073,30,69,34,1010E
R463,1652,2073,30,69,34,1010E
R464,1654,2075,30,70,34,1010E
R465,1656,2075,30,69,34,1010E
R466,1657,2076,30,69,34,1010E
R467,1660,2077,30,69,34,1010E
R468,1661,2078,30,69,34,1010E
R469,1663,2078,30,69,34,1020E
R470,1665,2080,30,69,34,1020E
R471,1666,2080,30,69,34,1020E
R472,1668,2081,30,69,34,1020E
R473,1669,2082,30,69,34,1020E
R474,1671,2083,30,69,34,1020E
R475,1672,2084,30,69,34,1010E
R476,1674,2085,30,69,34,1010E
R477,1675,2086,30,69,34,1010E
R478,1677,2087,30,69,34,1000E
R479,1679,2088,30,69,34,1000E
R480,1681,2088,30,69,34,1000E
R481,1684,2090,30,69,34,1020E
R482,1685,2090,30,69,34,1020E
R483,1687,2091,30,70,34,1020E
R484,1688,2092,30,69,34,1020E
R485,1690,2093,30,69,34,1020E
R486,1692,2093,30,69,34,1020E
R487,1693,2094,30,69,34,1020E
R488,1695,2095,30,69,34,1020E
R489,1697,2096,30,69,34,1020E
R490,1699,2097,30,69,34,1030E
R491,1700,2098,30,69,34,1030E
R492,1702,2099,30,69,34,1030E
R493,1704,2100,30,69,34,1030E
R494,1705,2101,30,69,34,1030E
R495,1707,2102,30,69,34,1030E
R496,1708,2103,30,69,34,1010E
R497,1710,2104,30,69,34,1010E
R498,1712,2106,30,69,34,1010E
R499,1713,2106,30,69,34,1010E
R500,1715,2107,30,69,34,1010E
R501,1717,2108,30,69,34,1010E
R502,1718,2109,30,69,34,1010E
R503,1720,2110,30,69,34,1010E
R504,1722,2111,30,69,34,1010E
R505,1723,2112,30,69,34,1010E
R506,1725,2113,30,69,34,1010E
R507,1727,2114,30,69,34,1010E
R508,1728,2116,30,69,34,1000E
R509,1730,2117,30,70,34,1000E
R510,1732,2118,30,69,34,1000E
R511,1733,2119,30,69,34,1000E
R512,1735,2120,30,69,34,1000E
R513,1737,2121,30,69,34,1000E
R514,1739,2122,30,69,34,1000E
R515,1740,2123,30,66,34,1000E
R516,1742,2123,30,65,34,1000E
R517,1744,2124,30,65,34,1000E
R518,1745,2125,30,65,34,1000E
R519,1747,2125,30,65,34,1000E
R520,1749,2127,30,65,34,1000E
R521,1750,2127,30,65,34,1000E
R522,1752,2128,30,65,34,1000E
R523,1754,2129,30,65,34,1010E
R524,1755,2130,30,65,34,1010E
R525,1757,2130,30,65,34,1010E
R526,1759,2131,30,65,34,1010E
R527,1760,2133,30,65,34,1010E
R528,1762,2134,30,65,34,1010E
R529,1764,2134,30,65,34,1010E
R530,1765,2135,30,65,34,1010E
R531,1767,2136,30,65,34,1010E
R532,1769,2138,30,65,34,1010E
R533,1770,2138,30,65,34,1010E
R534,1772,2139,30,65,34,1010E
R535,1773,2140,30,65,34,1000E
R536,1775,2141,30,65,34,1000E
R537,1777,2143,30,65,34,1000E
R538,1778,2144,30,65,34,1000E
R539,1780,2144,30,65,34,1000E
R540,1782,2144,30,65,34,1000E
R541,1783,2146,30,65,34,1000E
R542,1785,2147,30,65,34,1000E
R543,1787,2148,30,65,34,1000E
R544,1788,2149,30,65,34,1000E
R545,1790,2150,30,65,34,1000E
R546,1792,2151,30,65,34,1000E
R547,1793,2152,30,62,34,1000E
R548,1795,2153,30,60,34,1000E
R549,1796,2154,30,60,34,1000E
R550,1798,2155,30,60,34,1000E
R551,1800,2155,30,60,34,1000E
R552,1802,2155,30,60,34,1000E
R553,1804,2155,30,60,34,1000E
R554,1805,2155,30,60,34,1000E
R555,1807,2155,30,60,34,1000E
R556,1809,2155,30,60,34,1000E
R557,1810,2155,30,60,34,1000E
R558,1812,2155,30,60,34,1000E
R559,1813,2155,30,60,34,1000E
R560,1815,2155,30,60,34,1000E
R561,1817,2155,30,60,34,1000E
R562,1818,2155,30,60,34,1000E
R563,1820,2155,30,60,34,1000E
R564,1821,2155,30,60,34,1000E
R565,1823,2156,30,60,34,1000E
R566,1825,2156,30,60,34,1000E
R567,1826,2156,30,60,34,1000E
R568,1828,2156,30,60,34,1000E
R569,1830,2157,30,60,34,1000E
R570,1831,2157,30,60,34,1000E
R571,1832,2157,30,60,34,990E
R572,1834,2157,30,60,34,990E
R573,1836,2158,30,60,34,990E
R574,1837,2158,30,60,34,990E
R575,1839,2158,30,60,34,990E
R576,1841,2159,30,60,34,990E
R577,1842,2160,30,60,34,990E
R578,1844,2160,30,60,34,990E
R579,1846,2161,30,60,34,990E
R580,1847,2161,30,60,34,990E
R581,1849,2162,30,60,34,990E
R582,1851,2163,30,60,34,990E
R583,1852,2163,30,60,34,990E
R584,1853,2163,30,57,34,990E
R585,1855,2165,30,51,34,990E
R586,1856,2165,30,51,34,980E
R587,1858,2166,30,51,34,980E
R588,1860,2166,30,50,34,980E
R589,1861,2166,30,50,34,980E
R590,1863,2165,30,50,34,980E
R591,1864,2164,30,50,34,980E
R592,1866,2164,30,50,34,980E
R593,1868,2164,30,50,34,980E
R594,1869,2163,30,50,34,980E
R595,1871,2162,30,50,34,980E
R596,1872,2162,30,50,34,980E
R597,1874,2162,30,50,34,980E
R598,1875,2162,30,50,34,980E
R599,1877,2162,30,50,34,980E
R600,1879,2162,30,50,34,980E
R601,1880,2161,30,50,34,980E
R602,1882,2161,30,50,34,980E
R603,1883,2161,30,50,34,980E
R604,1885,2161,30,50,34,970E
R605,1886,2161,30,50,34,970E
R606,1887,2160,30,50,34,970E
R607,1889,2160,30,50,34,960E
R608,1890,2160,30,50,34,960E
R609,1892,2160,30,50,34,960E
R610,1893,2160,30,50,34,960E
R611,1895,2160,30,50,34,960E
R612,1896,2160,30,50,34,960E
R613,1897,2161,30,50,34,950E
R614,1899,2161,30,50,34,950E
R615,1901,2161,30,50,34,950E
R616,1902,2161,30,50,34,960E
R617,1903,2162,30,50,34,960E
R618,1905,2162,37,50,34,960E
R619,1906,2162,40,50,34,950E
R620,1908,2163,40,50,34,950E
R621,1910,2163,40,50,34,950E
R622,1911,2163,40,50,34,950E
R623,1913,2164,40,50,34,950E
R624,1914,2165,40,50,34,950E
R625,1915,2165,40,50,34,940E
R626,1917,2165,40,50,34,940E
R627,1919,2165,40,50,34,940E
R628,1920,2165,40,50,34,940E
R629,1922,2165,40,50,34,940E
R630,1923,2165,40,50,34,940E
R631,1925,2166,40,50,34,940E
R632,1926,2166,40,46,34,940E
R633,1927,2166,40,40,34,940E
R634,1929,2167,40,39,34,940E
R635,1930,2167,40,40,34,940E
R636,1932,2166,40,40,34,940E
R637,1934,2165,40,40,34,930E
R638,1935,2163,40,40,34,930E
R639,1936,2162,40,40,34,930E
R640,1938,2160,40,40,34,930E
R641,1939,2158,40,40,34,930E
R642,1941,2157,40,40,34,930E
R643,1942,2156,40,40,34,920E
R644,1943,2155,40,40,34,920E
R645,1945,2153,40,40,34,920E
R646,1947,2152,40,40,34,910E
R647,1947,2151,40,40,34,910E
R648,1949,2151,40,40,34,910E
R649,1951,2150,40,40,34,920E
R650,1952,2149,40,40,34,920E
R651,1954,2148,40,40,34,920E
R652,1955,2148,40,40,34,910E
R653,1956,2147,40,40,34,910E
R654,1957,2147,40,40,34,910E
R655,1959,2146,40,40,34,900E
R656,1960,2146,40,40,34,900E
R657,1961,2146,40,40,34,900E
R658,1962,2146,40,40,34,860E
R659,1963,2145,40,40,34,860E
R660,1965,2145,40,40,34,860E
R661,1966,2145,40,40,34,870E
R662,1967,2145,40,40,34,870E
R663,1968,2145,40,40,34,870E
R664,1970,2145,40,40,34,870E
R665,1971,2144,40,40,34,870E
R666,1973,2144,40,40,34,870E
R667,1974,2144,40,31,34,840E
R668,1975,2144,40,30,34,840E
R669,1976,2144,40,30,34,840E
R670,1977,2144,40,30,34,830E
R671,1978,2143,40,30,34,830E
R672,1980,2142,40,30,34,830E
R673,1981,2141,40,30,34,830E
R674,1982,2141,40,30,34,830E
R675,1984,2140,40,30,34,830E
R676,1985,2140,40,30,34,820E
R677,1987,2140,40,30,34,820E
R678,1988,2139,40,30,34,820E
R679,1989,2139,40,30,34,820E
R680,1990,2139,40,30,34,820E
R681,1992,2139,40,30,34,820E
R682,1993,2139,40,30,34,820E
R683,1994,2139,40,30,34,820E
R684,1996,2138,47,30,34,820E
R685,1997,2138,46,30,34,820E
R686,1997,2138,46,30,34,820E
R687,1999,2137,46,30,34,820E
R688,2000,2136,46,30,34,800E
R689,2001,2136,46,30,34,800E
R690,2002,2136,46,30,34,800E
R691,2004,2135,46,30,34,780E
R692,2005,2135,46,30,34,780E
R693,2006,2135,46,30,34,780E
R694,2007,2135,46,30,34,780E
R695,2008,2135,46,30,34,780E
R696,2010,2135,46,30,34,780E
R697,2010,2135,46,30,34,770E
R698,2012,2135,46,30,34,770E
R699,2013,2135,46,30,34,770E
R700,2014,2135,46,30,34,750E
R701,2015,2135,46,30,34,750E
R702,2016,2135,46,30,34,750E
R703,2017,2135,46,30,34,750E
R704,2018,2135,46,30,34,750E
R705,2020,2135,46,30,34,750E
R706,2021,2135,46,30,34,760E
R707,2021,2135,46,30,34,760E
R708,2022,2135,46,30,34,760E
R709,2023,2135,46,30,34,720E
R710,2024,2135,46,30,34,720E
R711,2025,2135,46,30,34,720E
R712,2027,2135,46,30,34,730E
R713,2028,2135,46,30,34,730E
R714,2028,2135,46,30,34,730E
R715,2030,2135,46,30,34,720E
R716,2031,2135,49,30,34,720E
R717,2032,2136,50,30,34,720E
R718,2033,2136,50,30,34,700E
R719,2034,2136,50,30,34,700E
R720,2035,2136,50,30,34,700E
R721,2036,2136,50,30,34,690E
R722,2037,2136,50,30,34,690E
R723,2038,2136,50,30,34,690E
R724,2039,2136,50,30,34,680E
R725,2040,2137,50,30,34,680E
R726,2041,2137,50,30,34,680E
R727,2042,2137,50,30,34,670E
R728,2043,2137,50,30,34,670E
R729,2044,2137,50,30,34,670E
R730,2045,2137,50,30,34,650E
R731,2045,2138,50,30,34,650E
R732,2047,2138,50,30,34,650E
R733,2048,2138,50,30,34,660E
R734,2049,2138,50,30,34,660E
R735,2049,2138,50,30,34,660E
R736,2050,2138,50,30,34,630E
R737,2051,2138,50,30,34,630E
R738,2052,2138,50,30,34,630E
R739,2053,2139,50,30,34,630E
R740,2054,2139,50,30,34,630E
R741,2054,2139,50,30,34,630E
R742,2055,2139,50,30,34,600E
R743,2056,2139,50,30,34,600E
R744,2057,2139,50,30,34,600E
R745,2058,2140,50,30,34,600E
R746,2059,2140,50,30,34,600E
R747,2060,2140,50,30,34,600E
R748,2061,2140,50,30,34,600E
R749,2061,2141,50,30,34,600E
R750,2063,2141,50,30,34,600E
R751,2063,2141,50,30,34,580E
R752,2064,2142,50,30,34,580E
R753,2065,2142,50,30,34,580E
R754,2065,2142,50,30,34,560E
R755,2066,2142,50,30,34,560E
R756,2067,2142,50,30,34,560E
R757,2068,2142,50,30,34,560E
R758,2069,2142,50,30,34,560E
R759,2070,2141,50,30,34,560E
R760,2071,2140,50,30,34,570E
R761,2071,2140,50,30,34,570E
R762,2072,2140,50,30,34,570E
R763,2073,2140,50,30,34,550E
R764,2074,2139,50,30,34,550E
R765,2075,2139,50,30,34,550E
R766,2075,2139,50,30,34,530E
R767,2076,2138,50,30,34,530E
R768,2077,2138,50,30,34,530E
R769,2077,2138,50,30,34,520E
R770,2078,2137,50,30,34,520E
R771,2079,2137,50,30,34,520E
R772,2080,2137,50,30,34,530E
R773,2080,2137,50,30,34,530E
R774,2081,2137,50,30,34,530E
R775,2082,2136,51,30,34,490E
R776,2082,2136,54,30,34,490E
R777,2083,2136,56,30,34,490E
R778,2083,2136,58,30,34,480E
R779,2084,2136,59,30,34,480E
R780,2085,2136,60,30,34,480E
R781,2086,2135,60,30,34,490E
R782,2086,2135,60,30,34,490E
R783,2087,2135,60,30,34,490E
R784,2088,2134,60,30,34,460E
R785,2088,2134,60,30,34,460E
R786,2089,2134,60,30,34,460E
R787,2090,2133,60,30,34,480E
R788,2090,2133,60,30,34,480E
R789,2091,2133,60,30,34,480E
R790,2091,2132,59,30,34,440E
R791,2092,2132,60,30,34,440E
R792,2092,2131,60,30,34,440E
R793,2093,2131,59,30,34,430E
R794,2093,2131,60,30,34,430E
R795,2094,2131,60,30,34,430E
R796,2094,2131,60,30,34,400E
R797,2095,2131,60,30,34,400E
R798,2096,2131,60,30,34,400E
R799,2097,2130,60,30,34,400E
R800,2097,2130,60,30,34,400E
R801,2097,2130,59,30,34,400E
R802,2098,2130,59,30,34,400E
R803,2098,2130,60,30,34,400E
R804,2099,2130,59,30,34,400E
R805,2099,2130,60,30,34,380E
R806,2100,2130,60,30,34,380E
R807,2101,2130,60,30,34,380E
R808,2101,2130,60,30,34,380E
R809,2102,2130,60,30,34,380E
R810,2102,2130,60,30,34,380E
R811,2103,2130,60,30,34,380E
R812,2103,2130,59,30,34,380E
R813,2103,2129,60,30,34,380E
R814,2104,2129,60,30,34,360E
R815,2104,2129,60,30,34,360E
R816,2105,2129,60,30,34,360E
R817,2106,2129,59,30,34,370E
R818,2106,2129,59,30,34,370E
R819,2107,2129,60,30,34,370E
R820,2107,2129,60,30,34,350E
R821,2107,2129,60,30,34,350E
R822,2108,2129,60,30,34,350E
R823,2108,2129,59,30,34,330E
R824,2108,2129,60,30,34,330E
R825,2109,2129,60,30,34,330E
R826,2109,2129,60,30,34,320E
R827,2109,2129,60,30,34,320E
R828,2110,2129,60,30,34,320E
R829,2110,2129,60,30,34,310E
R830,2111,2129,59,30,34,310E
R831,2111,2129,60,30,34,310E
R832,2112,2129,60,30,34,320E
R833,2113,2129,60,30,34,320E
R834,2113,2129,60,30,34,320E
R835,2113,2129,59,30,34,300E
R836,2114,2129,60,30,34,300E
R837,2114,2129,59,30,34,300E
R838,2114,2129,60,30,34,290E
R839,2115,2129,60,30,34,290E
R840,2115,2130,60,30,34,290E
R841,2115,2130,60,30,34,280E
R842,2115,2130,60,30,34,280E
R843,2117,2130,60,30,34,280E
R844,2117,2130,60,30,34,290E
R845,2117,2130,60,30,34,290E
R846,2118,2130,60,30,34,290E
R847,2118,2130,60,30,34,280E
R848,2119,2130,60,30,34,280E
R849,2119,2130,60,30,34,280E
R850,2119,2130,60,30,34,270E
R851,2120,2130,60,30,34,270E
R852,2120,2131,60,30,34,270E
R853,2121,2131,60,30,34,290E
R854,2121,2132,60,30,34,290E
R855,2122,2132,60,30,34,290E
R856,2122,2132,60,30,34,280E
R857,2123,2132,59,30,34,280E
R858,2123,2132,60,25,34,280E
R859,2124,2132,60,24,34,290E
R860,2124,2132,59,24,34,290E
R861,2125,2132,60,22,34,290E
R862,2125,2132,59,21,34,280E
R863,2125,2132,60,20,34,280E
R864,2126,2133,60,20,34,280E
R865,2126,2133,60,20,34,270E
R866,2127,2133,60,20,34,270E
R867,2128,2133,60,20,34,270E
R868,2128,2134,60,20,34,280E
R869,2128,2134,60,20,34,280E
R870,2129,2134,59,20,34,280E
R871,2129,2134,60,20,34,270E
R872,2130,2134,59,20,34,270E
R873,2130,2134,59,20,34,270E
R874,2130,2134,65,20,34,270E
R875,2131,2135,67,20,34,270E
R876,2131,2135,70,20,34,270E
R877,2132,2135,70,20,34,280E
R878,2133,2135,70,20,34,280E
R879,2133,2135,70,20,34,280E
R880,2133,2134,70,20,34,270E
R881,2134,2134,70,20,34,270E
R882,2134,2134,70,20,34,270E
R883,2134,2134,70,20,34,260E
R884,2135,2133,70,20,34,260E
R885,2135,2133,70,20,34,260E
R886,2135,2133,70,20,34,260E
R887,2136,2133,70,20,34,260E
R888,2136,2132,70,20,34,260E
R889,2137,2131,70,20,34,270E
R890,2137,2131,70,20,34,270E
R891,2137,2131,70,20,34,270E
R892,2138,2131,70,20,34,260E
R893,2139,2131,70,20,34,260E
R894,2139,2131,70,20,34,260E
R895,2139,2131,70,20,34,260E
R896,2140,2131,70,20,34,260E
R897,2140,2131,70,20,34,260E
R898,2140,2131,70,20,34,250E
R899,2141,2131,70,20,34,250E
R900,2141,2131,70,20,34,250E
R901,2142,2130,70,20,34,260E
R902,2142,2130,70,20,34,260E
R903,2142,2130,70,20,34,260E
R904,2143,2130,70,20,34,260E
R905,2143,2130,70,20,34,260E
R906,2144,2130,70,20,34,260E
R907,2144,2130,78,20,34,250E
R908,2145,2130,79,20,34,250E
R909,2145,2130,79,20,34,250E
R910,2145,2130,79,20,34,250E
R911,2146,2129,79,20,34,250E
R912,2146,2129,79,20,34,250E
R913,2146,2129,79,20,34,240E
R914,2147,2128,79,20,34,240E
R915,2147,2128,79,20,34,240E
R916,2147,2128,79,20,34,240E
R917,2148,2127,79,20,34,240E
R918,2148,2127,79,20,34,240E
R919,2148,2127,79,20,34,240E
R920,2149,2126,79,20,34,240E
R921,2149,2126,79,20,34,240E
R922,2149,2126,79,20,34,230E
R923,2149,2126,79,20,34,230E
R924,2150,2125,79,20,34,230E
R925,2150,2124,79,20,34,230E
R926,2150,2124,79,20,34,230E
R927,2151,2124,79,20,34,230E
R928,2151,2124,79,20,34,230E
R929,2152,2124,79,20,34,230E
R930,2152,2124,79,20,34,230E
R931,2152,2124,79,20,34,230E
R932,2153,2124,79,20,34,230E
R933,2153,2124,79,20,34,230E
R934,2153,2124,79,20,34,220E
R935,2153,2124,79,20,34,220E
R936,2154,2124,79,20,34,220E
R937,2154,2124,79,20,34,220E
R938,2154,2123,79,20,34,220E
R939,2154,2123,79,20,34,220E
P1942,856,97,1550,402,1920,627,332,312,2155,939E
