R1,2193,2300,50,30,90,100,0,50,100,40,0,1000,100E
R2,2196,2302,50,30,90,100,0,50,100,40,0,1000,100E
R3,2200,2305,50,30,90,100,0,50,100,40,0,1000,100E
R4,2198,2306,50,30,90,100,0,50,100,40,0,1000,100E
R5,2170,2302,50,30,90,100,0,50,100,40,0,1000,100E
R6,2143,2257,50,30,90,100,0,50,100,40,0,1000,100E
R7,2096,2216,50,30,90,100,0,50,100,40,0,1000,100E
R8,2072,2185,50,30,90,100,0,50,100,40,0,1000,100E
R9,2031,2145,50,30,90,100,0,50,100,40,0,1000,100E
R10,1987,2096,50,30,90,100,0,50,100,40,0,1000,100E
R11,1959,2047,50,30,90,100,0,50,100,40,0,1000,100E
R12,1914,2007,50,30,90,100,0,50,100,40,0,1000,100E
R13,1889,1943,50,30,90,100,0,50,100,40,0,1000,100E
R14,1867,1920,50,100,90,100,0,50,100,40,0,1000,100E
R15,1828,1880,50,100,90,100,0,50,100,40,0,1000,100E
R16,1802,1838,50,100,90,100,0,50,100,40,0,1000,100E
R17,1779,1797,50,100,90,100,0,50,100,40,0,1000,100E
R18,1752,1755,50,100,90,100,0,50,100,40,0,1000,100E
R19,1727,1727,50,100,90,100,0,50,100,40,0,1000,100E
R20,1704,1700,50,100,90,100,0,50,100,40,0,1000,100E
R21,1677,1655,50,100,90,100,0,50,100,40,0,1000,100E
R22,1652,1630,50,100,90,100,0,50,100,40,0,1000,100E
R23,1627,1602,50,100,90,100,0,50,100,40,0,1000,100E
R24,1602,1565,50,100,90,100,0,50,100,40,0,1000,100E
R25,1577,1541,50,100,90,100,0,50,100,40,0,1000,100E
R26,1550,1517,50,100,90,100,0,50,100,40,0,1000,100E
R27,1540,1491,50,100,90,100,0,50,100,40,0,1000,100E
R28,1519,1479,50,100,90,100,0,50,100,40,0,1000,100E
R29,1491,1449,50,100,90,100,0,50,100,40,0,1000,100E
R30,1469,1423,50,100,90,100,0,50,100,40,0,1000,100E
R31,1443,1396,50,100,90,100,0,50,100,40,0,1000,100E
R32,1433,1384,50,100,90,100,0,50,100,40,0,1000,100E
R33,1412,1365,50,100,90,100,0,50,100,40,0,1000,100E
R34,1388,1340,50,100,90,100,0,50,100,40,0,1000,100E
R35,1377,1330,50,100,90,100,0,50,100,40,0,1000,100E
R36,1368,1329,50,100,90,100,0,50,100,40,0,1000,100E
R37,1360,1328,50,100,90,100,0,50,100,40,0,1000,100E
R38,1324,1284,50,100,90,100,0,50,100,40,0,1000,100E
R39,1305,1263,50,100,90,100,0,50,100,40,0,1000,100E
R40,1282,1252,50,100,90,100,0,50,100,40,0,1000,100E
R41,1275,1242,50,100,90,100,0,50,100,40,0,1000,100E
R42,1259,1227,50,100,90,100,0,50,100,40,0,1000,100E
R43,1237,1215,50,100,90,100,0,50,100,40,0,1000,100E
R44,1227,1204,50,100,90,100,0,50,100,40,0,1000,100E
R45,1212,1191,50,100,90,100,0,50,100,40,0,1000,100E
R46,1198,1181,50,100,90,100,0,50,100,40,0,1000,100E
R47,1184,1172,50,100,90,100,0,50,100,40,0,1000,100E
R48,1174,1164,50,100,90,100,0,50,100,40,0,1000,100E
R49,1161,1156,50,100,90,100,0,50,100,40,0,1000,100E
R50,1148,1149,50,100,90,100,0,50,100,40,0,1000,100E
R51,1135,1140,50,100,90,100,0,50,100,40,0,1000,100E
R52,1120,1132,50,100,90,100,0,50,100,40,0,1000,100E
R53,1108,1125,50,100,90,100,0,50,100,40,0,1000,100E
R54,1097,1119,50,100,90,100,0,50,100,40,0,1000,100E
R55,1084,1112,50,100,90,100,0,50,100,40,0,1000,100E
R56,1077,1109,50,100,90,100,0,50,100,40,0,1000,100E
R57,1068,1103,50,100,90,100,0,50,100,40,0,1000,100E
R58,1055,1097,50,100,90,100,0,50,100,40,0,1000,100E
R59,1044,1092,50,100,90,100,0,50,100,40,0,1000,100E
R60,1035,1087,50,100,90,100,0,50,100,40,0,1000,100E
R61,1025,1083,50,100,90,100,0,50,100,40,0,1000,100E
R62,1015,1078,50,100,90,100,0,50,100,40,0,1000,100E
R63,1006,1075,50,100,90,100,0,50,100,40,0,1000,100E
R64,999,1072,50,100,90,100,0,50,100,40,0,1000,100E
R65,990,1068,50,100,90,100,0,50,100,40,0,1000,100E
R66,983,1065,50,100,90,100,0,50,100,40,0,1000,100E
R67,976,1062,50,100,90,100,0,50,100,40,0,1000,100E
R68,967,1058,50,100,90,100,0,50,100,40,0,1000,100E
R69,960,1055,50,100,90,100,0,50,100,40,0,1000,100E
R70,954,1053,50,100,90,100,0,50,100,40,0,1000,100E
R71,945,1050,50,100,90,100,0,50,100,40,0,1000,100E
R72,939,1048,50,100,90,100,0,50,100,40,0,1000,100E
R73,932,1046,50,100,90,100,0,50,100,40,0,1000,100E
R74,927,1044,50,100,90,100,0,50,100,40,0,1000,100E
R75,919,1041,50,100,90,100,0,50,100,40,0,1000,100E
R76,916,1040,50,100,90,100,0,50,100,40,0,1000,100E
R77,910,1039,50,100,90,100,0,50,100,40,0,1000,100E
R78,904,1037,50,100,90,100,0,50,100,40,0,1000,100E
R79,899,1035,50,100,90,100,0,50,100,40,0,1000,100E
R80,895,1034,50,100,90,100,0,50,100,40,0,1000,100E
R81,889,1032,50,100,90,100,0,50,100,40,0,1000,100E
R82,884,1030,50,100,90,100,0,50,100,40,0,1000,100E
R83,882,1029,50,100,90,100,0,50,100,40,0,1000,100E
R84,877,1027,50,100,90,100,0,50,100,40,0,1000,100E
R85,874,1026,50,100,90,100,0,50,100,40,0,1000,100E
R86,870,1025,50,100,90,100,0,50,100,40,0,1000,100E
R87,866,1024,50,100,90,100,0,50,100,40,0,1000,100E
R88,862,1023,50,100,90,100,0,50,100,40,0,1000,100E
R89,858,1022,50,100,90,100,0,50,100,40,0,1000,100E
R90,856,1021,50,100,90,100,0,50,100,40,0,1000,100E
R91,852,1021,50,100,90,100,0,50,100,40,0,1000,100E
R92,849,1020,50,100,90,100,0,50,100,40,0,1000,100E
R93,846,1020,50,100,90,100,0,50,100,40,0,1000,100E
R94,843,1020,50,100,90,100,0,50,100,40,0,1000,100E
R95,841,1020,50,100,90,100,0,50,100,40,0,1000,100E
R96,838,1019,50,100,90,100,0,50,100,40,0,1000,100E
R97,835,1019,50,100,90,100,0,50,100,40,0,1000,100E
R98,833,1019,50,100,90,100,0,50,100,40,0,1000,100E
R99,832,1019,50,100,90,100,0,50,100,40,0,1000,100E
R100,829,1019,50,100,90,100,0,50,100,40,0,1000,100E
R101,827,1019,50,100,90,100,0,50,100,40,0,1000,100E
R102,825,1019,50,100,90,100,0,50,100,40,0,1000,100E
R103,824,1019,50,100,90,100,0,50,100,40,0,1000,100E
R104,822,1019,50,100,90,100,0,50,100,40,0,1000,100E
R105,820,1019,50,100,90,100,0,50,100,40,0,1000,100E
R106,819,1019,50,100,90,100,0,50,100,40,0,1000,100E
R107,818,1019,50,100,90,100,0,50,100,40,0,1000,100E
R108,817,1020,50,100,90,100,0,50,100,40,0,1000,100E
R109,816,1021,50,100,90,100,0,50,100,40,0,1000,100E
R110,814,1022,50,100,90,100,0,50,100,40,0,1000,100E
R111,813,1022,50,100,90,100,0,50,100,40,0,1000,100E
R112,813,1023,50,100,90,100,0,50,100,40,0,1000,100E
R113,812,1024,50,100,90,100,0,50,100,40,0,1000,100E
R114,812,1025,50,100,90,100,0,50,100,40,0,1000,100E
R115,811,1026,50,100,90,100,0,50,100,40,0,1000,100E
R116,811,1027,50,100,90,100,0,50,100,40,0,1000,100E
R117,811,1028,50,100,90,100,0,50,100,40,0,1000,100E
R118,810,1029,50,100,90,100,0,50,100,40,0,1000,100E
R119,810,1030,50,100,90,100,0,50,100,40,0,1000,100E
R120,810,1031,50,100,90,100,0,50,100,40,0,1000,100E
R121,810,1032,50,100,90,100,0,50,100,40,0,1000,100E
R122,810,1033,50,100,90,100,0,50,100,40,0,1000,100E
R123,810,1035,50,100,90,100,0,50,100,40,0,1000,100E
R124,810,1036,50,100,90,100,0,50,100,40,0,1000,100E
R125,810,1038,50,100,90,100,0,50,100,40,0,1000,100E
R126,810,1039,50,100,90,100,0,50,100,40,0,1000,100E
R127,810,1040,50,100,90,100,0,50,100,40,0,1000,100E
R128,810,1042,50,100,90,100,0,50,100,40,0,1000,100E
R129,811,1043,50,100,90,100,0,50,100,40,0,1000,100E
R130,811,1046,50,100,90,100,0,50,100,40,0,1000,100E
R131,812,1047,50,100,90,100,0,50,100,40,0,1000,100E
R132,812,1048,50,100,90,100,0,50,100,40,0,1000,100E
R133,814,1050,50,100,90,100,0,50,100,40,0,1000,100E
R134,815,1052,50,100,90,100,0,50,100,40,0,1000,100E
R135,816,1054,50,100,90,100,0,50,100,40,0,1000,100E
R136,817,1055,50,100,90,100,0,50,100,40,0,1000,100E
R137,817,1057,50,100,90,100,0,50,100,40,0,1000,100E
R138,818,1059,50,100,90,100,0,50,100,40,0,1000,100E
R139,820,1061,50,100,90,100,0,50,100,40,0,1000,100E
R140,821,1062,50,100,90,100,0,50,100,40,0,1000,100E
R141,823,1065,50,100,90,100,0,50,100,40,0,1000,100E
R142,824,1066,50,100,90,100,0,50,100,40,0,1000,100E
R143,825,1068,50,100,90,100,0,50,100,40,0,1000,100E
R144,826,1070,50,100,90,100,0,50,100,40,0,1000,100E
R145,828,1072,50,100,90,100,0,50,100,40,0,1000,100E
R146,829,1074,50,100,90,100,0,50,100,40,0,1000,100E
R147,831,1076,50,100,90,100,0,50,100,40,0,1000,100E
R148,832,1077,50,100,90,100,0,50,100,40,0,1000,100E
R149,834,1079,50,100,90,100,0,50,100,40,0,1000,100E
R150,835,1082,50,100,90,100,0,50,100,40,0,1000,100E
R151,837,1084,50,100,90,100,0,50,100,40,0,1000,100E
R152,839,1085,50,100,90,100,0,50,100,40,0,1000,100E
R153,841,1088,50,100,90,100,0,50,100,40,0,1000,100E
R154,842,1090,50,100,90,100,0,50,100,40,0,1000,100E
R155,844,1092,50,100,90,100,0,50,100,40,0,1000,100E
R156,846,1094,50,100,90,100,0,50,100,40,0,1000,100E
R157,848,1096,50,100,90,100,0,50,100,40,0,1000,100E
R158,849,1098,50,100,90,100,0,50,100,40,0,1000,100E
R159,852,1101,50,100,90,100,0,50,100,40,0,1000,100E
R160,853,1103,50,100,90,100,0,50,100,40,0,1000,100E
R161,855,1105,50,100,90,100,0,50,100,40,0,1000,100E
R162,857,1107,50,100,90,100,0,50,100,40,0,1000,100E
R163,859,1110,50,100,90,100,0,50,100,40,0,1000,100E
R164,861,1111,50,100,90,100,0,50,100,40,0,1000,100E
R165,863,1113,50,100,90,100,0,50,100,40,0,1000,100E
R166,866,1116,50,100,90,100,0,50,100,40,0,1000,100E
R167,867,1117,50,100,90,100,0,50,100,40,0,1000,100E
R168,869,1120,50,100,90,100,0,50,100,40,0,1000,100E
R169,871,1122,50,100,90,100,0,50,100,40,0,1000,100E
R170,874,1125,50,100,90,100,0,50,100,40,0,1000,100E
R171,876,1127,50,100,90,100,0,50,100,40,0,1000,100E
R172,879,1129,50,100,90,100,0,50,100,40,0,1000,100E
R173,881,1131,50,100,90,100,0,50,100,40,0,1000,100E
R174,883,1134,50,100,90,100,0,50,100,40,0,1000,100E
R175,886,1136,50,100,90,100,0,50,100,40,0,1000,100E
R176,888,1138,50,100,90,100,0,50,100,40,0,1000,100E
R177,890,1141,50,100,90,100,0,50,100,40,0,1000,100E
R178,892,1143,50,100,90,100,0,50,100,40,0,1000,100E
R179,895,1145,50,100,90,100,0,50,100,40,0,1000,100E
R180,897,1147,50,100,90,100,0,50,100,40,0,1000,100E
R181,900,1149,50,100,90,100,0,50,100,40,0,1000,100E
R182,902,1152,50,100,90,100,0,50,100,40,0,1000,100E
R183,904,1154,50,100,90,100,0,50,100,40,0,1000,100E
R184,907,1156,50,100,90,100,0,50,100,40,0,1000,100E
R185,910,1159,50,100,90,100,0,50,100,40,0,1000,100E
R186,912,1161,50,100,90,100,0,50,100,40,0,1000,100E
R187,914,1163,50,100,90,100,0,50,100,40,0,1000,100E
R188,917,1165,50,100,90,100,0,50,100,40,0,1000,100E
R189,919,1168,50,100,90,100,0,50,100,40,0,1000,100E
R190,922,1170,50,100,90,100,0,50,100,40,0,1000,100E
R191,924,1172,50,100,90,100,0,50,100,40,0,1000,100E
R192,927,1174,50,100,90,100,0,50,100,40,0,1000,100E
R193,929,1176,50,100,90,100,0,50,100,40,0,1000,100E
R194,931,1178,50,100,90,100,0,50,100,40,0,1000,100E
R195,934,1181,50,100,90,100,0,50,100,40,0,1000,100E
R196,937,1183,50,100,90,100,0,50,100,40,0,1000,100E
R197,939,1185,50,100,90,100,0,50,100,40,0,1000,100E
R198,942,1188,50,100,90,100,0,50,100,40,0,1000,100E
R199,945,1189,50,100,90,100,0,50,100,40,0,1000,100E
R200,946,1191,50,100,90,100,0,50,100,40,0,1000,100E
R201,950,1194,50,100,90,100,0,50,100,40,0,1000,100E
R202,953,1196,50,100,90,100,0,50,100,40,0,1000,100E
R203,955,1198,50,100,90,100,0,50,100,40,0,1000,100E
R204,958,1200,50,100,90,100,0,50,100,40,0,1000,100E
R205,961,1203,50,100,90,100,0,50,100,40,0,1000,100E
R206,963,1204,50,100,90,100,0,50,100,40,0,1000,100E
R207,966,1207,50,100,90,100,0,50,100,40,0,1000,100E
R208,970,1209,50,100,90,100,0,50,100,40,0,1000,100E
R209,972,1211,50,100,90,100,0,50,100,40,0,1000,100E
R210,975,1213,50,100,90,100,0,50,100,40,0,1000,100E
R211,978,1216,50,100,90,100,0,50,100,40,0,1000,100E
R212,980,1217,50,100,90,100,0,50,100,40,0,1000,100E
R213,983,1220,50,100,90,100,0,50,100,40,0,1000,100E
R214,986,1222,50,100,90,100,0,50,100,40,0,1000,100E
R215,988,1225,50,100,90,100,0,50,100,40,0,1000,100E
R216,991,1227,50,100,90,100,0,50,100,40,0,1000,100E
R217,993,1229,50,100,90,100,0,50,100,40,0,1000,100E
R218,996,1232,50,100,90,100,0,50,100,40,0,1000,100E
R219,998,1234,50,100,90,100,0,50,100,40,0,1000,100E
R220,1001,1236,50,100,90,100,0,50,100,40,0,1000,100E
R221,1004,1238,50,100,90,100,0,50,100,40,0,1000,100E
R222,1007,1240,50,100,90,100,0,50,100,40,0,1000,100E
R223,1009,1242,50,100,90,100,0,50,100,40,0,1000,100E
R224,1012,1245,50,100,90,100,0,50,100,40,0,1000,100E
R225,1015,1247,50,100,90,100,0,50,100,40,0,1000,100E
R226,1017,1249,50,100,90,100,0,50,100,40,0,1000,100E
R227,1020,1251,50,100,90,100,0,50,100,40,0,1000,100E
R228,1023,1253,50,100,90,100,0,50,100,40,0,1000,100E
R229,1025,1255,50,100,90,100,0,50,100,40,0,1000,100E
R230,1028,1257,50,100,90,100,0,50,100,40,0,1000,100E
R231,1031,1260,50,100,90,100,0,50,100,40,0,1000,100E
R232,1033,1262,50,100,90,100,0,50,100,40,0,1000,100E
R233,1036,1264,50,100,90,100,0,50,100,40,0,1000,100E
R234,1038,1267,50,100,90,100,0,50,100,40,0,1000,100E
R235,1042,1269,50,100,90,100,0,50,100,40,0,1000,100E
R236,1044,1270,50,100,90,100,0,50,100,40,0,1000,100E
R237,1047,1273,50,100,90,100,0,50,100,40,0,1000,100E
R238,1049,1275,50,100,90,100,0,50,100,40,0,1000,100E
R239,1053,1277,50,100,90,100,0,50,100,40,0,1000,100E
R240,1056,1280,50,100,90,100,0,50,100,40,0,1000,100E
R241,1059,1282,50,100,90,100,0,50,100,40,0,1000,100E
R242,1061,1284,50,100,90,100,0,50,100,40,0,1000,100E
R243,1064,1285,50,100,90,100,0,50,100,40,0,1000,100E
R244,1067,1288,50,100,90,100,0,50,100,40,0,1000,100E
R245,1069,1289,50,100,90,100,0,50,100,40,0,1000,100E
R246,1071,1291,50,100,90,100,0,50,100,40,0,1000,100E
R247,1074,1293,50,100,90,100,0,50,100,40,0,1000,100E
R248,1077,1295,50,100,90,100,0,50,100,40,0,1000,100E
R249,1079,1297,50,100,90,100,0,50,100,40,0,1000,100E
R250,1082,1299,50,100,90,100,0,50,100,40,0,1000,100E
R251,1084,1302,50,100,90,100,0,50,100,40,0,1000,100E
R252,1087,1303,50,100,90,100,0,50,100,40,0,1000,100E
R253,1091,1306,50,100,90,100,0,50,100,40,0,1000,100E
R254,1093,1308,50,100,90,100,0,50,100,40,0,1000,100E
R255,1096,1310,50,100,90,100,0,50,100,40,0,1000,100E
R256,1098,1312,50,100,90,100,0,50,100,40,0,1000,100E
R257,1101,1314,50,100,90,100,0,50,100,40,0,1000,100E
R258,1103,1316,50,100,90,100,0,50,100,40,0,1000,100E
R259,1106,1318,50,100,90,100,0,50,100,40,0,1000,100E
R260,1109,1320,50,100,90,100,0,50,100,40,0,1000,100E
R261,1111,1322,50,100,90,100,0,50,100,40,0,1000,100E
R262,1114,1324,50,100,90,100,0,50,100,40,0,1000,100E
R263,1118,1327,50,100,90,100,0,50,100,40,0,1000,100E
R264,1120,1329,50,100,90,100,0,50,100,40,0,1000,100E
R265,1122,1331,50,100,90,100,0,50,100,40,0,1000,100E
R266,1125,1333,50,100,90,100,0,50,100,40,0,1000,100E
R267,1128,1335,50,100,90,100,0,50,100,40,0,1000,100E
R268,1130,1337,50,100,90,100,0,50,100,40,0,1000,100E
R269,1133,1339,50,100,90,100,0,50,100,40,0,1000,100E
R270,1136,1341,50,100,90,100,0,50,100,40,0,1000,100E
R271,1138,1343,50,100,90,100,0,50,100,40,0,1000,100E
R272,1140,1345,50,100,90,100,0,50,100,40,0,1000,100E
R273,1143,1347,50,100,90,100,0,50,100,40,0,1000,100E
R274,1146,1349,50,100,90,100,0,50,100,40,0,1000,100E
R275,1148,1351,50,100,90,100,0,50,100,40,0,1000,100E
R276,1151,1353,50,100,90,100,0,50,100,40,0,1000,100E
R277,1153,1355,50,100,90,100,0,50,100,40,0,1000,100E
R278,1156,1357,50,100,90,100,0,50,100,40,0,1000,100E
R279,1159,1359,50,100,90,100,0,50,100,40,0,1000,100E
R280,1162,1362,50,100,90,100,0,50,100,40,0,1000,100E
R281,1164,1365,50,100,90,100,0,50,100,40,0,1000,100E
R282,1167,1366,50,100,90,100,0,50,100,40,0,1000,100E
R283,1169,1369,50,100,90,100,0,50,100,40,0,1000,100E
R284,1172,1371,50,100,90,100,0,50,100,40,0,1000,100E
R285,1174,1372,50,100,90,100,0,50,100,40,0,1000,100E
R286,1177,1374,50,100,90,100,0,50,100,40,0,1000,100E
R287,1179,1376,50,100,90,100,0,50,100,40,0,1000,100E
R288,1181,1378,50,100,90,100,0,50,100,40,0,1000,100E
R289,1184,1380,50,100,90,100,0,50,100,40,0,1000,100E
R290,1187,1382,50,100,90,100,0,50,100,40,0,1000,100E
R291,1189,1384,50,100,90,100,0,50,100,40,0,1000,100E
R292,1191,1387,50,100,90,100,0,50,100,40,0,1000,100E
R293,1194,1388,50,100,90,100,0,50,100,40,0,1000,100E
R294,1196,1390,50,100,90,100,0,50,100,40,0,1000,100E
R295,1199,1392,50,100,90,100,0,50,100,40,0,1000,100E
R296,1201,1394,50,100,90,100,0,50,100,40,0,1000,100E
R297,1203,1396,50,100,90,100,0,50,100,40,0,1000,100E
R298,1206,1398,50,100,90,100,0,50,100,40,0,1000,100E
R299,1209,1400,50,100,90,100,0,50,100,40,0,1000,100E
R300,1211,1402,50,100,90,100,0,50,100,40,0,1000,100E
R301,1213,1404,50,100,90,100,0,50,100,40,0,1000,100E
R302,1217,1406,50,100,90,100,0,50,100,40,0,1000,100E
R303,1219,1408,50,100,90,100,0,50,100,40,0,1000,100E
R304,1221,1410,50,100,90,100,0,50,100,40,0,1000,100E
R305,1224,1411,50,100,90,100,0,50,100,40,0,1000,100E
R306,1227,1413,50,100,90,100,0,50,100,40,0,1000,100E
R307,1229,1415,50,100,90,100,0,50,100,40,0,1000,100E
R308,1232,1417,50,100,90,100,0,50,100,40,0,1000,100E
R309,1234,1419,50,100,90,100,0,50,100,40,0,1000,100E
R310,1237,1421,50,100,90,100,0,50,100,40,0,1000,100E
R311,1239,1422,50,100,90,100,0,50,100,40,0,1000,100E
R312,1242,1425,50,100,90,100,0,50,100,40,0,1000,100E
R313,1244,1427,50,100,90,100,0,50,100,40,0,1000,100E
R314,1247,1429,50,100,90,100,0,50,100,40,0,1000,100E
R315,1250,1431,50,100,90,100,0,50,100,40,0,1000,100E
R316,1252,1433,50,100,90,100,0,50,100,40,0,1000,100E
R317,1254,1435,50,100,90,100,0,50,100,40,0,1000,100E
R318,1257,1437,50,100,90,100,0,50,100,40,0,1000,100E
R319,1259,1438,50,100,90,100,0,50,100,40,0,1000,100E
R320,1261,1440,50,100,90,100,0,50,100,40,0,1000,100E
R321,1264,1442,50,100,90,100,0,50,100,40,0,1000,100E
R322,1266,1443,50,100,90,100,0,50,100,40,0,1000,100E
R323,1269,1445,50,100,90,100,0,50,100,40,0,1000,100E
R324,1271,1447,50,100,90,100,0,50,100,40,0,1000,100E
R325,1274,1449,50,100,90,100,0,50,100,40,0,1000,100E
R326,1276,1450,50,100,90,100,0,50,100,40,0,1000,100E
R327,1279,1452,50,100,90,100,0,50,100,40,0,1000,100E
R328,1282,1454,50,100,90,100,0,50,100,40,0,1000,100E
R329,1284,1456,50,100,90,100,0,50,100,40,0,1000,100E
R330,1286,1457,50,100,90,100,0,50,100,40,0,1000,100E
R331,1289,1459,50,100,90,100,0,50,100,40,0,1000,100E
R332,1291,1461,50,100,90,100,0,50,100,40,0,1000,100E
R333,1293,1462,50,100,90,100,0,50,100,40,0,1000,100E
R334,1296,1464,50,100,90,100,0,50,100,40,0,1000,100E
R335,1299,1466,50,100,90,100,0,50,100,40,0,1000,100E
R336,1301,1468,50,100,90,100,0,50,100,40,0,1000,100E
R337,1303,1469,50,100,90,100,0,50,100,40,0,1000,100E
R338,1306,1471,50,100,90,100,0,50,100,40,0,1000,100E
R339,1309,1474,50,100,90,100,0,50,100,40,0,1000,100E
R340,1311,1475,50,100,90,100,0,50,100,40,0,1000,100E
R341,1314,1477,50,100,90,100,0,50,100,40,0,1000,100E
R342,1316,1479,50,100,90,100,0,50,100,40,0,1000,100E
R343,1317,1481,50,100,90,100,0,50,100,40,0,1000,100E
R344,1319,1482,50,100,90,100,0,50,100,40,0,1000,100E
R345,1321,1484,50,100,90,100,0,50,100,40,0,1000,100E
R346,1323,1486,50,100,90,100,0,50,100,40,0,1000,100E
R347,1325,1487,50,100,90,100,0,50,100,40,0,1000,100E
R348,1328,1489,50,100,90,100,0,50,100,40,0,1000,100E
R349,1330,1491,50,100,90,100,0,50,100,40,0,1000,100E
R350,1332,1492,50,100,90,100,0,50,100,40,0,1000,100E
R351,1334,1494,50,100,90,100,0,50,100,40,0,1000,100E
R352,1337,1496,50,100,90,100,0,50,100,40,0,1000,100E
R353,1339,1498,50,100,90,100,0,50,100,40,0,1000,100E
R354,1342,1499,50,100,90,100,0,50,100,40,0,1000,100E
R355,1345,1501,50,100,90,100,0,50,100,40,0,1000,100E
R356,1347,1503,50,100,90,100,0,50,100,40,0,1000,100E
R357,1349,1504,50,100,90,100,0,50,100,40,0,1000,100E
R358,1351,1506,50,100,90,100,0,50,100,40,0,1000,100E
R359,1353,1507,50,100,90,100,0,50,100,40,0,1000,100E
R360,1355,1509,50,100,90,100,0,50,100,40,0,1000,100E
R361,1357,1511,50,100,90,100,0,50,100,40,0,1000,100E
R362,1360,1512,50,100,90,100,0,50,100,40,0,1000,100E
R363,1362,1514,50,100,90,100,0,50,100,40,0,1000,100E
R364,1365,1516,50,100,90,100,0,50,100,40,0,1000,100E
R365,1367,1518,50,100,90,100,0,50,100,40,0,1000,100E
R366,1369,1520,50,100,90,100,0,50,100,40,0,1000,100E
R367,1372,1522,50,100,90,100,0,50,100,40,0,1000,100E
R368,1374,1523,50,100,90,100,0,50,100,40,0,1000,100E
R369,1376,1526,50,100,90,100,0,50,100,40,0,1000,100E
R370,1379,1527,50,100,90,100,0,50,100,40,0,1000,100E
R371,1380,1528,50,100,90,100,0,50,100,40,0,1000,100E
R372,1382,1530,50,100,90,100,0,50,100,40,0,1000,100E
R373,1385,1532,50,100,90,100,0,50,100,40,0,1000,100E
R374,1387,1533,50,100,90,100,0,50,100,40,0,1000,100E
R375,1390,1536,50,100,90,100,0,50,100,40,0,1000,100E
R376,1392,1537,50,100,90,100,0,50,100,40,0,1000,100E
R377,1394,1539,50,100,90,100,0,50,100,40,0,1000,100E
R378,1396,1540,50,100,90,100,0,50,100,40,0,1000,100E
R379,1398,1542,50,100,90,100,0,50,100,40,0,1000,100E
R380,1401,1544,50,100,90,100,0,50,100,40,0,1000,100E
R381,1403,1545,50,100,90,100,0,50,100,40,0,1000,100E
R382,1405,1547,50,100,90,100,0,50,100,40,0,1000,100E
R383,1407,1549,50,100,90,100,0,50,100,40,0,1000,100E
R384,1409,1550,50,100,90,100,0,50,100,40,0,1000,100E
R385,1411,1552,50,100,90,100,0,50,100,40,0,1000,100E
R386,1413,1553,50,100,90,100,0,50,100,40,0,1000,100E
R387,1416,1556,50,100,90,100,0,50,100,40,0,1000,100E
R388,1418,1557,50,100,90,100,0,50,100,40,0,1000,100E
R389,1420,1559,50,100,90,100,0,50,100,40,0,1000,100E
R390,1423,1561,50,100,90,100,0,50,100,40,0,1000,100E
R391,1425,1562,50,100,90,100,0,50,100,40,0,1000,100E
R392,1427,1563,50,100,90,100,0,50,100,40,0,1000,100E
R393,1429,1565,50,100,90,100,0,50,100,40,0,1000,100E
R394,1431,1567,50,100,90,100,0,50,100,40,0,1000,100E
R395,1433,1568,50,100,90,100,0,50,100,40,0,1000,100E
R396,1435,1570,50,100,90,100,0,50,100,40,0,1000,100E
R397,1437,1572,50,100,90,100,0,50,100,40,0,1000,100E
R398,1439,1573,50,100,90,100,0,50,100,40,0,1000,100E
R399,1441,1575,50,100,90,100,0,50,100,40,0,1000,100E
R400,1444,1577,50,100,90,100,0,50,100,40,0,1000,100E
R401,1445,1578,50,100,90,100,0,50,100,40,0,1000,100E
R402,1447,1580,50,100,90,100,0,50,100,40,0,1000,100E
R403,1449,1581,50,100,90,100,0,50,100,40,0,1000,100E
R404,1451,1583,50,100,90,100,0,50,100,40,0,1000,100E
R405,1453,1585,50,100,90,100,0,50,100,40,0,1000,100E
R406,1455,1586,50,100,90,100,0,50,100,40,0,1000,100E
R407,1457,1588,50,100,90,100,0,50,100,40,0,1000,100E
R408,1459,1589,50,100,90,100,0,50,100,40,0,1000,100E
R409,1461,1591,50,100,90,100,0,50,100,40,0,1000,100E
R410,1463,1592,50,100,90,100,0,50,100,40,0,1000,100E
R411,1465,1594,50,100,90,100,0,50,100,40,0,1000,100E
R412,1467,1596,50,100,90,100,0,50,100,40,0,1000,100E
R413,1469,1597,50,100,90,100,0,50,100,40,0,1000,100E
R414,1471,1599,50,100,90,100,0,50,100,40,0,1000,100E
R415,1473,1600,50,100,90,100,0,50,100,40,0,1000,100E
R416,1476,1602,50,100,90,100,0,50,100,40,0,1000,100E
R417,1477,1603,50,100,90,100,0,50,100,40,0,1000,100E
R418,1480,1604,50,100,90,100,0,50,100,40,0,1000,100E
R419,1482,1606,50,100,90,100,0,50,100,40,0,1000,100E
R420,1484,1608,50,100,90,100,0,50,100,40,0,1000,100E
R421,1486,1609,50,100,90,100,0,50,100,40,0,1000,100E
R422,1488,1610,50,100,90,100,0,50,100,40,0,1000,100E
R423,1490,1612,50,100,90,100,0,50,100,40,0,1000,100E
R424,1492,1613,50,100,90,100,0,50,100,40,0,1000,100E
R425,1494,1615,50,100,90,100,0,50,100,40,0,1000,100E
R426,1496,1617,50,100,90,100,0,50,100,40,0,1000,100E
R427,1497,1618,50,100,90,100,0,50,100,40,0,1000,100E
R428,1500,1619,50,100,90,100,0,50,100,40,0,1000,100E
R429,1502,1621,50,100,90,100,0,50,100,40,0,1000,100E
R430,1503,1623,50,100,90,100,0,50,100,40,0,1000,100E
R431,1505,1624,50,100,90,100,0,50,100,40,0,1000,100E
R432,1508,1626,50,100,90,100,0,50,100,40,0,1000,100E
R433,1509,1628,50,100,90,100,0,50,100,40,0,1000,100E
R434,1511,1629,50,100,90,100,0,50,100,40,0,1000,100E
R435,1513,1630,50,100,90,100,0,50,100,40,0,1000,100E
R436,1515,1632,50,100,90,100,0,50,100,40,0,1000,100E
R437,1517,1634,50,100,90,100,0,50,100,40,0,1000,100E
R438,1519,1635,50,100,90,100,0,50,100,40,0,1000,100E
R439,1521,1636,50,100,90,100,0,50,100,40,0,1000,100E
R440,1523,1638,50,100,90,100,0,50,100,40,0,1000,100E
R441,1525,1639,50,100,90,100,0,50,100,40,0,1000,100E
R442,1527,1641,50,100,90,100,0,50,100,40,0,1000,100E
R443,1529,1642,50,100,90,100,0,50,100,40,0,1000,100E
R444,1531,1644,50,100,90,100,0,50,100,40,0,1000,100E
R445,1533,1645,50,100,90,100,0,50,100,40,0,1000,100E
R446,1535,1646,50,100,90,100,0,50,100,40,0,1000,100E
R447,1537,1648,50,100,90,100,0,50,100,40,0,1000,100E
R448,1539,1649,50,100,90,100,0,50,100,40,0,1000,100E
R449,1541,1650,50,100,90,100,0,50,100,40,0,1000,100E
R450,1542,1651,50,100,90,100,0,50,100,40,0,1000,100E
R451,1544,1652,50,100,90,100,0,50,100,40,0,1000,100E
R452,1546,1654,50,100,90,100,0,50,100,40,0,1000,100E
R453,1548,1655,50,100,90,100,0,50,100,40,0,1000,100E
R454,1550,1656,50,100,90,100,0,50,100,40,0,1000,100E
R455,1552,1658,50,100,90,100,0,50,100,40,0,1000,100E
R456,1554,1660,50,100,90,100,0,50,100,40,0,1000,100E
R457,1556,1661,50,100,90,100,0,50,100,40,0,1000,100E
R458,1558,1662,50,100,90,100,0,50,100,40,0,1000,100E
R459,1560,1664,50,100,90,100,0,50,100,40,0,1000,100E
R460,1561,1666,50,100,90,100,0,50,100,40,0,1000,100E
R461,1564,1667,50,100,90,100,0,50,100,40,0,1000,100E
R462,1566,1669,50,100,90,100,0,50,100,40,0,1000,100E
R463,1567,1670,50,100,90,100,0,50,100,40,0,1000,100E
R464,1570,1672,50,100,90,100,0,50,100,40,0,1000,100E
R465,1571,1674,50,100,90,100,0,50,100,40,0,1000,100E
R466,1574,1676,50,100,90,100,0,50,0,40,0,1000,100E
R467,1575,1677,50,100,90,100,0,50,0,40,0,1000,100E
R468,1577,1679,50,100,90,100,0,50,0,40,0,1000,100E
R469,1579,1681,50,100,90,100,0,50,0,40,0,1000,100E
R470,1581,1682,50,100,90,100,0,100,0,40,0,1000,100E
R471,1584,1684,50,100,90,100,0,100,0,40,0,1000,100E
R472,1586,1685,50,100,90,100,0,100,0,40,0,1000,100E
R473,1588,1686,50,100,90,100,0,100,0,40,0,1000,100E
R474,1590,1687,50,100,90,100,0,100,0,40,0,1000,100E
R475,1592,1689,50,100,90,100,0,100,0,40,0,1000,100E
R476,1594,1690,50,80,90,100,0,100,0,40,0,1000,100E
R477,1596,1691,50,80,90,100,0,100,0,40,0,1000,100E
R478,1598,1692,50,80,90,100,0,100,0,40,0,1000,100E
R479,1599,1693,50,80,90,100,0,100,0,40,0,1000,100E
R480,1602,1694,50,80,90,100,0,100,0,40,0,1000,100E
R481,1604,1695,50,80,90,100,0,100,0,40,0,1000,100E
R482,1606,1697,50,80,90,100,0,100,0,40,0,1000,100E
R483,1607,1698,50,80,90,100,0,100,0,40,0,1000,100E
R484,1610,1699,50,80,90,100,0,100,0,40,0,1000,100E
R485,1612,1701,50,80,90,100,0,100,0,40,0,1000,100E
R486,1613,1702,50,80,90,100,0,100,0,40,0,1000,100E
R487,1616,1703,50,80,90,100,0,100,0,40,0,1000,100E
R488,1618,1705,50,80,90,100,0,100,0,40,0,1000,100E
R489,1620,1707,50,80,90,100,0,100,0,40,0,1000,100E
R490,1622,1709,50,80,90,100,0,100,0,40,0,1000,100E
R491,1624,1711,50,80,90,100,0,100,0,40,0,1000,100E
R492,1626,1712,50,80,90,100,0,100,0,40,0,1000,100E
R493,1628,1714,50,80,90,100,0,100,0,40,0,1000,100E
R494,1630,1716,50,80,90,100,0,100,0,40,0,1000,100E
R495,1631,1717,50,80,90,100,0,100,0,40,0,1000,100E
R496,1633,1718,50,80,90,100,0,100,0,40,0,1000,100E
R497,1635,1720,50,80,90,100,0,100,0,40,0,1000,100E
R498,1637,1721,50,80,90,100,0,100,0,40,0,1000,100E
R499,1639,1723,50,80,90,100,0,100,0,40,0,1000,100E
R500,1641,1724,50,80,90,100,0,100,0,40,0,1000,100E
R501,1643,1726,50,80,90,100,0,100,0,40,0,1000,100E
R502,1645,1727,50,80,90,100,0,100,0,40,0,1000,100E
R503,1647,1729,50,80,90,100,0,100,0,40,0,1000,100E
R504,1649,1730,50,80,90,100,0,100,0,40,0,1000,100E
R505,1650,1731,50,80,90,100,0,100,0,40,0,1000,100E
R506,1652,1733,50,80,90,100,0,100,0,40,0,1000,100E
R507,1654,1734,50,80,90,100,0,100,0,40,0,1000,100E
R508,1656,1736,50,80,90,100,0,100,0,40,0,1000,100E
R509,1658,1737,50,70,90,100,0,100,0,40,0,1000,100E
R510,1660,1739,50,70,90,100,0,100,0,40,0,1000,100E
R511,1662,1740,50,70,90,100,0,100,0,40,0,1000,100E
R512,1663,1741,50,70,90,100,0,100,0,40,0,1000,100E
R513,1664,1742,50,70,90,100,0,100,0,40,0,1000,100E
R514,1664,1742,50,70,90,100,0,100,0,40,0,1000,100E
R515,1665,1743,50,70,90,100,0,100,0,40,0,1000,100E
R516,1671,1747,50,70,90,100,0,100,0,40,0,1000,100E
R517,1672,1749,50,70,90,100,0,100,0,40,0,1000,100E
R518,1674,1750,50,70,90,100,0,100,0,40,0,1000,100E
R519,1676,1751,50,70,90,100,0,100,0,40,0,1000,100E
R520,1679,1753,50,70,90,100,0,100,0,40,0,1000,100E
R521,1681,1754,50,70,90,100,0,100,0,40,0,1000,100E
R522,1683,1755,50,70,90,100,0,100,0,40,0,1000,100E
R523,1685,1756,50,70,90,100,0,100,0,40,0,1000,100E
R524,1687,1757,50,70,90,100,0,100,0,40,0,1000,100E
R525,1688,1758,50,70,90,100,0,100,0,40,0,1000,100E
R526,1691,1759,50,70,90,100,0,100,0,40,0,1000,100E
R527,1692,1761,50,70,90,100,0,100,0,40,0,1000,100E
R528,1694,1761,50,70,90,100,0,100,0,40,0,1000,100E
R529,1696,1762,50,70,90,100,0,100,0,40,0,1000,100E
R530,1697,1764,50,70,90,100,0,100,0,40,0,1000,100E
R531,1699,1764,50,70,90,100,0,100,0,40,0,1000,100E
R532,1701,1765,50,70,90,100,0,100,0,40,0,1000,100E
R533,1703,1766,50,70,90,100,0,100,0,40,0,1000,100E
R534,1704,1767,50,70,90,100,0,100,0,40,0,1000,100E
R535,1706,1768,50,70,90,100,0,100,0,40,0,1000,100E
R536,1706,1768,50,70,90,100,0,100,0,40,0,1000,100E
R537,1707,1768,50,70,90,100,0,100,0,40,0,1000,100E
R538,1712,1772,50,70,90,100,0,100,0,40,0,1000,100E
R539,1713,1773,50,70,90,100,0,100,0,40,0,1000,100E
R540,1715,1774,50,70,90,100,0,100,0,40,0,1000,100E
R541,1717,1775,50,70,90,100,0,100,0,40,0,1000,100E
R542,1719,1776,50,70,90,100,0,100,0,40,0,1000,100E
R543,1720,1777,50,70,90,100,0,100,0,40,0,1000,100E
R544,1722,1778,50,60,90,100,0,100,0,40,0,1000,100E
R545,1724,1779,50,60,90,100,0,100,0,40,0,1000,100E
R546,1725,1780,50,60,90,100,0,100,0,40,0,1000,100E
R547,1727,1781,50,60,90,100,0,100,0,40,0,1000,100E
R548,1729,1782,50,60,90,100,0,100,0,40,0,1000,100E
R549,1731,1783,50,60,90,100,0,100,0,40,0,1000,100E
R550,1732,1784,50,60,90,100,0,100,0,40,0,1000,100E
R551,1733,1785,50,60,90,100,0,100,0,40,0,1000,100E
R552,1735,1786,50,60,90,100,0,100,0,40,0,1000,100E
R553,1737,1786,50,60,90,100,0,100,0,40,0,1000,100E
R554,1739,1787,50,60,90,100,0,100,0,40,0,1000,100E
R555,1740,1788,50,60,90,100,0,100,0,40,0,1000,100E
R556,1742,1788,50,60,90,100,0,100,0,40,0,1000,100E
R557,1743,1789,50,60,90,100,0,100,0,40,0,1000,100E
R558,1745,1789,50,60,90,100,0,100,0,40,0,1000,100E
R559,1746,1790,50,60,90,100,0,100,0,40,0,1000,100E
R560,1748,1791,50,60,90,100,0,100,0,40,0,1000,100E
R561,1749,1791,50,60,90,100,0,100,0,40,0,1000,100E
R562,1751,1792,50,60,90,100,0,100,0,40,0,1000,100E
R563,1753,1793,50,60,90,100,0,100,0,40,0,1000,100E
R564,1754,1794,50,60,90,100,0,100,0,40,0,1000,100E
R565,1755,1794,50,60,90,100,0,100,0,40,0,1000,100E
R566,1757,1795,50,60,90,100,0,100,0,40,0,1000,100E
R567,1759,1796,50,60,90,100,0,100,0,40,0,1000,100E
R568,1760,1796,50,60,90,100,0,100,0,40,0,1000,100E
R569,1762,1797,50,60,90,100,0,100,0,40,0,1000,100E
R570,1763,1798,50,60,90,100,0,100,0,40,0,1000,100E
R571,1765,1799,50,60,90,100,0,100,0,40,0,1000,100E
R572,1766,1800,50,60,90,100,0,100,0,40,0,1000,100E
R573,1768,1800,50,60,90,100,0,100,0,40,0,1000,100E
R574,1769,1801,50,60,90,100,0,100,0,40,0,1000,100E
R575,1771,1802,50,60,90,100,0,100,0,40,0,1000,100E
R576,1772,1803,50,60,90,100,0,100,0,40,0,1000,100E
R577,1774,1804,50,60,90,100,0,100,0,40,0,1000,100E
R578,1775,1805,50,60,90,100,0,100,0,40,0,1000,100E
R579,1776,1805,50,60,90,100,0,100,0,40,0,1000,100E
R580,1778,1806,50,60,90,100,0,100,0,40,0,1000,100E
R581,1780,1807,50,60,90,100,0,100,0,40,0,1000,100E
R582,1781,1808,50,60,90,100,0,100,0,40,0,1000,100E
R583,1782,1808,50,60,90,100,0,100,0,40,0,1000,100E
R584,1784,1809,50,60,90,100,0,100,0,40,0,1000,100E
R585,1785,1810,50,60,90,100,0,100,0,40,0,1000,100E
R586,1787,1811,50,60,90,100,0,100,0,40,0,1000,100E
R587,1788,1811,50,60,90,100,0,100,0,40,0,1000,100E
R588,1790,1812,50,60,90,100,0,100,0,40,0,1000,100E
R589,1791,1813,50,60,90,100,0,100,0,40,0,1000,100E
R590,1792,1813,50,40,90,100,0,100,0,40,0,1000,100E
R591,1794,1814,50,40,90,100,0,100,0,40,0,1000,100E
R592,1796,1816,50,40,90,100,0,100,0,40,0,1000,100E
R593,1797,1816,50,40,90,100,0,100,0,40,0,1000,100E
R594,1798,1817,50,40,90,100,0,100,0,40,0,1000,100E
R595,1799,1818,50,40,90,100,0,100,0,40,0,1000,100E
R596,1801,1819,50,40,90,100,0,100,0,40,0,1000,100E
R597,1802,1820,50,40,90,100,0,100,0,40,0,1000,100E
R598,1803,1821,50,40,90,100,0,100,0,40,0,1000,100E
R599,1805,1821,60,40,90,100,0,100,0,40,0,1000,100E
R600,1806,1822,60,40,90,100,0,100,0,40,0,1000,100E
R601,1808,1823,60,40,90,100,0,100,0,40,0,1000,100E
R602,1809,1823,60,30,90,100,0,100,0,40,0,1000,100E
R603,1810,1824,60,30,90,100,0,100,0,40,0,1000,100E
R604,1812,1825,60,30,90,100,0,100,0,40,0,1000,100E
R605,1813,1826,60,30,90,100,0,100,0,40,0,1000,100E
R606,1814,1827,60,30,90,100,0,100,0,40,0,1000,100E
R607,1816,1827,60,30,90,100,0,100,0,40,0,1000,100E
R608,1817,1828,60,30,90,100,0,100,0,40,0,1000,100E
R609,1819,1829,60,30,90,100,0,100,0,40,0,1000,100E
R610,1820,1829,60,30,90,100,0,100,0,40,0,1000,100E
R611,1822,1830,60,30,90,100,0,100,0,40,0,1000,100E
R612,1824,1831,60,30,90,100,0,100,0,40,0,1000,100E
R613,1825,1832,60,30,90,100,0,100,0,40,0,1000,100E
R614,1826,1832,60,30,90,100,0,100,0,40,0,1000,100E
R615,1828,1833,60,30,90,100,0,100,0,40,0,1000,100E
R616,1829,1833,60,30,90,100,0,100,0,40,0,1000,100E
R617,1831,1834,60,30,90,100,0,100,0,40,0,1000,100E
R618,1832,1835,60,30,90,100,0,100,0,40,0,1000,100E
R619,1833,1836,60,30,90,100,0,100,0,40,0,1000,100E
R620,1834,1837,60,30,90,100,0,100,0,40,0,1000,100E
R621,1836,1837,60,30,90,100,0,100,0,40,0,1000,100E
R622,1837,1837,60,30,90,100,0,100,0,40,0,1000,100E
R623,1838,1838,60,30,90,100,0,100,0,40,0,1000,100E
R624,1839,1839,60,30,90,100,0,100,0,40,0,1000,100E
R625,1840,1839,60,30,90,100,0,100,0,40,0,1000,100E
R626,1841,1840,60,30,90,100,0,100,0,40,0,1000,100E
R627,1843,1840,60,30,90,100,0,100,0,40,0,1000,100E
R628,1844,1841,60,30,90,100,0,100,0,40,0,1000,100E
R629,1845,1841,60,30,90,100,0,100,0,40,0,1000,100E
R630,1847,1842,60,30,90,100,0,100,0,40,0,1000,100E
R631,1848,1843,60,30,90,100,0,100,0,40,0,1000,100E
R632,1849,1844,60,30,90,100,0,100,0,40,0,1000,100E
R633,1850,1844,60,30,90,100,0,100,0,40,0,1000,100E
R634,1851,1845,60,30,90,100,0,100,0,40,0,1000,100E
R635,1853,1845,60,30,90,100,0,100,0,40,0,1000,100E
R636,1853,1846,60,30,90,100,0,100,0,40,0,1000,100E
R637,1855,1846,60,30,90,100,0,100,0,40,0,1000,100E
R638,1856,1847,60,30,90,100,0,100,0,40,0,1000,100E
R639,1857,1848,60,30,90,100,0,100,0,40,0,1000,100E
R640,1858,1848,60,30,90,100,0,100,0,40,0,1000,100E
R641,1859,1849,60,30,90,100,0,100,0,40,0,1000,100E
R642,1860,1850,60,30,90,100,0,100,0,40,0,1000,100E
R643,1862,1850,60,30,90,100,0,100,0,40,0,1000,100E
R644,1862,1850,60,30,90,100,0,100,0,40,0,1000,100E
R645,1863,1851,60,30,90,100,0,100,0,40,0,1000,100E
R646,1863,1851,60,30,90,100,0,100,0,40,0,1000,100E
R647,1866,1852,60,30,90,100,0,100,0,40,0,1000,100E
R648,1867,1853,60,30,90,100,0,100,0,40,0,1000,100E
R649,1869,1854,60,30,90,100,0,100,0,40,0,1000,100E
R650,1870,1855,60,30,90,100,0,100,0,40,0,1000,100E
R651,1871,1855,60,30,90,100,0,100,0,40,0,1000,100E
R652,1872,1856,60,30,90,100,0,100,0,40,0,1000,100E
R653,1873,1857,60,30,90,100,0,100,0,40,0,1000,100E
R654,1874,1857,60,30,90,100,0,100,0,40,0,1000,100E
R655,1875,1858,60,30,90,100,0,100,0,40,0,1000,100E
R656,1876,1859,60,30,90,100,0,100,0,40,0,1000,100E
R657,1878,1859,60,30,90,100,0,100,0,40,0,1000,100E
R658,1879,1860,60,30,90,100,0,100,0,40,0,1000,100E
R659,1880,1861,60,30,90,100,0,100,0,40,0,1000,100E
R660,1881,1861,60,30,90,100,0,100,0,40,0,1000,100E
R661,1882,1862,60,30,90,100,0,100,0,40,0,1000,100E
R662,1883,1863,60,30,90,100,0,100,0,40,0,1000,100E
R663,1885,1864,60,30,90,100,0,100,0,40,0,1000,100E
R664,1885,1864,60,30,90,100,0,100,0,40,0,1000,100E
R665,1886,1865,60,30,90,100,0,100,0,40,0,1000,100E
R666,1887,1865,60,30,90,100,0,100,0,40,0,1000,100E
R667,1888,1866,60,30,90,100,0,100,0,40,0,1000,100E
R668,1890,1867,60,30,90,100,0,100,0,40,0,1000,100E
R669,1891,1867,60,30,90,100,0,100,0,40,0,1000,100E
R670,1892,1868,60,30,90,100,0,100,0,40,0,1000,100E
R671,1893,1869,60,30,90,100,0,100,0,40,0,1000,100E
R672,1893,1870,60,30,90,100,0,100,0,40,0,1000,100E
R673,1895,1871,60,30,90,100,0,100,0,40,0,1000,100E
R674,1896,1872,60,30,90,100,0,100,0,40,0,1000,100E
R675,1897,1873,60,30,90,100,0,100,0,40,0,1000,100E
R676,1898,1873,60,30,90,100,0,100,0,40,0,1000,100E
R677,1899,1875,60,30,90,100,0,100,0,40,0,1000,100E
R678,1900,1875,60,30,90,100,0,100,0,40,0,1000,100E
R679,1901,1876,60,30,90,100,0,100,0,40,0,1000,100E
R680,1902,1877,60,30,90,100,0,100,0,40,0,1000,100E
R681,1903,1878,60,30,90,100,0,100,0,40,0,1000,100E
R682,1905,1878,60,30,90,100,0,100,0,40,0,1000,100E
R683,1906,1879,60,30,90,100,0,100,0,40,0,1000,100E
R684,1907,1880,60,30,90,100,0,100,0,40,0,1000,100E
R685,1908,1881,60,30,90,100,0,100,0,40,0,1000,100E
R686,1909,1882,60,30,90,100,0,100,0,40,0,1000,100E
R687,1910,1883,60,30,90,100,0,100,0,40,0,1000,100E
R688,1911,1884,60,30,90,100,0,100,0,40,0,1000,100E
R689,1912,1884,60,30,90,100,0,100,0,40,0,1000,100E
R690,1913,1886,60,30,90,100,0,100,0,40,0,1000,100E
R691,1914,1887,60,30,90,100,0,100,0,40,0,1000,100E
R692,1916,1887,60,30,90,100,0,100,0,40,0,1000,100E
R693,1917,1888,60,30,90,100,0,100,0,40,0,1000,100E
R694,1918,1889,60,30,90,100,0,100,0,40,0,1000,100E
R695,1919,1890,60,30,90,100,0,100,0,40,0,1000,100E
R696,1920,1891,60,30,90,100,0,100,0,40,0,1000,100E
R697,1921,1892,60,30,90,100,0,100,0,40,0,1000,100E
R698,1922,1893,60,30,90,100,0,100,0,40,0,1000,100E
R699,1923,1894,60,30,90,100,0,100,0,40,0,1000,100E
R700,1924,1895,60,30,90,100,0,100,0,40,0,1000,100E
R701,1926,1895,60,30,90,100,0,100,0,40,0,1000,100E
R702,1927,1896,60,30,90,100,0,100,0,40,0,1000,100E
R703,1928,1897,60,30,90,100,0,100,0,40,0,1000,100E
R704,1929,1897,60,30,90,100,0,100,0,40,0,1000,100E
R705,1930,1898,60,30,90,100,0,100,0,40,0,1000,100E
R706,1931,1899,60,30,90,100,0,100,0,40,0,1000,100E
R707,1932,1900,60,30,90,100,0,100,0,40,0,1000,100E
R708,1933,1901,60,30,90,100,0,100,0,40,0,1000,100E
R709,1935,1902,60,30,90,100,0,100,0,40,0,1000,100E
R710,1936,1903,60,30,90,100,0,100,0,40,0,1000,100E
R711,1937,1904,60,30,90,100,0,100,0,40,0,1000,100E
R712,1938,1905,60,20,90,100,0,100,0,40,0,1000,100E
R713,1939,1906,60,20,90,100,0,100,0,40,0,1000,100E
R714,1941,1907,60,20,90,100,0,100,0,40,0,1000,100E
R715,1942,1908,60,20,90,100,0,100,0,40,0,1000,100E
R716,1943,1909,60,20,90,100,0,100,0,40,0,1000,100E
R717,1944,1910,60,20,90,100,0,100,0,40,0,1000,100E
R718,1945,1911,60,20,90,100,0,100,0,40,0,1000,100E
R719,1947,1912,60,20,90,100,0,100,0,40,0,1000,100E
R720,1948,1912,60,20,90,100,0,100,0,40,0,1000,100E
R721,1949,1913,60,20,90,100,0,100,0,40,0,1000,100E
R722,1950,1913,60,20,90,100,0,100,0,40,0,1000,100E
R723,1951,1914,60,20,90,100,0,100,0,40,0,1000,100E
R724,1952,1915,60,20,90,100,0,100,0,40,0,1000,100E
R725,1953,1915,60,20,90,100,0,100,0,40,0,1000,100E
R726,1954,1916,60,20,90,100,0,100,0,40,0,1000,100E
R727,1956,1916,60,10,90,100,0,100,0,40,0,1000,100E
R728,1957,1916,60,10,90,100,0,100,0,40,0,1000,100E
R729,1958,1917,60,10,90,100,0,100,0,40,0,1000,100E
R730,1959,1917,60,10,90,100,0,100,0,40,0,1000,100E
R731,1960,1918,60,10,90,100,0,100,0,40,0,1000,100E
R732,1962,1918,60,10,90,100,0,100,0,40,0,1000,100E
R733,1962,1918,60,10,90,100,0,100,0,40,0,1000,100E
R734,1963,1919,60,10,90,100,0,100,0,40,0,1000,100E
R735,1964,1919,60,10,90,100,0,100,0,40,0,1000,100E
R736,1965,1919,60,10,90,100,0,100,0,40,0,1000,100E
R737,1967,1920,60,10,90,100,0,100,0,40,0,1000,100E
R738,1969,1920,60,10,90,100,0,100,0,40,0,1000,100E
R739,1970,1921,60,10,90,100,0,100,0,40,0,1000,100E
R740,1971,1921,60,10,90,100,0,100,0,40,0,1000,100E
R741,1972,1921,60,10,90,100,0,100,0,40,0,1000,100E
R742,1973,1921,60,10,90,100,0,100,0,40,0,1000,100E
R743,1974,1922,60,10,90,100,0,100,0,40,0,1000,100E
R744,1974,1922,60,10,90,100,0,100,0,40,0,1000,100E
R745,1975,1922,60,10,90,100,0,100,0,40,0,1000,100E
R746,1976,1922,60,10,90,100,0,100,0,40,0,1000,100E
R747,1977,1922,60,10,90,100,0,100,0,40,0,1000,100E
R748,1978,1923,60,10,90,100,0,100,0,40,0,1000,100E
R749,1979,1923,60,10,90,100,0,100,0,40,0,1000,100E
R750,1980,1923,60,10,90,100,0,100,0,40,0,1000,100E
R751,1981,1923,60,10,90,100,0,100,0,40,0,1000,100E
R752,1982,1924,60,10,90,100,0,100,0,40,0,1000,100E
R753,1983,1924,60,10,90,100,0,100,0,40,0,1000,100E
R754,1984,1924,60,10,90,100,0,100,0,40,0,1000,100E
R755,1985,1924,60,10,90,100,0,100,0,40,0,1000,100E
R756,1986,1924,60,10,90,100,0,100,0,40,0,1000,100E
R757,1987,1925,60,10,90,100,0,100,0,40,0,1000,100E
R758,1988,1925,60,10,90,100,0,100,0,40,0,1000,100E
R759,1989,1925,60,10,90,100,0,100,0,40,0,1000,100E
R760,1990,1925,60,10,90,100,0,100,0,40,0,1000,100E
R761,1990,1926,60,10,90,100,0,100,0,40,0,1000,100E
R762,1991,1926,60,10,90,100,0,100,0,40,0,1000,100E
R763,1992,1926,60,10,90,100,0,100,0,40,0,1000,100E
R764,1993,1927,60,10,90,100,0,100,0,40,0,1000,100E
R765,1994,1927,60,10,90,100,0,100,0,40,0,1000,100E
R766,1995,1927,60,10,90,100,0,100,0,40,0,1000,100E
R767,1996,1928,60,10,90,100,0,100,0,40,0,1000,100E
R768,1996,1928,60,10,90,100,0,100,0,40,0,1000,100E
R769,1997,1928,60,10,90,100,0,100,0,40,0,1000,100E
R770,1998,1929,60,10,90,100,0,100,0,40,0,1000,100E
R771,1999,1929,60,10,90,100,0,100,0,40,0,1000,100E
R772,2000,1929,60,10,90,100,0,100,0,40,0,1000,100E
R773,2001,1930,60,10,90,100,0,100,0,40,0,1000,100E
R774,2001,1930,60,10,90,100,0,100,0,40,0,1000,100E
R775,2002,1931,60,10,90,100,0,100,0,40,0,1000,100E
R776,2003,1931,60,10,90,100,0,100,0,40,0,1000,100E
R777,2003,1931,60,10,90,100,0,100,0,40,0,1000,100E
R778,2004,1932,60,10,90,100,0,100,0,40,0,1000,100E
R779,2005,1933,60,10,90,100,0,100,0,40,0,1000,100E
R780,2006,1934,60,10,90,100,0,100,0,40,0,1000,100E
R781,2007,1934,60,10,90,100,0,100,0,40,0,1000,100E
R782,2008,1934,60,10,90,100,0,100,0,40,0,1000,100E
R783,2009,1935,60,10,90,100,0,100,0,40,0,1000,100E
R784,2009,1935,60,10,90,100,0,100,0,40,0,1000,100E
R785,2010,1936,60,10,90,100,0,100,0,40,0,1000,100E
R786,2011,1937,60,10,90,100,0,100,0,40,0,1000,100E
R787,2012,1937,60,10,90,100,0,100,0,40,0,1000,100E
R788,2013,1938,60,10,90,100,0,100,0,40,0,1000,100E
R789,2013,1939,60,10,90,100,0,100,0,40,0,1000,100E
R790,2014,1939,60,10,90,100,0,100,0,40,0,1000,100E
R791,2015,1939,60,10,90,100,0,100,0,40,0,1000,100E
R792,2016,1940,60,10,90,100,0,100,0,40,0,1000,100E
R793,2017,1940,60,10,90,100,0,100,0,40,0,1000,100E
R794,2018,1941,60,10,90,100,0,100,0,40,0,1000,100E
R795,2018,1941,60,10,90,100,0,100,0,40,0,1000,100E
R796,2019,1942,60,10,90,100,0,100,0,40,0,1000,100E
R797,2020,1943,60,10,90,100,0,100,0,40,0,1000,100E
R798,2020,1943,60,10,90,100,0,100,0,40,0,1000,100E
R799,2021,1944,60,10,90,100,0,100,0,40,0,1000,100E
R800,2022,1944,60,10,90,100,0,100,0,40,0,1000,100E
R801,2022,1944,60,10,90,100,0,100,0,40,0,1000,100E
R802,2024,1945,60,10,90,100,0,100,0,40,0,1000,100E
R803,2024,1945,60,10,90,100,0,100,0,40,0,1000,100E
R804,2025,1945,60,10,90,100,0,100,0,40,0,1000,100E
R805,2026,1946,60,10,90,100,0,100,0,40,0,1000,100E
R806,2027,1946,60,10,90,100,0,100,0,40,0,1000,100E
R807,2028,1946,60,10,90,100,0,100,0,40,0,1000,100E
R808,2029,1947,60,10,90,100,0,100,0,40,0,1000,100E
R809,2029,1948,60,10,90,100,0,100,0,40,0,1000,100E
R810,2030,1948,60,10,90,100,0,100,0,40,0,1000,100E
R811,2031,1949,60,10,90,100,0,100,0,40,0,1000,100E
R812,2032,1950,60,10,90,100,0,100,0,40,0,1000,100E
R813,2032,1950,60,10,90,100,0,100,0,40,0,1000,100E
R814,2033,1951,60,10,90,100,0,100,0,40,0,1000,100E
R815,2034,1952,60,10,90,100,0,100,0,40,0,1000,100E
R816,2035,1952,60,10,90,100,0,100,0,40,0,1000,100E
R817,2036,1953,60,10,90,100,0,100,0,40,0,1000,100E
R818,2036,1954,60,10,90,100,0,100,0,40,0,1000,100E
R819,2037,1954,60,10,90,100,0,100,0,40,0,1000,100E
R820,2038,1955,60,10,90,100,0,100,0,40,0,1000,100E
R821,2039,1955,60,10,90,100,0,100,0,40,0,1000,100E
R822,2040,1956,60,10,90,100,0,100,0,40,0,1000,100E
R823,2041,1956,60,10,90,100,0,100,0,40,0,1000,100E
R824,2041,1957,60,10,90,100,0,100,0,40,0,1000,100E
R825,2042,1957,60,10,90,100,0,100,0,40,0,1000,100E
R826,2043,1957,60,10,90,100,0,100,0,40,0,1000,100E
R827,2043,1958,60,10,90,100,0,100,0,40,0,1000,100E
R828,2044,1959,60,10,90,100,0,100,0,40,0,1000,100E
R829,2045,1959,60,10,90,100,0,100,0,40,0,1000,100E
R830,2046,1960,60,10,90,100,0,100,0,40,0,1000,100E
R831,2046,1960,60,10,90,100,0,100,0,40,0,1000,100E
R832,2047,1961,60,10,90,100,0,100,0,40,0,1000,100E
R833,2048,1961,60,10,90,100,0,100,0,40,0,1000,100E
R834,2049,1962,60,10,90,100,0,100,0,40,0,1000,100E
R835,2049,1962,60,10,90,100,0,100,0,40,0,1000,100E
R836,2051,1963,60,10,90,100,0,100,0,40,0,1000,100E
R837,2051,1963,60,10,90,100,0,100,0,40,0,1000,100E
R838,2052,1964,60,5,90,100,0,100,0,40,0,1000,100E
R839,2053,1965,60,5,90,100,0,100,0,40,0,1000,100E
R840,2053,1965,60,5,90,100,0,100,0,40,0,1000,100E
R841,2054,1966,60,5,90,100,0,100,0,40,0,1000,100E
R842,2055,1966,60,5,90,100,0,100,0,40,0,1000,100E
R843,2056,1967,60,5,90,100,0,100,0,40,0,1000,100E
R844,2057,1967,60,5,90,100,0,100,0,40,0,1000,100E
R845,2058,1967,60,5,90,100,0,100,0,40,0,1000,100E
R846,2058,1967,60,5,90,100,0,100,0,40,0,1000,100E
R847,2059,1968,60,5,90,100,0,100,0,40,0,1000,100E
R848,2060,1968,60,5,90,100,0,100,0,40,0,1000,100E
R849,2060,1968,60,5,90,100,0,100,0,40,0,1000,100E
R850,2060,1968,60,5,90,100,0,100,0,40,0,1000,100E
R851,2060,1968,60,5,90,100,0,100,0,40,0,1000,100E
R852,2063,1970,60,5,90,100,0,100,0,40,0,1000,100E
R853,2063,1970,60,5,90,100,0,100,0,40,0,1000,100E
R854,2064,1970,60,5,90,100,0,100,0,40,0,1000,100E
R855,2065,1971,60,5,90,100,0,100,0,40,0,1000,100E
R856,2066,1971,60,5,90,100,0,100,0,40,0,1000,100E
R857,2067,1971,60,5,90,100,0,100,0,40,0,1000,100E
R858,2068,1971,60,5,90,100,0,100,0,40,0,1000,100E
R859,2069,1972,60,5,90,100,0,100,0,40,0,1000,100E
R860,2069,1972,60,5,90,100,0,100,0,40,0,1000,100E
R861,2070,1972,60,5,90,100,0,100,0,40,0,1000,100E
R862,2071,1973,60,5,90,100,0,100,0,40,0,1000,100E
R863,2072,1973,60,5,90,100,0,100,0,40,0,1000,100E
R864,2073,1973,60,5,90,100,0,100,0,40,0,1000,100E
R865,2073,1974,60,5,90,100,0,100,0,40,0,1000,100E
R866,2074,1975,60,5,90,100,0,100,0,40,0,1000,100E
R867,2075,1975,60,5,90,100,0,100,0,40,0,1000,100E
R868,2075,1975,60,5,90,100,0,100,0,40,0,1000,100E
R869,2076,1975,60,5,90,100,0,100,0,40,0,1000,100E
R870,2077,1976,60,5,90,100,0,100,0,40,0,1000,100E
R871,2078,1976,60,5,90,100,0,100,0,40,0,1000,100E
R872,2078,1977,60,5,90,100,0,100,0,40,0,1000,100E
R873,2079,1977,60,5,90,100,0,100,0,40,0,1000,100E
R874,2080,1977,60,5,90,100,0,100,0,40,0,1000,100E
R875,2080,1978,60,5,90,100,0,100,0,40,0,1000,100E
R876,2081,1978,60,5,90,100,0,100,0,40,0,1000,100E
R877,2082,1979,60,5,90,100,0,100,0,40,0,1000,100E
R878,2083,1979,60,5,90,100,0,100,0,40,0,1000,100E
R879,2084,1980,60,5,90,100,0,100,0,40,0,1000,100E
R880,2085,1981,60,5,90,100,0,100,0,40,0,1000,100E
R881,2086,1981,60,5,90,100,0,100,0,40,0,1000,100E
R882,2087,1981,60,5,90,100,0,100,0,40,0,1000,100E
R883,2087,1982,60,5,90,100,0,100,0,40,0,1000,100E
R884,2088,1982,60,5,90,100,0,100,0,40,0,1000,100E
R885,2089,1982,60,5,90,100,0,100,0,40,0,1000,100E
R886,2089,1983,60,5,90,100,0,100,0,40,0,1000,100E
R887,2090,1983,60,5,90,100,0,100,0,40,0,1000,100E
R888,2091,1984,60,5,90,100,0,100,0,40,0,1000,100E
R889,2091,1984,60,5,90,100,0,100,0,40,0,1000,100E
R890,2092,1984,60,5,90,100,0,100,0,40,0,1000,100E
R891,2093,1984,60,5,90,100,0,100,0,40,0,1000,100E
R892,2094,1985,60,5,90,100,0,100,0,40,0,1000,100E
R893,2095,1986,60,5,90,100,0,100,0,40,0,1000,100E
R894,2095,1986,60,5,90,100,0,100,0,40,0,1000,100E
R895,2096,1987,60,5,90,100,0,100,0,40,0,1000,100E
R896,2097,1987,60,5,90,100,0,100,0,40,0,1000,100E
R897,2097,1988,60,5,90,100,0,100,0,40,0,1000,100E
R898,2098,1988,60,5,90,100,0,100,0,40,0,1000,100E
R899,2099,1989,60,5,90,100,0,100,0,40,0,1000,100E
R900,2100,1989,60,5,90,100,0,100,0,40,0,1000,100E
R901,2100,1989,60,5,90,100,0,100,0,40,0,1000,100E
R902,2101,1990,60,5,90,100,0,100,0,40,0,1000,100E
R903,2101,1990,60,5,90,100,0,100,0,40,0,1000,100E
R904,2103,1992,60,5,90,100,0,100,0,40,0,1000,100E
R905,2103,1993,60,5,90,100,0,100,0,40,0,1000,100E
R906,2104,1993,60,5,90,100,0,100,0,40,0,1000,100E
R907,2104,1994,60,5,90,100,0,100,0,40,0,1000,100E
R908,2105,1994,60,5,90,100,0,100,0,40,0,1000,100E
R909,2106,1994,60,5,90,100,0,100,0,40,0,1000,100E
R910,2107,1995,60,5,90,100,0,100,0,40,0,1000,100E
R911,2107,1995,60,5,90,100,0,100,0,40,0,1000,100E
R912,2108,1996,60,5,90,100,0,100,0,40,0,1000,100E
R913,2109,1997,60,5,90,100,0,100,0,40,0,1000,100E
R914,2109,1997,60,5,90,100,0,100,0,40,0,1000,100E
R915,2110,1997,60,5,90,100,0,100,0,40,0,1000,100E
R916,2111,1998,60,5,90,100,0,100,0,40,0,1000,100E
R917,2112,1998,60,5,90,100,0,100,0,40,0,1000,100E
R918,2112,1999,60,5,90,100,0,100,0,40,0,1000,100E
R919,2113,1999,60,5,90,100,0,100,0,40,0,1000,100E
R920,2114,1999,60,5,90,100,0,100,0,40,0,1000,100E
R921,2114,2000,60,5,90,100,0,100,0,40,0,1000,100E
R922,2115,2001,60,5,90,100,0,100,0,40,0,1000,100E
R923,2116,2002,60,5,90,100,0,100,0,40,0,1000,100E
R924,2116,2002,60,5,90,100,0,100,0,40,0,1000,100E
R925,2117,2003,60,5,90,100,0,100,0,40,0,1000,100E
R926,2118,2003,60,5,90,100,0,100,0,40,0,1000,100E
R927,2119,2003,60,5,90,100,0,100,0,40,0,1000,100E
R928,2120,2004,60,5,90,100,0,100,0,40,0,1000,100E
R929,2120,2005,60,5,90,100,0,100,0,40,0,1000,100E
R930,2121,2005,60,5,90,100,0,100,0,40,0,1000,100E
R931,2122,2005,60,5,90,100,0,100,0,40,0,1000,100E
R932,2122,2006,60,5,90,100,0,100,0,40,0,1000,100E
R933,2123,2006,60,5,90,100,0,100,0,40,0,1000,100E
R934,2124,2007,60,5,90,100,0,100,0,40,0,1000,100E
R935,2125,2008,60,5,90,100,0,100,0,40,0,1000,100E
R936,2125,2008,60,5,90,100,0,100,0,40,0,1000,100E
R937,2126,2009,60,5,90,100,0,100,0,40,0,1000,100E
R938,2127,2009,60,5,90,100,0,100,0,40,0,1000,100E
R939,2128,2010,60,5,90,100,0,100,0,40,0,1000,100E
R940,2128,2010,60,5,90,100,0,100,0,40,0,1000,100E
R941,2129,2010,60,5,90,100,0,100,0,40,0,1000,100E
R942,2130,2011,60,5,90,100,0,100,0,40,0,1000,100E
R943,2131,2011,60,5,90,100,0,100,0,40,0,1000,100E
R944,2131,2012,60,5,90,100,0,100,0,40,0,1000,100E
R945,2132,2013,60,5,90,100,0,100,0,40,0,1000,100E
R946,2133,2013,60,5,90,100,0,100,0,40,0,1000,100E
R947,2133,2014,60,5,90,100,0,100,0,40,0,1000,100E
R948,2134,2014,60,0,90,100,0,100,0,40,0,1000,100E
R949,2135,2015,60,0,90,100,0,100,0,40,0,1000,100E
R950,2136,2015,60,0,90,100,0,100,0,40,0,1000,100E
R951,2137,2015,60,0,90,100,0,100,0,40,0,1000,100E
R952,2137,2016,60,0,90,100,0,100,0,40,0,1000,100E
R953,2138,2017,60,0,90,100,0,100,0,40,0,1000,100E
R954,2139,2017,60,0,90,100,0,100,0,40,0,1000,100E
R955,2140,2018,60,0,90,100,0,100,0,40,0,1000,100E
R956,2140,2018,60,0,90,100,0,100,0,40,0,1000,100E
R957,2141,2019,60,0,90,100,0,100,0,40,0,1000,100E
R958,2142,2019,60,0,90,100,0,100,0,40,0,1000,100E
R959,2142,2019,60,0,90,100,0,100,0,40,0,1000,100E
R960,2143,2019,60,0,90,100,0,100,0,40,0,1000,100E
R961,2144,2020,60,0,90,100,0,100,0,40,0,1000,100E
R962,2144,2020,60,0,90,100,0,100,0,40,0,1000,100E
R963,2145,2021,60,0,90,100,0,100,0,40,0,1000,100E
R964,2146,2021,60,0,90,100,0,100,0,40,0,1000,100E
R965,2147,2021,60,0,90,100,0,100,0,40,0,1000,100E
R966,2148,2022,60,0,90,100,0,100,0,40,0,1000,100E
R967,2148,2022,60,0,90,100,0,100,0,40,0,1000,100E
R968,2149,2022,60,0,90,100,0,100,0,40,0,1000,100E
R969,2149,2022,60,0,90,100,0,100,0,40,0,1000,100E
R970,2150,2023,60,0,90,100,0,100,0,40,0,1000,100E
R971,2151,2023,60,0,90,100,0,100,0,40,0,1000,100E
R972,2152,2023,60,0,90,100,0,100,0,40,0,1000,100E
R973,2153,2023,60,0,90,100,0,100,0,40,0,1000,100E
R974,2153,2023,60,0,90,100,0,100,0,40,0,1000,100E
R975,2154,2023,60,0,90,100,0,100,0,40,0,1000,100E
R976,2154,2024,60,0,90,100,0,100,0,40,0,1000,100E
R977,2155,2024,60,0,90,100,0,100,0,40,0,1000,100E
R978,2156,2024,60,0,90,100,0,100,0,40,0,1000,100E
P2190,810,128,1550,453,1950,722,261,256,2156,978E
