R1,1640,1721,51,50,0,1810E
R2,1642,1719,52,50,0,1810E
R3,1644,1716,52,50,0,1810E
R4,1642,1710,52,50,0,1210E
R5,1632,1702,52,50,0,1210E
R6,1607,1674,52,50,0,1210E
R7,1562,1649,52,50,0,-7500E
R8,1520,1608,52,50,0,-7500E
R9,1481,1580,52,50,0,-7500E
R10,1437,1533,52,50,0,-9500E
R11,1391,1501,52,50,0,-9500E
R12,1364,1457,52,50,0,-9500E
R13,1324,1429,52,50,0,-9500E
R14,1299,1407,52,50,0,-9500E
R15,1257,1381,52,50,0,-9500E
R16,1231,1355,52,50,0,-9500E
R17,1202,1330,52,50,0,-9500E
R18,1166,1307,52,50,0,-9500E
R19,1141,1298,52,50,0,-9500E
R20,1117,1282,52,50,0,-9500E
R21,1088,1259,52,50,0,-9500E
R22,1059,1251,52,50,0,-9500E
R23,1048,1238,52,50,0,-9500E
R24,1023,1227,52,50,0,-9500E
R25,996,1217,52,50,0,-9500E
R26,985,1206,52,50,0,-9500E
R27,963,1196,52,50,0,-9500E
R28,941,1189,52,50,0,-9500E
R29,932,1182,52,50,0,-9500E
R30,918,1173,52,50,0,-9500E
R31,894,1166,52,50,0,-9500E
R32,887,1161,52,50,0,-9500E
R33,873,1157,52,50,0,-9500E
R34,861,1153,52,50,0,-7620E
R35,850,1150,52,50,0,-7620E
R36,834,1146,52,50,0,-7620E
R37,823,1142,52,50,0,-7600E
R38,813,1140,52,50,0,-7600E
R39,802,1138,52,50,0,-7600E
R40,793,1139,52,50,0,-6910E
R41,782,1150,52,50,0,-6910E
R42,773,1176,52,50,0,-6910E
R43,764,1198,52,50,0,-6320E
R44,757,1238,52,50,0,-6320E
R45,749,1260,52,50,0,-6320E
R46,741,1297,52,50,0,-5410E
R47,735,1322,52,50,0,-5410E
R48,729,1345,52,50,0,-5410E
R49,722,1385,52,50,0,-4340E
R50,717,1392,52,50,0,-4340E
R51,712,1420,52,50,0,-4340E
R52,707,1444,52,50,0,-3630E
R53,703,1469,52,50,0,-3630E
R54,699,1497,52,50,0,-3630E
R55,696,1506,52,50,0,-2810E
R56,692,1535,52,50,0,-2810E
R57,690,1545,52,50,0,-2810E
R58,688,1565,52,50,0,-2100E
R59,685,1577,52,50,0,-2100E
R60,683,1589,52,50,0,-2100E
R61,682,1611,52,50,0,-1590E
R62,681,1623,52,50,0,-1590E
R63,680,1634,52,50,0,-1590E
R64,679,1651,52,50,0,-1080E
R65,678,1671,52,50,0,-1080E
R66,677,1680,52,50,0,-1080E
R67,677,1692,52,50,0,-730E
R68,677,1707,52,50,0,-730E
R69,677,1717,52,50,0,-730E
R70,677,1727,52,50,0,-390E
R71,677,1738,52,50,0,-390E
R72,678,1749,52,50,0,-390E
R73,679,1757,52,50,0,-40E
R74,681,1768,52,50,0,-40E
R75,682,1777,52,50,0,-40E
R76,683,1785,52,50,0,330E
R77,685,1791,52,50,0,330E
R78,687,1801,52,66,0,330E
R79,688,1809,52,72,0,630E
R80,690,1815,52,73,0,630E
R81,691,1822,52,76,0,630E
R82,694,1830,52,79,0,780E
R83,695,1838,52,80,0,780E
R84,698,1848,52,80,0,780E
R85,700,1862,52,81,0,1010E
R86,703,1876,52,81,0,1010E
R87,706,1901,52,82,0,1010E
R88,709,1908,52,82,0,1300E
R89,712,1919,52,82,0,1300E
R90,715,1931,52,82,0,1300E
R91,719,1941,52,82,0,1580E
R92,722,1955,52,82,0,1580E
R93,725,1964,52,82,0,1580E
R94,729,1975,52,82,0,1750E
R95,732,1989,52,82,0,1750E
R96,735,2000,52,82,0,1750E
R97,739,2012,52,82,0,1840E
R98,743,2024,52,82,0,1840E
R99,746,2036,52,82,0,1840E
R100,750,2045,52,82,0,1950E
R101,754,2054,52,82,0,1950E
R102,758,2066,52,82,0,1950E
R103,761,2075,52,82,0,2020E
R104,767,2084,52,82,0,2020E
R105,771,2094,52,82,0,2020E
R106,774,2101,52,82,0,2180E
R107,780,2109,52,82,0,2180E
R108,784,2116,52,82,0,2180E
R109,788,2126,52,82,0,2360E
R110,792,2134,52,82,0,2360E
R111,796,2141,52,82,0,2360E
R112,801,2152,52,82,0,2370E
R113,804,2160,52,82,0,2370E
R114,810,2169,52,82,0,2370E
R115,813,2175,52,82,0,2430E
R116,818,2182,52,82,0,2430E
R117,823,2188,52,82,0,2430E
R118,827,2194,52,82,0,2470E
R119,831,2203,52,82,0,2470E
R120,835,2209,52,82,0,2470E
R121,840,2214,52,82,0,2500E
R122,844,2218,52,82,0,2500E
R123,848,2223,52,82,0,2500E
R124,853,2227,52,82,0,2550E
R125,857,2232,52,82,0,2550E
R126,861,2238,52,82,0,2550E
R127,866,2242,52,82,0,2560E
R128,870,2247,52,82,0,2560E
R129,874,2253,52,82,0,2560E
R130,879,2258,52,82,0,2570E
R131,883,2264,52,82,0,2570E
R132,887,2271,52,82,0,2570E
R133,891,2278,52,82,0,2540E
R134,896,2284,52,82,0,2540E
R135,900,2288,52,82,0,2540E
R136,904,2293,52,82,0,2550E
R137,909,2296,52,82,0,2550E
R138,913,2300,52,82,0,2550E
R139,917,2304,52,82,0,2560E
R140,922,2310,52,82,0,2560E
R141,926,2316,52,82,0,2560E
R142,930,2321,52,82,0,2560E
R143,935,2326,52,82,0,2560E
R144,939,2330,52,82,0,2560E
R145,943,2333,52,82,0,2560E
R146,948,2338,52,82,0,2560E
R147,953,2341,52,82,0,2560E
R148,957,2344,52,82,0,2590E
R149,961,2346,52,82,0,2590E
R150,966,2348,52,82,0,2590E
R151,969,2351,52,82,0,2570E
R152,973,2353,52,82,0,2570E
R153,979,2356,52,82,0,2570E
R154,983,2359,52,82,0,2590E
R155,987,2361,52,82,0,2590E
R156,992,2364,52,82,0,2590E
R157,996,2368,52,82,0,2590E
R158,1000,2373,52,82,0,2590E
R159,1004,2377,52,82,0,2590E
R160,1009,2381,52,82,0,2570E
R161,1013,2383,52,82,0,2570E
R162,1017,2386,52,82,0,2570E
R163,1022,2389,52,82,0,2570E
R164,1026,2393,52,82,0,2570E
R165,1030,2395,52,82,0,2570E
R166,1035,2398,52,82,0,2600E
R167,1039,2400,52,82,0,2600E
R168,1043,2402,52,82,0,2600E
R169,1047,2404,52,82,0,2570E
R170,1051,2406,52,82,0,2570E
R171,1055,2409,52,82,0,2570E
R172,1059,2412,52,82,0,2550E
R173,1063,2415,52,82,0,2550E
R174,1068,2419,52,82,0,2550E
R175,1072,2423,52,82,0,2560E
R176,1077,2427,52,82,0,2560E
R177,1081,2430,52,82,0,2560E
R178,1085,2434,52,82,0,2560E
R179,1090,2436,52,82,0,2560E
R180,1094,2439,52,82,0,2560E
R181,1097,2441,52,82,0,2540E
R182,1102,2443,52,82,0,2540E
R183,1106,2445,52,82,0,2540E
R184,1109,2449,52,82,0,2530E
R185,1114,2451,52,82,0,2530E
R186,1117,2452,52,82,0,2530E
R187,1121,2454,52,82,0,2510E
R188,1125,2455,52,82,0,2510E
R189,1129,2457,52,82,0,2510E
R190,1132,2460,52,82,0,2480E
R191,1136,2462,52,82,0,2480E
R192,1141,2465,52,82,0,2480E
R193,1145,2466,52,82,0,2460E
R194,1148,2468,52,82,0,2460E
R195,1152,2470,52,82,0,2460E
R196,1156,2471,52,82,0,2460E
R197,1159,2473,52,82,0,2460E
R198,1164,2474,52,82,0,2460E
R199,1167,2477,52,82,0,2430E
R200,1170,2479,52,82,0,2430E
R201,1174,2484,52,82,0,2430E
R202,1178,2487,52,82,0,2400E
R203,1182,2490,52,82,0,2400E
R204,1185,2494,52,82,0,2400E
R205,1189,2497,52,82,0,2370E
R206,1193,2498,52,82,0,2370E
R207,1196,2500,52,82,0,2370E
R208,1200,2502,52,82,0,2340E
R209,1203,2505,52,82,0,2340E
R210,1207,2507,52,82,0,2340E
R211,1210,2511,52,82,0,2290E
R212,1214,2513,52,82,0,2290E
R213,1217,2517,52,82,0,2290E
R214,1220,2521,52,82,0,2250E
R215,1225,2525,52,82,0,2250E
R216,1228,2529,52,82,0,2250E
R217,1232,2532,52,82,0,2270E
R218,1236,2534,52,82,0,2270E
R219,1240,2535,52,82,0,2270E
R220,1243,2537,52,82,0,2260E
R221,1248,2539,52,82,0,2260E
R222,1251,2541,52,82,0,2260E
R223,1255,2544,52,82,0,2280E
R224,1258,2546,52,82,0,2280E
R225,1262,2549,52,82,0,2280E
R226,1265,2552,52,82,0,2240E
R227,1268,2555,52,82,0,2240E
R228,1273,2559,52,82,0,2240E
R229,1276,2562,52,82,0,2230E
R230,1279,2565,52,82,0,2230E
R231,1283,2569,52,82,0,2230E
R232,1286,2573,52,82,0,2200E
R233,1289,2575,52,82,0,2200E
R234,1292,2577,52,82,0,2200E
R235,1295,2579,52,82,0,2140E
R236,1297,2581,52,82,0,2140E
R237,1300,2583,52,82,0,2140E
R238,1304,2585,52,82,0,2080E
R239,1307,2587,52,82,0,2080E
R240,1310,2589,52,82,0,2080E
R241,1315,2590,52,82,0,2060E
R242,1317,2591,52,82,0,2060E
R243,1321,2591,52,82,0,2060E
R244,1324,2591,52,82,0,2050E
R245,1327,2593,52,82,0,2050E
R246,1330,2596,52,82,0,2050E
R247,1333,2600,52,82,0,2010E
R248,1337,2603,52,82,0,2010E
R249,1340,2606,52,82,0,2010E
R250,1343,2608,52,82,0,2010E
R251,1346,2610,52,82,0,2010E
R252,1349,2612,52,82,0,2010E
R253,1351,2615,52,82,0,1950E
R254,1355,2617,52,82,0,1950E
R255,1359,2620,52,82,0,1950E
R256,1362,2625,52,82,0,1990E
R257,1366,2628,52,82,0,1990E
R258,1369,2631,52,82,0,1990E
R259,1371,2634,52,82,0,1960E
R260,1375,2635,52,82,0,1960E
R261,1378,2636,52,82,0,1960E
R262,1381,2638,52,82,0,1960E
R263,1384,2640,52,82,0,1960E
R264,1388,2643,52,82,0,1960E
R265,1391,2646,52,82,0,1970E
R266,1394,2650,52,82,0,1970E
R267,1397,2653,52,82,0,1970E
R268,1400,2655,52,82,0,1950E
R269,1403,2657,52,82,0,1950E
R270,1406,2660,52,82,0,1950E
R271,1409,2662,52,82,0,1920E
R272,1412,2664,52,82,0,1920E
R273,1415,2667,52,82,0,1920E
R274,1419,2670,52,82,0,1930E
R275,1421,2671,52,82,0,1930E
R276,1424,2673,52,82,0,1930E
R277,1427,2675,52,82,0,1890E
R278,1430,2676,52,82,0,1890E
R279,1433,2678,52,82,0,1890E
R280,1436,2681,52,82,0,1880E
R281,1439,2683,52,82,0,1880E
R282,1442,2685,52,82,0,1880E
R283,1445,2689,52,82,0,1870E
R284,1447,2691,52,82,0,1870E
R285,1450,2692,52,82,0,1870E
R286,1453,2693,52,82,0,1830E
R287,1456,2695,52,82,0,1830E
R288,1458,2697,52,82,0,1830E
R289,1461,2699,52,82,0,1800E
R290,1464,2701,52,82,0,1800E
R291,1466,2704,52,82,0,1800E
R292,1469,2707,52,82,0,1770E
R293,1473,2711,52,81,0,1770E
R294,1475,2715,52,76,0,1770E
R295,1478,2718,52,74,0,1770E
R296,1482,2720,52,72,0,1770E
R297,1484,2723,52,72,0,1770E
R298,1487,2723,52,72,0,1780E
R299,1489,2723,52,72,0,1780E
R300,1492,2723,52,72,0,1780E
R301,1495,2724,52,72,0,1750E
R302,1497,2725,52,72,0,1750E
R303,1500,2725,52,72,0,1750E
R304,1503,2725,52,72,0,1710E
R305,1506,2725,52,72,0,1710E
R306,1508,2725,52,72,0,1710E
R307,1511,2725,52,72,0,1720E
R308,1513,2725,52,72,0,1720E
R309,1517,2725,52,72,0,1720E
R310,1519,2725,52,72,0,1700E
R311,1521,2726,52,72,0,1700E
R312,1524,2727,52,72,0,1700E
R313,1527,2728,52,72,0,1690E
R314,1529,2728,52,72,0,1690E
R315,1532,2729,52,66,0,1690E
R316,1535,2729,52,66,0,1680E
R317,1537,2730,52,63,0,1680E
R318,1540,2731,52,62,0,1680E
R319,1543,2731,52,62,0,1670E
R320,1545,2731,52,62,0,1670E
R321,1548,2731,52,62,0,1670E
R322,1550,2731,52,62,0,1640E
R323,1553,2730,52,62,0,1640E
R324,1555,2728,52,62,0,1640E
R325,1558,2726,52,62,0,1630E
R326,1561,2724,52,62,0,1630E
R327,1563,2722,52,62,0,1630E
R328,1566,2721,52,62,0,1630E
R329,1569,2719,52,62,0,1630E
R330,1570,2717,52,62,0,1630E
R331,1573,2716,52,62,0,1600E
R332,1576,2715,52,62,0,1600E
R333,1578,2714,52,62,0,1600E
R334,1581,2712,52,62,0,1600E
R335,1583,2711,52,62,0,1600E
R336,1586,2709,52,62,0,1600E
R337,1589,2708,52,62,0,1580E
R338,1591,2708,52,62,0,1580E
R339,1594,2709,52,62,0,1580E
R340,1596,2709,52,62,0,1580E
R341,1599,2709,52,62,0,1580E
R342,1602,2710,52,62,0,1580E
R343,1604,2710,52,62,0,1580E
R344,1606,2711,52,62,0,1580E
R345,1609,2712,52,62,0,1580E
R346,1611,2712,52,62,0,1560E
R347,1613,2712,52,62,0,1560E
R348,1615,2713,52,62,0,1560E
R349,1618,2713,52,62,0,1550E
R350,1620,2713,52,62,0,1550E
R351,1622,2713,52,62,0,1550E
R352,1624,2714,52,62,0,1510E
R353,1626,2715,52,62,0,1510E
R354,1628,2715,52,62,0,1510E
R355,1631,2718,52,62,0,1490E
R356,1633,2719,52,62,0,1490E
R357,1635,2721,52,62,0,1490E
R358,1638,2723,52,62,0,1480E
R359,1640,2725,52,62,0,1480E
R360,1642,2727,52,62,0,1480E
R361,1644,2729,52,62,0,1450E
R362,1647,2732,52,62,0,1450E
R363,1649,2733,52,62,0,1450E
R364,1650,2733,52,62,0,1410E
R365,1653,2733,52,62,0,1410E
R366,1655,2733,52,62,0,1410E
R367,1657,2734,52,62,0,1410E
R368,1659,2735,52,62,0,1410E
R369,1661,2736,52,62,0,1410E
R370,1663,2738,52,62,0,1380E
R371,1666,2739,52,62,0,1380E
R372,1668,2740,52,62,0,1380E
R373,1670,2742,52,62,0,1390E
R374,1672,2743,52,62,0,1390E
R375,1674,2745,52,62,0,1390E
R376,1677,2746,52,62,0,1390E
R377,1679,2747,52,62,0,1390E
R378,1682,2748,52,62,0,1390E
R379,1684,2750,52,62,0,1390E
R380,1686,2752,52,62,0,1390E
R381,1689,2754,52,62,0,1390E
R382,1691,2755,52,62,0,1390E
R383,1693,2758,52,62,0,1390E
R384,1695,2760,52,62,0,1390E
R385,1698,2762,52,62,0,1390E
R386,1700,2765,52,62,0,1390E
R387,1702,2766,52,62,0,1390E
R388,1704,2768,52,62,0,1370E
R389,1706,2771,52,62,0,1370E
R390,1708,2772,52,62,0,1370E
R391,1711,2773,52,62,0,1370E
R392,1713,2774,52,62,0,1370E
R393,1715,2775,52,62,0,1370E
R394,1717,2776,52,62,0,1360E
R395,1719,2776,52,62,0,1360E
R396,1721,2778,52,60,0,1360E
R397,1723,2779,52,56,0,1340E
R398,1726,2781,52,56,0,1340E
R399,1728,2783,52,55,0,1340E
R400,1730,2783,52,53,0,1350E
R401,1732,2784,52,52,0,1350E
R402,1734,2784,52,52,0,1350E
R403,1736,2785,52,52,0,1340E
R404,1739,2785,52,52,0,1340E
R405,1741,2785,52,52,0,1340E
R406,1743,2785,52,52,0,1340E
R407,1746,2785,52,52,0,1340E
R408,1748,2785,52,52,0,1340E
R409,1751,2785,52,52,0,1350E
R410,1753,2785,52,52,0,1350E
R411,1755,2785,52,52,0,1350E
R412,1757,2784,52,52,0,1350E
R413,1759,2783,52,52,0,1350E
R414,1761,2783,52,52,0,1350E
R415,1763,2782,52,52,0,1340E
R416,1765,2782,52,52,0,1340E
R417,1767,2782,52,52,0,1340E
R418,1769,2781,52,52,0,1320E
R419,1771,2781,52,52,0,1320E
R420,1773,2781,52,52,0,1320E
R421,1774,2780,52,52,0,1290E
R422,1776,2780,52,52,0,1290E
R423,1778,2780,52,52,0,1290E
R424,1780,2781,52,52,0,1280E
R425,1782,2782,52,52,0,1280E
R426,1784,2783,52,52,0,1280E
R427,1787,2784,52,52,0,1300E
R428,1789,2784,52,52,0,1300E
R429,1791,2784,52,52,0,1300E
R430,1794,2785,52,52,0,1310E
R431,1796,2785,52,52,0,1310E
R432,1798,2785,52,52,0,1310E
R433,1800,2785,52,52,0,1290E
R434,1802,2785,52,52,0,1290E
R435,1804,2785,52,52,0,1290E
R436,1806,2785,52,52,0,1280E
R437,1808,2785,52,52,0,1280E
R438,1809,2786,52,52,0,1280E
R439,1811,2786,52,52,0,1250E
R440,1813,2786,52,52,0,1250E
R441,1814,2786,52,52,0,1250E
R442,1816,2786,52,52,0,1220E
R443,1818,2786,52,52,0,1220E
R444,1820,2787,52,52,0,1220E
R445,1822,2788,52,52,0,1220E
R446,1824,2789,52,52,0,1220E
R447,1826,2789,52,52,0,1220E
R448,1828,2789,52,52,0,1220E
R449,1830,2789,52,52,0,1220E
R450,1833,2789,52,52,0,1220E
R451,1835,2790,52,52,0,1240E
R452,1837,2791,52,52,0,1240E
R453,1840,2792,52,52,0,1240E
R454,1842,2793,52,50,0,1250E
R455,1843,2793,52,48,0,1250E
R456,1846,2793,52,47,0,1250E
R457,1848,2794,52,45,0,1220E
R458,1849,2795,52,45,0,1220E
R459,1851,2795,52,45,0,1220E
R460,1854,2795,52,45,0,1220E
R461,1855,2796,52,45,0,1220E
R462,1857,2796,52,45,0,1220E
R463,1860,2796,52,45,0,1240E
R464,1861,2797,52,45,0,1240E
R465,1863,2798,52,45,0,1240E
R466,1865,2799,52,45,0,1210E
R467,1867,2799,52,45,0,1210E
R468,1869,2799,52,45,0,1210E
R469,1871,2799,52,45,0,1210E
R470,1873,2799,52,45,0,1210E
R471,1875,2799,52,45,0,1210E
R472,1876,2799,52,45,0,1180E
R473,1878,2800,52,45,0,1180E
R474,1880,2800,52,45,0,1180E
R475,1882,2802,52,42,0,1190E
R476,1884,2802,52,41,0,1190E
R477,1886,2803,52,40,0,1190E
R478,1888,2804,52,40,0,1160E
R479,1889,2805,52,40,0,1160E
R480,1891,2805,52,40,0,1160E
R481,1893,2805,52,40,0,1170E
R482,1895,2804,52,40,0,1170E
R483,1897,2801,52,40,0,1170E
R484,1898,2799,52,40,0,1150E
R485,1900,2798,52,40,0,1150E
R486,1902,2796,52,40,0,1150E
R487,1904,2795,52,40,0,1150E
R488,1905,2793,52,40,0,1150E
R489,1908,2791,52,40,0,1150E
R490,1910,2790,52,40,0,1160E
R491,1911,2790,52,40,0,1160E
R492,1913,2789,52,40,0,1160E
R493,1914,2789,52,39,0,1120E
R494,1916,2789,52,35,0,1120E
R495,1919,2789,52,33,0,1120E
R496,1921,2789,52,31,0,1160E
R497,1922,2789,52,30,0,1160E
R498,1924,2788,52,30,0,1160E
R499,1926,2787,52,30,0,1130E
R500,1928,2786,52,30,0,1130E
R501,1930,2785,52,30,0,1130E
R502,1932,2783,52,30,0,1140E
R503,1933,2780,52,30,0,1140E
R504,1935,2777,52,30,0,1140E
R505,1937,2775,52,30,0,1120E
R506,1939,2772,52,30,0,1120E
R507,1941,2768,52,30,0,1120E
R508,1943,2765,52,30,0,1130E
R509,1945,2762,52,30,0,1130E
R510,1946,2759,52,30,0,1130E
R511,1948,2757,52,30,0,1120E
R512,1951,2753,52,30,0,1120E
R513,1952,2751,52,30,0,1120E
R514,1953,2748,52,30,0,1100E
R515,1955,2745,52,30,0,1100E
R516,1957,2742,52,30,0,1100E
R517,1958,2740,52,30,0,1090E
R518,1960,2738,52,30,0,1090E
R519,1962,2737,52,30,0,1090E
R520,1963,2736,52,30,0,1080E
R521,1965,2735,52,30,0,1080E
R522,1966,2733,52,30,0,1080E
R523,1968,2733,52,30,0,1070E
R524,1969,2733,52,30,0,1070E
R525,1971,2733,52,30,0,1070E
R526,1973,2732,52,30,0,1060E
R527,1974,2732,52,30,0,1060E
R528,1976,2732,52,30,0,1060E
R529,1978,2732,52,30,0,1050E
R530,1980,2732,52,30,0,1050E
R531,1982,2732,52,30,0,1050E
R532,1984,2732,52,30,0,1050E
R533,1985,2731,52,30,0,1050E
R534,1986,2731,52,30,0,1050E
R535,1987,2731,52,30,0,1020E
R536,1989,2731,52,30,0,1020E
R537,1990,2731,52,30,0,1020E
R538,1992,2731,52,30,0,1020E
R539,1994,2731,52,30,0,1020E
R540,1996,2731,52,30,0,1020E
R541,1998,2731,52,30,0,1040E
R542,1999,2731,52,30,0,1040E
R543,2000,2731,52,30,0,1040E
R544,2002,2732,52,30,0,1010E
R545,2003,2732,52,30,0,1010E
R546,2005,2732,52,30,0,1010E
R547,2006,2732,52,30,0,990E
R548,2008,2733,52,30,0,990E
R549,2010,2733,52,30,0,990E
R550,2012,2733,52,30,0,1010E
R551,2014,2733,52,30,0,1010E
R552,2015,2733,52,30,0,1010E
R553,2016,2733,52,30,0,990E
R554,2019,2733,52,30,0,990E
R555,2020,2733,52,30,0,990E
R556,2021,2733,52,30,0,990E
R557,2023,2733,52,30,0,990E
R558,2025,2733,52,30,0,990E
R559,2027,2733,52,27,0,1010E
R560,2029,2733,52,26,0,1010E
R561,2031,2733,52,25,0,1010E
R562,2032,2733,52,25,0,1010E
R563,2033,2733,52,25,0,1010E
R564,2035,2731,52,25,0,1010E
R565,2036,2729,52,25,0,990E
R566,2037,2728,52,25,0,990E
R567,2039,2726,52,25,0,990E
R568,2040,2723,52,25,0,960E
R569,2042,2722,52,25,0,960E
R570,2044,2720,52,25,0,960E
R571,2045,2717,52,25,0,970E
R572,2046,2715,52,25,0,970E
R573,2048,2714,52,25,0,970E
R574,2049,2712,52,25,0,950E
R575,2050,2711,52,25,0,950E
R576,2051,2710,52,25,0,950E
R577,2053,2708,52,25,0,930E
R578,2054,2707,52,25,0,930E
R579,2055,2705,52,25,0,930E
R580,2056,2704,52,25,0,890E
R581,2057,2703,52,25,0,890E
R582,2058,2702,52,23,0,890E
R583,2060,2702,52,22,0,880E
R584,2061,2702,52,21,0,880E
R585,2063,2702,52,20,0,880E
R586,2064,2702,52,20,0,860E
R587,2065,2701,52,20,0,860E
R588,2066,2700,52,20,0,860E
R589,2068,2698,52,20,0,860E
R590,2069,2696,52,20,0,860E
R591,2070,2694,52,20,0,860E
R592,2072,2692,52,20,0,850E
R593,2073,2690,52,20,0,850E
R594,2074,2688,52,20,0,850E
R595,2075,2686,52,20,0,820E
R596,2076,2685,52,20,0,820E
R597,2077,2683,52,20,0,820E
R598,2078,2681,52,20,0,790E
R599,2079,2679,52,20,0,790E
R600,2080,2678,52,20,0,790E
R601,2081,2677,52,20,0,770E
R602,2083,2677,52,20,0,770E
R603,2084,2677,52,20,0,770E
R604,2085,2676,52,20,0,770E
R605,2086,2675,52,20,0,770E
R606,2087,2673,52,20,0,770E
R607,2088,2672,52,20,0,750E
R608,2089,2671,52,20,0,750E
R609,2090,2671,52,20,0,750E
R610,2091,2671,52,20,0,730E
R611,2092,2671,52,20,0,730E
R612,2093,2671,52,20,0,730E
R613,2094,2671,52,20,0,710E
R614,2095,2671,52,20,0,710E
R615,2096,2668,52,20,0,710E
R616,2097,2666,52,20,0,700E
R617,2098,2665,52,20,0,700E
R618,2099,2664,52,20,0,700E
R619,2100,2663,52,20,0,690E
R620,2100,2663,52,20,0,690E
R621,2101,2663,52,20,0,690E
R622,2102,2663,52,20,0,650E
R623,2103,2664,52,20,0,650E
R624,2104,2664,52,20,0,650E
R625,2105,2664,52,20,0,640E
R626,2107,2663,52,20,0,640E
R627,2108,2662,52,20,0,640E
R628,2109,2660,52,20,0,660E
R629,2110,2660,52,20,0,660E
R630,2110,2660,52,20,0,660E
R631,2110,2660,52,20,0,600E
R632,2111,2660,52,20,0,600E
R633,2111,2660,52,20,0,600E
R634,2112,2660,52,20,0,570E
R635,2113,2661,52,20,0,570E
P1640,677,71,1600,341,2000,542,146,93,2113,635E
