R1,1745,2428,55,50,0,3780E
R2,1749,2453,55,50,0,3780E
R3,1753,2463,55,50,0,3200E
R4,1751,2471,55,50,0,3200E
R5,1726,2467,55,50,0,3200E
R6,1685,2427,55,50,0,-5180E
R7,1631,2378,55,50,0,-5180E
R8,1590,2331,55,50,0,-5180E
R9,1542,2286,55,50,0,-9500E
R10,1496,2232,55,50,0,-9500E
R11,1455,2185,55,50,0,-9500E
R12,1411,2143,55,50,0,-9500E
R13,1369,2105,55,50,0,-9500E
R14,1342,2075,55,50,0,-9500E
R15,1300,2033,55,50,0,-9500E
R16,1262,2021,55,50,0,-9500E
R17,1237,1996,55,50,0,-9500E
R18,1194,1967,55,50,0,-9500E
R19,1172,1959,55,50,0,-9500E
R20,1147,1947,55,50,0,-9500E
R21,1119,1931,55,50,0,-9500E
R22,1092,1919,55,50,0,-9500E
R23,1067,1905,55,50,0,-9500E
R24,1039,1895,55,50,0,-9500E
R25,1016,1885,55,50,0,-9500E
R26,992,1873,55,50,0,-9500E
R27,981,1865,55,50,0,-9500E
R28,960,1859,55,50,0,-9500E
R29,937,1851,55,50,0,-9500E
R30,927,1845,55,50,0,-9500E
R31,912,1841,55,50,0,-9500E
R32,888,1837,55,50,0,-9500E
R33,881,1832,55,50,0,-9500E
R34,867,1829,55,50,0,-9500E
R35,855,1825,55,50,0,-9500E
R36,844,1822,55,50,0,-8080E
R37,829,1820,55,50,0,-8080E
R38,818,1818,55,50,0,-8080E
R39,808,1817,55,50,0,-7460E
R40,797,1817,55,50,0,-7460E
R41,788,1816,55,50,0,-7460E
R42,778,1816,55,50,0,-6280E
R43,770,1816,55,50,0,-6280E
R44,763,1817,55,50,0,-6280E
R45,756,1817,55,50,0,-5460E
R46,750,1819,55,50,0,-5460E
R47,744,1820,55,50,0,-5460E
R48,738,1822,55,50,0,-4360E
R49,734,1823,55,50,0,-4360E
R50,727,1825,55,50,0,-4360E
R51,722,1826,55,50,0,-3500E
R52,718,1827,55,50,0,-3500E
R53,713,1829,55,50,0,-3500E
R54,709,1831,55,50,0,-3080E
R55,706,1833,55,50,0,-3080E
R56,702,1835,55,50,0,-3080E
R57,699,1838,55,50,0,-2530E
R58,697,1841,55,50,0,-2530E
R59,694,1843,55,50,0,-2530E
R60,693,1845,55,50,0,-1850E
R61,691,1845,55,50,0,-1850E
R62,690,1845,55,50,0,-1850E
R63,688,1845,55,50,0,-1380E
R64,688,1845,55,50,0,-1380E
R65,687,1846,55,50,0,-1380E
R66,687,1847,55,50,0,-790E
R67,686,1849,55,50,0,-790E
R68,686,1850,55,50,0,-790E
R69,686,1851,55,50,0,-480E
R70,686,1852,55,50,0,-480E
R71,686,1854,55,50,0,-480E
R72,686,1855,55,50,0,-260E
R73,687,1856,55,50,0,-260E
R74,688,1858,55,50,0,-260E
R75,688,1860,55,50,0,0E
R76,689,1862,55,50,0,0E
R77,690,1865,55,50,0,0E
R78,691,1869,55,50,0,240E
R79,692,1872,55,55,0,240E
R80,693,1876,55,75,0,240E
R81,695,1879,55,81,0,460E
R82,697,1881,55,82,0,460E
R83,698,1884,55,82,0,460E
R84,700,1889,55,83,0,660E
R85,702,1895,55,83,0,660E
R86,704,1902,55,83,0,660E
R87,705,1913,55,83,0,780E
R88,707,1921,55,83,0,780E
R89,709,1930,55,83,0,780E
R90,711,1938,55,83,0,920E
R91,713,1948,55,83,0,920E
R92,716,1957,55,83,0,920E
R93,719,1965,55,83,0,1130E
R94,721,1974,55,83,0,1130E
R95,724,1983,55,83,0,1130E
R96,726,1990,55,83,0,1220E
R97,729,1999,55,83,0,1220E
R98,732,2007,55,82,0,1220E
R99,735,2016,55,82,0,1400E
R100,737,2024,55,82,0,1400E
R101,740,2034,55,82,0,1400E
R102,743,2040,55,82,0,1460E
R103,746,2047,55,82,0,1460E
R104,749,2055,55,82,0,1460E
R105,753,2061,55,82,0,1610E
R106,756,2068,55,82,0,1610E
R107,759,2075,55,82,0,1610E
R108,763,2083,55,82,0,1730E
R109,766,2091,55,82,0,1730E
R110,769,2096,55,82,0,1730E
R111,773,2101,55,82,0,1800E
R112,776,2105,55,82,0,1800E
R113,779,2109,55,82,0,1800E
R114,782,2113,55,82,0,1800E
R115,786,2117,55,82,0,1800E
R116,789,2120,55,82,0,1800E
R117,792,2123,55,82,0,1840E
R118,797,2127,55,82,0,1840E
R119,800,2131,55,82,0,1840E
R120,803,2134,55,82,0,1920E
R121,807,2138,55,82,0,1920E
R122,811,2142,55,82,0,1920E
R123,814,2145,55,82,0,1980E
R124,818,2149,55,82,0,1980E
R125,822,2153,55,82,0,1980E
R126,825,2156,55,82,0,2020E
R127,829,2160,55,82,0,2020E
R128,832,2165,55,82,0,2020E
R129,835,2168,55,82,0,2020E
R130,839,2172,55,82,0,2020E
R131,843,2176,55,82,0,2020E
R132,846,2179,55,82,0,2050E
R133,849,2182,55,82,0,2050E
R134,853,2185,55,82,0,2050E
R135,858,2189,55,82,0,2070E
R136,861,2193,55,82,0,2070E
R137,866,2198,55,82,0,2070E
R138,869,2203,55,82,0,2130E
R139,873,2208,55,82,0,2130E
R140,877,2212,55,82,0,2130E
R141,881,2216,55,82,0,2170E
R142,885,2221,55,82,0,2170E
R143,888,2225,55,82,0,2170E
R144,892,2227,55,82,0,2180E
R145,896,2231,55,82,0,2180E
R146,899,2234,55,82,0,2180E
R147,903,2236,55,82,0,2180E
R148,906,2239,55,82,0,2180E
R149,909,2242,55,82,0,2180E
R150,913,2244,55,82,0,2160E
R151,917,2247,55,82,0,2160E
R152,920,2250,55,82,0,2160E
R153,924,2253,55,82,0,2160E
R154,927,2255,55,82,0,2160E
R155,930,2259,55,82,0,2160E
R156,934,2262,55,82,0,2140E
R157,938,2266,55,82,0,2140E
R158,941,2270,55,82,0,2140E
R159,945,2274,55,82,0,2150E
R160,949,2277,55,82,0,2150E
R161,953,2279,55,82,0,2150E
R162,956,2283,55,82,0,2130E
R163,960,2287,55,82,0,2130E
R164,963,2291,55,82,0,2130E
R165,967,2294,55,82,0,2160E
R166,971,2297,55,82,0,2160E
R167,975,2299,55,82,0,2160E
R168,978,2301,55,82,0,2170E
R169,982,2304,55,82,0,2170E
R170,985,2307,55,82,0,2170E
R171,989,2310,55,82,0,2170E
R172,992,2315,55,82,0,2170E
R173,996,2319,55,82,0,2170E
R174,999,2323,55,82,0,2150E
R175,1002,2326,55,82,0,2150E
R176,1006,2329,55,82,0,2150E
R177,1009,2331,55,82,0,2130E
R178,1011,2331,55,82,0,2130E
R179,1015,2333,55,82,0,2130E
R180,1019,2336,55,82,0,2120E
R181,1022,2339,55,82,0,2120E
R182,1025,2342,55,82,0,2120E
R183,1028,2345,55,82,0,2080E
R184,1031,2347,55,82,0,2080E
R185,1034,2348,55,82,0,2080E
R186,1038,2351,55,82,0,2040E
R187,1041,2352,55,82,0,2040E
R188,1045,2353,55,82,0,2040E
R189,1049,2355,55,82,0,2090E
R190,1052,2358,55,82,0,2090E
R191,1054,2360,55,82,0,2090E
R192,1058,2362,55,82,0,2040E
R193,1061,2365,55,82,0,2040E
R194,1065,2367,55,82,0,2040E
R195,1068,2368,55,82,0,2030E
R196,1071,2370,55,82,0,2030E
R197,1074,2372,55,82,0,2030E
R198,1077,2375,55,82,0,2000E
R199,1080,2378,55,82,0,2000E
R200,1083,2382,55,82,0,2000E
R201,1085,2384,55,82,0,1930E
R202,1089,2386,55,82,0,1930E
R203,1091,2388,55,82,0,1930E
R204,1094,2389,55,82,0,1910E
R205,1098,2392,55,82,0,1910E
R206,1100,2395,55,82,0,1910E
R207,1103,2397,55,82,0,1890E
R208,1107,2398,55,82,0,1890E
R209,1109,2398,55,82,0,1890E
R210,1112,2400,55,82,0,1870E
R211,1115,2402,55,82,0,1870E
R212,1118,2404,55,82,0,1870E
R213,1121,2407,55,82,0,1860E
R214,1124,2410,55,82,0,1860E
R215,1128,2411,55,82,0,1860E
R216,1130,2413,55,82,0,1850E
R217,1133,2417,55,82,0,1850E
R218,1137,2419,55,82,0,1850E
R219,1139,2421,55,82,0,1840E
R220,1142,2424,55,82,0,1840E
R221,1145,2427,55,82,0,1840E
R222,1148,2429,55,82,0,1840E
R223,1150,2431,55,82,0,1840E
R224,1153,2432,55,82,0,1840E
R225,1155,2432,55,82,0,1790E
R226,1158,2433,55,82,0,1790E
R227,1161,2435,55,82,0,1790E
R228,1163,2436,55,82,0,1760E
R229,1167,2438,55,82,0,1760E
R230,1170,2439,55,82,0,1760E
R231,1173,2441,55,82,0,1790E
R232,1175,2442,55,82,0,1790E
R233,1177,2443,55,82,0,1790E
R234,1181,2445,55,82,0,1760E
R235,1184,2445,55,82,0,1760E
R236,1186,2445,55,82,0,1760E
R237,1189,2446,55,82,0,1740E
R238,1193,2448,55,82,0,1740E
R239,1195,2451,55,82,0,1740E
R240,1198,2454,55,82,0,1750E
R241,1201,2458,55,82,0,1750E
R242,1204,2461,55,82,0,1750E
R243,1206,2464,55,82,0,1730E
R244,1210,2467,55,82,0,1730E
R245,1212,2470,55,82,0,1730E
R246,1214,2472,55,82,0,1710E
R247,1217,2474,55,82,0,1710E
R248,1219,2475,55,82,0,1710E
R249,1221,2476,55,82,0,1670E
R250,1225,2476,55,82,0,1670E
R251,1228,2477,55,82,0,1670E
R252,1231,2479,55,82,0,1720E
R253,1234,2481,55,82,0,1720E
R254,1237,2484,55,82,0,1720E
R255,1240,2486,55,82,0,1730E
R256,1243,2488,55,82,0,1730E
R257,1245,2491,55,82,0,1730E
R258,1248,2492,55,82,0,1710E
R259,1250,2493,55,82,0,1710E
R260,1253,2493,55,82,0,1710E
R261,1256,2495,55,82,0,1690E
R262,1258,2496,55,82,0,1690E
R263,1262,2498,55,82,0,1690E
R264,1264,2500,55,82,0,1680E
R265,1266,2500,55,82,0,1680E
R266,1270,2501,55,82,0,1680E
R267,1272,2502,55,82,0,1640E
R268,1274,2503,55,82,0,1640E
R269,1277,2504,55,82,0,1640E
R270,1280,2504,55,82,0,1660E
R271,1282,2505,55,82,0,1660E
R272,1284,2507,55,82,0,1660E
R273,1287,2509,55,82,0,1620E
R274,1289,2512,55,82,0,1620E
R275,1291,2516,55,82,0,1620E
R276,1294,2519,55,82,0,1590E
R277,1297,2520,55,82,0,1590E
R278,1299,2522,55,82,0,1590E
R279,1302,2524,55,82,0,1590E
R280,1304,2526,55,82,0,1590E
R281,1307,2530,55,82,0,1590E
R282,1310,2533,55,82,0,1590E
R283,1312,2535,55,82,0,1590E
R284,1315,2536,55,82,0,1590E
R285,1317,2538,55,82,0,1570E
R286,1321,2538,55,82,0,1570E
R287,1323,2538,55,82,0,1570E
R288,1326,2538,55,82,0,1570E
R289,1329,2538,55,82,0,1570E
R290,1331,2539,55,82,0,1570E
R291,1333,2540,55,82,0,1570E
R292,1336,2543,55,82,0,1570E
R293,1339,2545,55,82,0,1570E
R294,1341,2546,55,82,0,1580E
R295,1344,2549,55,82,0,1580E
R296,1347,2551,55,82,0,1580E
R297,1349,2552,55,82,0,1580E
R298,1352,2555,55,82,0,1580E
R299,1354,2557,55,82,0,1580E
R300,1356,2559,55,82,0,1560E
R301,1358,2561,55,82,0,1560E
R302,1361,2563,55,82,0,1560E
R303,1363,2564,55,82,0,1540E
R304,1366,2566,55,82,0,1540E
R305,1368,2569,55,82,0,1540E
R306,1371,2570,55,82,0,1550E
R307,1373,2573,55,82,0,1550E
R308,1376,2576,55,82,0,1550E
R309,1378,2579,55,82,0,1530E
R310,1381,2582,55,82,0,1530E
R311,1384,2584,55,82,0,1530E
R312,1386,2586,55,82,0,1540E
R313,1388,2589,55,82,0,1540E
R314,1391,2591,55,82,0,1540E
R315,1394,2594,55,82,0,1550E
R316,1396,2595,55,82,0,1550E
R317,1398,2597,55,82,0,1550E
R318,1401,2598,55,82,0,1530E
R319,1403,2601,55,82,0,1530E
R320,1405,2602,55,82,0,1530E
R321,1408,2603,55,82,0,1520E
R322,1410,2604,55,82,0,1520E
R323,1412,2605,55,82,0,1520E
R324,1415,2608,55,82,0,1510E
R325,1417,2610,55,82,0,1510E
R326,1419,2613,55,82,0,1510E
R327,1422,2616,55,82,0,1500E
R328,1424,2618,55,82,0,1500E
R329,1426,2619,55,82,0,1500E
R330,1429,2622,55,82,0,1490E
R331,1431,2625,55,82,0,1490E
R332,1433,2627,55,82,0,1490E
R333,1436,2631,55,82,0,1460E
R334,1438,2633,55,82,0,1460E
R335,1441,2635,55,82,0,1460E
R336,1443,2637,55,82,0,1470E
R337,1446,2637,55,82,0,1470E
R338,1449,2637,55,82,0,1470E
R339,1451,2638,55,82,0,1490E
R340,1453,2640,55,82,0,1490E
R341,1455,2643,55,82,0,1490E
R342,1457,2645,55,82,0,1450E
R343,1460,2647,55,82,0,1450E
R344,1463,2648,55,82,0,1450E
R345,1465,2650,55,82,0,1470E
R346,1467,2654,55,82,0,1470E
R347,1469,2656,55,82,0,1470E
R348,1472,2660,55,82,0,1440E
R349,1474,2662,55,82,0,1440E
R350,1477,2665,55,82,0,1440E
R351,1478,2666,55,78,0,1430E
R352,1481,2668,55,76,0,1430E
R353,1483,2670,55,76,0,1430E
R354,1485,2672,55,75,0,1430E
R355,1487,2673,55,75,0,1430E
R356,1490,2673,55,75,0,1430E
R357,1492,2673,55,75,0,1420E
R358,1494,2673,55,75,0,1420E
R359,1496,2673,55,75,0,1420E
R360,1499,2672,55,75,0,1420E
R361,1501,2672,55,75,0,1420E
R362,1503,2671,55,75,0,1420E
R363,1505,2671,55,75,0,1400E
R364,1508,2670,55,75,0,1400E
R365,1509,2670,55,75,0,1400E
R366,1512,2670,55,75,0,1400E
R367,1514,2672,55,75,0,1400E
R368,1516,2674,55,75,0,1400E
R369,1518,2675,55,75,0,1380E
R370,1520,2676,55,75,0,1380E
R371,1522,2677,55,75,0,1380E
R372,1524,2678,55,75,0,1360E
R373,1527,2679,55,75,0,1360E
R374,1529,2679,55,75,0,1360E
R375,1531,2680,55,75,0,1360E
R376,1533,2682,55,75,0,1360E
R377,1535,2684,55,75,0,1360E
R378,1537,2685,55,75,0,1340E
R379,1540,2686,55,75,0,1340E
R380,1542,2688,55,75,0,1340E
R381,1544,2689,55,75,0,1350E
R382,1546,2691,55,75,0,1350E
R383,1548,2693,55,75,0,1350E
R384,1550,2695,55,75,0,1330E
R385,1552,2697,55,75,0,1330E
R386,1554,2698,55,75,0,1330E
R387,1556,2698,55,75,0,1320E
R388,1558,2698,55,75,0,1320E
R389,1560,2699,55,75,0,1320E
R390,1562,2701,55,75,0,1310E
R391,1564,2702,55,75,0,1310E
R392,1566,2703,55,75,0,1310E
R393,1568,2704,55,75,0,1290E
R394,1570,2706,55,75,0,1290E
R395,1572,2707,55,75,0,1290E
R396,1574,2707,55,75,0,1280E
R397,1577,2708,55,75,0,1280E
R398,1579,2708,55,75,0,1280E
R399,1581,2710,55,75,0,1300E
R400,1583,2710,55,75,0,1300E
R401,1585,2711,55,75,0,1300E
R402,1588,2712,55,75,0,1310E
R403,1590,2713,55,75,0,1310E
R404,1592,2715,55,75,0,1310E
R405,1595,2717,55,75,0,1320E
R406,1597,2718,55,75,0,1320E
R407,1599,2719,55,75,0,1320E
R408,1602,2719,55,74,0,1320E
R409,1603,2720,55,72,0,1320E
R410,1605,2722,55,70,0,1320E
R411,1608,2724,55,70,0,1310E
R412,1610,2727,55,70,0,1310E
R413,1612,2728,55,70,0,1310E
R414,1614,2729,55,70,0,1300E
R415,1616,2729,55,70,0,1300E
R416,1618,2728,55,70,0,1300E
R417,1619,2728,55,70,0,1270E
R418,1621,2729,55,70,0,1270E
R419,1623,2731,55,70,0,1270E
R420,1625,2731,55,70,0,1260E
R421,1627,2731,55,70,0,1260E
R422,1629,2731,55,70,0,1260E
R423,1631,2731,55,70,0,1250E
R424,1633,2732,55,70,0,1250E
R425,1636,2733,55,70,0,1250E
R426,1638,2735,55,70,0,1270E
R427,1640,2736,55,70,0,1270E
R428,1642,2738,55,70,0,1270E
R429,1643,2740,55,70,0,1240E
R430,1645,2741,55,70,0,1240E
R431,1647,2743,55,70,0,1240E
R432,1649,2745,55,70,0,1230E
R433,1650,2746,55,70,0,1230E
R434,1653,2746,55,70,0,1230E
R435,1654,2746,55,70,0,1210E
R436,1656,2747,55,70,0,1210E
R437,1659,2748,55,70,0,1210E
R438,1660,2748,55,70,0,1210E
R439,1662,2748,55,70,0,1210E
R440,1664,2749,55,70,0,1210E
R441,1666,2750,55,70,0,1200E
R442,1667,2753,55,70,0,1200E
R443,1669,2755,55,70,0,1200E
R444,1671,2757,55,70,0,1180E
R445,1673,2757,55,70,0,1180E
R446,1675,2757,55,70,0,1180E
R447,1678,2758,55,70,0,1210E
R448,1680,2758,55,70,0,1210E
R449,1682,2758,55,70,0,1210E
R450,1685,2758,55,70,0,1230E
R451,1687,2758,55,70,0,1230E
R452,1688,2760,55,70,0,1230E
R453,1691,2762,55,70,0,1220E
R454,1693,2764,55,70,0,1220E
R455,1695,2768,55,70,0,1220E
R456,1697,2771,55,70,0,1220E
R457,1698,2773,55,70,0,1220E
R458,1700,2775,55,70,0,1220E
R459,1701,2777,55,67,0,1180E
R460,1703,2778,55,66,0,1180E
R461,1705,2779,55,65,0,1180E
R462,1707,2781,55,65,0,1180E
R463,1709,2782,55,65,0,1180E
R464,1711,2782,55,65,0,1180E
R465,1712,2783,55,65,0,1160E
R466,1714,2783,55,65,0,1160E
R467,1716,2785,55,65,0,1160E
R468,1717,2788,55,65,0,1140E
R469,1719,2790,55,65,0,1140E
R470,1721,2791,55,65,0,1140E
R471,1723,2791,55,65,0,1150E
R472,1724,2791,55,65,0,1150E
R473,1726,2791,55,65,0,1150E
R474,1728,2791,55,65,0,1130E
R475,1729,2791,55,65,0,1130E
R476,1731,2791,55,65,0,1130E
R477,1733,2791,55,65,0,1110E
R478,1734,2791,55,65,0,1110E
R479,1736,2790,55,65,0,1110E
R480,1738,2790,55,65,0,1100E
R481,1740,2790,55,65,0,1100E
R482,1742,2790,55,65,0,1100E
R483,1744,2791,55,65,0,1110E
R484,1746,2792,55,65,0,1110E
R485,1748,2793,55,65,0,1110E
R486,1750,2794,55,61,0,1120E
R487,1752,2794,55,60,0,1120E
R488,1754,2793,55,60,0,1120E
R489,1756,2792,55,60,0,1130E
R490,1757,2792,55,60,0,1130E
R491,1759,2792,55,60,0,1130E
R492,1760,2792,55,60,0,1090E
R493,1762,2791,55,60,0,1090E
R494,1763,2790,55,60,0,1090E
R495,1765,2790,55,60,0,1080E
R496,1766,2790,55,60,0,1080E
R497,1767,2790,55,60,0,1080E
R498,1769,2790,55,60,0,1050E
R499,1771,2790,55,60,0,1050E
R500,1772,2790,55,60,0,1050E
R501,1775,2790,55,60,0,1040E
R502,1776,2790,55,60,0,1040E
R503,1778,2790,55,60,0,1040E
R504,1780,2791,55,60,0,1060E
R505,1782,2792,55,60,0,1060E
R506,1783,2793,55,60,0,1060E
R507,1785,2794,55,60,0,1050E
R508,1787,2795,55,60,0,1050E
R509,1789,2796,55,60,0,1050E
R510,1790,2796,55,60,0,1040E
R511,1793,2796,55,60,0,1040E
R512,1794,2796,55,60,0,1040E
R513,1795,2798,55,60,0,1040E
R514,1797,2799,55,60,0,1040E
R515,1799,2799,55,60,0,1040E
R516,1800,2800,55,60,0,1030E
R517,1802,2801,55,60,0,1030E
R518,1804,2803,55,60,0,1030E
R519,1806,2804,55,60,0,1050E
R520,1807,2804,55,60,0,1050E
R521,1809,2804,55,59,0,1050E
R522,1811,2805,55,57,0,1040E
R523,1812,2806,55,56,0,1040E
R524,1814,2806,55,55,0,1040E
R525,1815,2807,55,55,0,1020E
R526,1817,2807,55,55,0,1020E
R527,1819,2807,55,55,0,1020E
R528,1820,2807,55,55,0,1020E
R529,1821,2808,55,55,0,1020E
R530,1823,2808,55,55,0,1020E
R531,1825,2808,55,55,0,1020E
R532,1826,2806,55,55,0,1020E
R533,1828,2805,55,55,0,1020E
R534,1829,2804,55,55,0,1000E
R535,1831,2803,55,55,0,1000E
R536,1833,2802,55,55,0,1000E
R537,1835,2802,55,55,0,1020E
R538,1836,2801,55,55,0,1020E
R539,1837,2801,55,55,0,1020E
R540,1839,2801,55,55,0,990E
R541,1840,2801,55,55,0,990E
R542,1841,2801,55,55,0,990E
R543,1843,2801,55,55,0,970E
R544,1845,2801,55,55,0,970E
R545,1845,2802,55,55,0,970E
R546,1846,2803,55,55,0,920E
R547,1848,2803,55,55,0,920E
R548,1849,2803,55,55,0,920E
R549,1851,2803,55,55,0,930E
R550,1853,2803,55,55,0,930E
R551,1854,2804,55,55,0,930E
R552,1855,2805,55,55,0,910E
R553,1857,2805,55,55,0,910E
R554,1859,2805,55,55,0,910E
R555,1861,2805,55,55,0,930E
R556,1862,2806,55,55,0,930E
R557,1864,2806,55,55,0,930E
R558,1865,2806,55,55,0,930E
R559,1866,2804,55,55,0,930E
R560,1868,2804,55,55,0,930E
R561,1869,2804,55,55,0,920E
R562,1870,2804,55,55,0,920E
R563,1872,2804,55,55,0,920E
R564,1873,2805,55,54,0,900E
R565,1875,2805,55,50,0,900E
R566,1877,2805,55,49,0,900E
R567,1878,2805,55,50,0,910E
R568,1879,2805,55,50,0,910E
R569,1881,2805,55,50,0,910E
R570,1883,2804,55,50,0,920E
R571,1884,2801,55,50,0,920E
R572,1886,2800,55,50,0,920E
R573,1887,2798,55,50,0,910E
R574,1888,2796,55,50,0,910E
R575,1889,2793,55,50,0,910E
R576,1891,2790,55,50,0,900E
R577,1892,2788,55,50,0,900E
R578,1893,2787,55,50,0,900E
R579,1895,2786,55,50,0,890E
R580,1897,2786,55,48,0,890E
R581,1898,2785,55,47,0,890E
R582,1900,2784,55,46,0,900E
R583,1902,2783,55,45,0,900E
R584,1903,2783,55,45,0,900E
R585,1904,2781,55,45,0,890E
R586,1905,2780,55,45,0,890E
R587,1906,2779,55,45,0,890E
R588,1908,2777,55,45,0,880E
R589,1909,2775,55,45,0,880E
R590,1910,2773,55,45,0,880E
R591,1911,2771,55,45,0,850E
R592,1913,2769,55,45,0,850E
R593,1914,2767,55,45,0,850E
R594,1916,2767,55,45,0,860E
R595,1917,2767,55,45,0,860E
R596,1918,2766,55,45,0,860E
R597,1919,2766,55,45,0,830E
R598,1920,2766,55,45,0,830E
R599,1921,2766,55,45,0,830E
R600,1922,2766,55,45,0,800E
R601,1924,2766,55,45,0,800E
R602,1925,2766,55,45,0,800E
R603,1927,2766,55,45,0,830E
R604,1928,2765,55,45,0,830E
R605,1929,2764,55,45,0,830E
R606,1931,2764,55,45,0,820E
R607,1932,2764,55,45,0,820E
R608,1933,2764,55,45,0,820E
R609,1935,2764,55,45,0,790E
R610,1936,2765,55,45,0,790E
R611,1938,2765,55,45,0,790E
R612,1939,2765,55,45,0,820E
R613,1940,2765,55,45,0,820E
R614,1942,2766,55,45,0,820E
R615,1942,2766,55,45,0,790E
R616,1943,2766,55,41,0,790E
R617,1945,2765,55,40,0,790E
R618,1946,2765,55,40,0,790E
R619,1947,2763,55,40,0,790E
R620,1949,2761,55,40,0,790E
R621,1949,2759,55,40,0,770E
R622,1951,2757,55,40,0,770E
R623,1952,2755,55,40,0,770E
R624,1953,2753,55,40,0,770E
R625,1954,2753,55,40,0,770E
R626,1955,2752,55,40,0,770E
R627,1957,2750,56,40,0,770E
R628,1958,2749,56,40,0,770E
R629,1959,2747,56,40,0,770E
R630,1961,2745,56,40,0,780E
R631,1962,2744,56,40,0,780E
R632,1963,2742,56,40,0,780E
R633,1965,2742,56,40,0,780E
R634,1966,2741,56,40,0,780E
R635,1967,2740,56,40,0,780E
R636,1968,2740,56,40,0,760E
R637,1969,2739,56,40,0,760E
R638,1970,2739,56,40,0,760E
R639,1971,2739,56,40,0,740E
R640,1973,2739,62,40,0,740E
R641,1975,2739,63,40,0,740E
R642,1976,2739,63,40,0,770E
R643,1976,2739,63,40,0,770E
R644,1978,2739,63,40,0,770E
R645,1979,2739,63,40,0,750E
R646,1981,2740,63,40,0,750E
R647,1982,2740,63,40,0,750E
R648,1983,2741,63,40,0,760E
R649,1984,2741,63,40,0,760E
R650,1986,2741,63,39,0,760E
R651,1987,2741,63,36,0,760E
R652,1988,2741,63,35,0,760E
R653,1990,2741,63,35,0,760E
R654,1991,2740,63,35,0,760E
R655,1993,2739,63,35,0,760E
R656,1994,2738,65,35,0,760E
R657,1996,2737,65,35,0,770E
R658,1997,2735,65,35,0,770E
R659,1998,2733,66,35,0,770E
R660,1999,2730,66,35,0,770E
R661,2000,2728,66,35,0,770E
R662,2001,2726,66,35,0,770E
R663,2001,2724,66,35,0,740E
R664,2002,2723,66,35,0,740E
R665,2004,2721,66,35,0,740E
R666,2005,2720,66,35,0,740E
R667,2006,2719,66,35,0,740E
R668,2008,2717,66,35,0,740E
R669,2009,2716,66,35,0,750E
R670,2010,2714,66,35,0,750E
R671,2011,2713,66,35,0,750E
R672,2013,2713,66,35,0,750E
R673,2014,2713,66,35,0,750E
R674,2015,2713,66,35,0,750E
R675,2016,2713,66,35,0,740E
R676,2018,2714,66,34,0,740E
R677,2019,2714,66,31,0,740E
R678,2021,2716,66,30,0,760E
R679,2022,2716,66,30,0,760E
R680,2024,2716,66,30,0,760E
R681,2025,2716,66,30,0,770E
R682,2027,2716,66,30,0,770E
R683,2028,2715,66,30,0,770E
R684,2030,2713,66,30,0,790E
R685,2032,2712,66,30,0,790E
R686,2033,2710,66,30,0,790E
R687,2034,2708,66,30,0,790E
R688,2036,2707,66,30,0,790E
R689,2037,2705,66,30,0,790E
R690,2039,2704,66,30,0,790E
R691,2040,2704,66,26,0,790E
R692,2042,2703,66,24,0,790E
R693,2043,2703,66,24,0,810E
R694,2045,2702,66,21,0,810E
R695,2046,2701,66,20,0,810E
R696,2047,2699,66,20,0,810E
R697,2048,2696,66,20,0,810E
R698,2050,2693,67,20,0,810E
R699,2051,2690,68,20,0,810E
R700,2052,2687,69,20,0,810E
R701,2054,2684,70,20,0,810E
R702,2055,2681,70,20,0,810E
R703,2056,2677,70,20,0,810E
R704,2058,2674,70,20,0,810E
R705,2059,2671,70,20,0,800E
R706,2060,2669,70,20,0,800E
R707,2062,2665,70,20,0,800E
R708,2064,2663,70,20,0,820E
R709,2065,2660,70,20,0,820E
R710,2066,2658,70,20,0,820E
R711,2068,2656,70,20,0,820E
R712,2069,2654,70,20,0,820E
R713,2070,2651,70,20,0,820E
R714,2072,2649,70,20,0,810E
R715,2072,2648,70,17,0,810E
R716,2073,2647,70,14,0,810E
R717,2075,2647,70,14,0,800E
R718,2076,2645,70,14,0,800E
R719,2076,2644,70,14,0,800E
R720,2077,2641,70,14,0,770E
R721,2078,2639,70,14,0,770E
R722,2079,2637,70,14,0,770E
R723,2081,2634,70,14,0,770E
R724,2082,2631,70,14,0,770E
R725,2083,2628,70,14,0,770E
R726,2084,2626,70,14,0,750E
R727,2086,2624,70,14,0,750E
R728,2087,2622,70,14,0,750E
R729,2088,2619,70,14,0,760E
R730,2090,2616,70,14,0,760E
R731,2091,2614,70,14,0,760E
R732,2092,2612,70,14,0,760E
R733,2093,2611,70,14,0,760E
R734,2095,2609,70,14,0,760E
R735,2096,2607,70,14,0,760E
R736,2097,2606,70,14,0,760E
R737,2098,2604,70,10,0,760E
R738,2099,2602,70,10,0,750E
R739,2100,2601,70,10,0,750E
R740,2102,2599,70,10,0,750E
R741,2103,2598,70,10,0,750E
R742,2104,2596,70,10,0,750E
R743,2106,2594,70,10,0,750E
R744,2106,2592,70,10,0,740E
R745,2106,2589,70,10,0,740E
R746,2106,2587,70,7,0,740E
R747,2108,2585,70,5,0,710E
R748,2109,2583,70,5,0,710E
R749,2110,2581,70,5,0,710E
R750,2112,2579,70,5,0,720E
R751,2113,2577,70,5,0,720E
R752,2114,2575,70,5,0,720E
R753,2115,2573,70,5,0,710E
R754,2116,2571,70,5,0,710E
R755,2118,2569,70,5,0,710E
R756,2119,2568,70,5,0,710E
R757,2120,2565,70,5,0,710E
R758,2121,2561,70,5,0,710E
R759,2122,2557,70,5,0,700E
R760,2124,2554,70,5,0,700E
R761,2125,2551,70,5,0,700E
R762,2126,2549,72,5,0,710E
R763,2127,2547,74,5,0,710E
R764,2129,2546,74,5,0,710E
R765,2130,2545,74,5,0,720E
R766,2132,2544,75,5,0,720E
R767,2134,2543,75,5,0,720E
R768,2135,2542,75,5,0,750E
R769,2136,2541,75,5,0,750E
R770,2136,2539,75,5,0,750E
R771,2137,2538,75,5,0,710E
R772,2138,2538,75,5,0,710E
R773,2140,2538,75,4,0,710E
R774,2141,2538,75,3,0,720E
R775,2142,2538,75,3,0,720E
R776,2143,2538,75,3,0,720E
R777,2144,2538,75,3,0,700E
R778,2145,2538,75,3,0,700E
R779,2147,2538,75,3,0,700E
R780,2148,2537,75,3,0,720E
R781,2148,2537,75,3,0,720E
R782,2149,2537,75,3,0,720E
R783,2150,2537,75,3,0,680E
R784,2152,2537,75,3,0,680E
R785,2153,2537,75,3,0,680E
R786,2154,2537,75,3,0,690E
R787,2154,2537,75,3,0,690E
R788,2156,2537,75,3,0,690E
R789,2158,2535,75,3,0,710E
R790,2159,2535,75,3,0,710E
R791,2162,2535,75,3,0,710E
R792,2163,2535,75,3,0,740E
R793,2165,2535,75,3,0,740E
R794,2166,2535,75,3,0,740E
R795,2168,2535,75,3,0,780E
R796,2169,2534,75,3,0,780E
R797,2169,2532,75,3,0,780E
R798,2170,2530,75,3,0,720E
R799,2170,2529,75,3,0,720E
R800,2171,2528,75,3,0,720E
R801,2173,2527,75,3,0,700E
R802,2174,2527,75,2,0,700E
R803,2175,2527,75,2,0,700E
R804,2176,2527,75,2,0,680E
R805,2179,2527,76,2,0,680E
R806,2180,2527,77,2,0,680E
R807,2181,2528,77,2,0,730E
R808,2181,2528,77,2,0,730E
R809,2182,2529,77,2,0,730E
R810,2184,2530,77,2,0,710E
R811,2186,2530,77,2,0,710E
R812,2187,2531,77,2,0,710E
R813,2187,2531,77,2,0,690E
R814,2188,2532,77,2,0,690E
R815,2190,2532,77,2,0,690E
R816,2191,2532,77,2,0,710E
R817,2194,2532,77,2,0,710E
R818,2196,2533,77,2,0,710E
R819,2198,2533,77,2,0,800E
R820,2199,2533,77,2,0,800E
R821,2200,2533,77,2,0,800E
R822,2200,2533,77,2,0,720E
R823,2200,2532,77,2,0,720E
R824,2201,2529,77,2,0,720E
R825,2202,2528,77,2,0,650E
R826,2203,2527,77,2,0,650E
R827,2205,2526,77,2,0,650E
R828,2207,2525,77,2,0,730E
R829,2208,2525,77,2,0,730E
R830,2209,2525,77,2,0,730E
R831,2210,2525,77,2,0,700E
R832,2212,2525,77,2,0,700E
P1741,686,72,1600,407,2000,660,206,172,2213,832E
