R1,1679,2150,50,35,0,6700E
R2,1689,2174,50,35,0,6700E
R3,1699,2205,50,35,0,6750E
R4,1702,2226,50,35,0,6750E
R5,1677,2227,50,35,0,6750E
R6,1647,2216,50,35,0,880E
R7,1605,2170,50,35,0,880E
R8,1564,2139,50,35,0,880E
R9,1525,2099,50,35,0,-9500E
R10,1486,2057,50,35,0,-9500E
R11,1446,2016,50,35,0,-9500E
R12,1409,1977,50,35,0,-9500E
R13,1384,1936,50,35,0,-9500E
R14,1336,1904,50,35,0,-9500E
R15,1307,1861,50,35,0,-9500E
R16,1269,1837,50,35,0,-9500E
R17,1243,1811,50,35,0,-9500E
R18,1220,1786,50,35,0,-9500E
R19,1195,1757,50,35,0,-9500E
R20,1169,1749,50,35,0,-9500E
R21,1144,1736,50,35,0,-9500E
R22,1118,1724,50,35,0,-9500E
R23,1108,1710,50,35,0,-9500E
R24,1081,1698,50,35,0,-9500E
R25,1059,1687,50,35,0,-9500E
R26,1035,1676,50,35,0,-9500E
R27,1026,1663,50,35,0,-9500E
R28,1005,1652,50,35,0,-9500E
R29,995,1642,50,35,0,-9500E
R30,979,1633,50,35,0,-9500E
R31,959,1625,50,35,0,-9500E
R32,949,1620,50,35,0,-9500E
R33,937,1615,50,35,0,-8870E
R34,924,1609,50,35,0,-8870E
R35,912,1605,50,35,0,-8870E
R36,903,1600,50,35,0,-7520E
R37,890,1595,50,35,0,-7520E
R38,881,1592,50,35,0,-7520E
R39,872,1588,50,35,0,-6640E
R40,859,1584,50,35,0,-6640E
R41,851,1580,50,35,0,-6640E
R42,844,1579,50,35,0,-6000E
R43,836,1578,50,35,0,-6000E
R44,829,1577,50,35,0,-6000E
R45,823,1577,50,35,0,-5000E
R46,815,1577,50,35,0,-5000E
R47,808,1577,50,35,0,-5000E
R48,803,1577,50,35,0,-4390E
R49,798,1577,50,35,0,-4390E
R50,793,1577,50,35,0,-4390E
R51,788,1577,50,35,0,-3620E
R52,784,1577,50,35,0,-3620E
R53,779,1579,50,35,0,-3620E
R54,776,1581,50,35,0,-2920E
R55,773,1583,50,35,0,-2920E
R56,769,1587,50,35,0,-2920E
R57,766,1589,50,35,0,-2410E
R58,763,1589,50,35,0,-2410E
R59,761,1589,50,35,0,-2410E
R60,759,1590,50,35,0,-1880E
R61,757,1590,50,55,0,-1880E
R62,756,1591,50,60,0,-1880E
R63,754,1593,50,63,0,-1430E
R64,753,1595,50,66,0,-1430E
R65,752,1598,50,66,0,-1430E
R66,751,1602,50,66,0,-1020E
R67,751,1606,50,66,0,-1020E
R68,750,1614,50,66,0,-1020E
R69,750,1620,50,66,0,-630E
R70,750,1627,50,66,0,-630E
R71,750,1635,50,66,0,-630E
R72,750,1642,50,66,0,-340E
R73,750,1650,50,66,0,-340E
R74,751,1658,50,66,0,-340E
R75,751,1668,50,66,0,-100E
R76,753,1676,50,66,0,-100E
R77,754,1681,50,66,0,-100E
R78,755,1690,50,66,0,250E
R79,757,1697,50,66,0,250E
R80,758,1704,50,66,0,250E
R81,760,1711,50,66,0,570E
R82,761,1720,50,66,0,570E
R83,763,1726,50,66,0,570E
R84,765,1732,50,66,0,750E
R85,767,1738,50,66,0,750E
R86,769,1744,50,66,0,750E
R87,772,1751,50,66,0,1000E
R88,774,1758,50,66,0,1000E
R89,777,1765,50,66,0,1000E
R90,779,1771,50,66,0,1150E
R91,782,1778,50,66,0,1150E
R92,785,1785,50,66,0,1150E
R93,787,1791,50,66,0,1310E
R94,790,1797,50,66,0,1310E
R95,793,1805,50,66,0,1310E
R96,796,1810,50,66,0,1470E
R97,798,1817,50,66,0,1470E
R98,802,1824,50,66,0,1470E
R99,805,1831,50,66,0,1580E
R100,808,1837,50,66,0,1580E
R101,811,1842,50,66,0,1580E
R102,815,1848,50,66,0,1710E
R103,819,1853,50,66,0,1710E
R104,822,1857,50,66,0,1710E
R105,826,1864,50,66,0,1850E
R106,830,1869,50,66,0,1850E
R107,833,1873,50,66,0,1850E
R108,837,1877,50,66,0,1960E
R109,841,1882,50,66,0,1960E
R110,844,1886,50,66,0,1960E
R111,848,1890,50,66,0,2030E
R112,852,1895,50,66,0,2030E
R113,855,1898,50,66,0,2030E
R114,859,1902,50,56,0,2070E
R115,863,1905,50,54,0,2070E
R116,866,1909,50,54,0,2070E
R117,870,1913,50,55,0,2100E
R118,875,1917,50,55,0,2100E
R119,878,1922,50,55,0,2100E
R120,882,1926,50,55,0,2160E
R121,887,1929,50,55,0,2160E
R122,890,1932,50,55,0,2160E
R123,894,1934,50,55,0,2210E
R124,899,1936,50,55,0,2210E
R125,903,1938,50,55,0,2210E
R126,906,1940,50,55,0,2250E
R127,910,1942,50,55,0,2250E
R128,915,1943,50,55,0,2250E
R129,919,1945,50,55,0,2320E
R130,922,1946,50,55,0,2320E
R131,927,1948,50,55,0,2320E
R132,931,1949,50,55,0,2330E
R133,935,1951,50,55,0,2330E
R134,939,1952,50,55,0,2330E
R135,943,1954,50,55,0,2350E
R136,947,1955,50,55,0,2350E
R137,951,1956,50,55,0,2350E
R138,955,1958,50,55,0,2350E
R139,959,1960,50,55,0,2350E
R140,963,1961,50,55,0,2350E
R141,967,1962,50,55,0,2360E
R142,971,1964,50,55,0,2360E
R143,975,1965,50,55,0,2360E
R144,980,1967,50,55,0,2390E
R145,983,1968,50,55,0,2390E
R146,987,1971,50,55,0,2390E
R147,991,1974,50,55,0,2340E
R148,994,1977,50,55,0,2340E
R149,998,1979,50,55,0,2340E
R150,1002,1982,50,55,0,2350E
R151,1007,1984,50,55,0,2350E
R152,1010,1987,50,55,0,2350E
R153,1014,1990,50,55,0,2350E
R154,1018,1993,50,55,0,2350E
R155,1022,1996,50,55,0,2350E
R156,1025,1999,50,55,0,2330E
R157,1030,2003,50,55,0,2330E
R158,1033,2007,50,55,0,2330E
R159,1036,2009,50,55,0,2310E
R160,1041,2013,50,55,0,2310E
R161,1045,2015,50,55,0,2310E
R162,1048,2016,50,55,0,2320E
R163,1053,2018,50,55,0,2320E
R164,1057,2020,50,55,0,2320E
R165,1060,2022,50,55,0,2330E
R166,1064,2024,50,55,0,2330E
R167,1068,2028,50,55,0,2330E
R168,1072,2030,50,55,0,2340E
R169,1075,2033,50,55,0,2340E
R170,1079,2037,50,55,0,2340E
R171,1083,2040,50,55,0,2320E
R172,1086,2043,50,55,0,2320E
R173,1091,2046,50,55,0,2320E
R174,1094,2050,50,55,0,2310E
R175,1098,2053,50,55,0,2310E
R176,1102,2055,50,55,0,2310E
R177,1105,2057,50,55,0,2300E
R178,1109,2059,50,55,0,2300E
R179,1113,2060,50,55,0,2300E
R180,1117,2061,50,55,0,2310E
R181,1120,2063,50,55,0,2310E
R182,1123,2064,50,55,0,2310E
R183,1127,2066,50,55,0,2270E
R184,1130,2069,50,55,0,2270E
R185,1134,2071,50,55,0,2270E
R186,1138,2073,50,55,0,2260E
R187,1141,2075,50,55,0,2260E
R188,1144,2078,50,55,0,2260E
R189,1149,2082,50,55,0,2260E
R190,1152,2085,50,55,0,2260E
R191,1155,2090,50,55,0,2260E
R192,1159,2092,50,55,0,2230E
R193,1163,2094,50,55,0,2230E
R194,1166,2097,50,55,0,2230E
R195,1169,2099,50,55,0,2200E
R196,1174,2102,50,55,0,2200E
R197,1177,2104,50,55,0,2200E
R198,1180,2107,50,55,0,2200E
R199,1184,2110,50,55,0,2200E
R200,1187,2112,50,55,0,2200E
R201,1191,2115,50,55,0,2170E
R202,1194,2117,50,55,0,2170E
R203,1198,2119,50,55,0,2170E
R204,1201,2120,50,55,0,2150E
R205,1204,2123,50,55,0,2150E
R206,1208,2125,50,55,0,2150E
R207,1211,2127,50,55,0,2160E
R208,1214,2129,50,55,0,2160E
R209,1218,2131,50,55,0,2160E
R210,1221,2133,50,55,0,2140E
R211,1225,2135,50,55,0,2140E
R212,1229,2136,50,55,0,2140E
R213,1232,2138,50,55,0,2140E
R214,1236,2140,50,55,0,2140E
R215,1239,2142,50,55,0,2140E
R216,1243,2145,50,55,0,2150E
R217,1246,2148,50,55,0,2150E
R218,1250,2152,50,55,0,2150E
R219,1254,2154,50,51,0,2150E
R220,1257,2156,50,50,0,2150E
R221,1260,2157,50,50,0,2150E
R222,1264,2158,50,50,0,2140E
R223,1267,2159,50,50,0,2140E
R224,1270,2160,50,50,0,2140E
R225,1274,2161,50,50,0,2120E
R226,1277,2161,50,50,0,2120E
R227,1280,2162,50,50,0,2120E
R228,1283,2162,50,50,0,2090E
R229,1287,2162,50,50,0,2090E
R230,1290,2162,50,50,0,2090E
R231,1292,2162,50,50,0,2050E
R232,1296,2162,50,50,0,2050E
R233,1299,2162,50,50,0,2050E
R234,1302,2163,50,50,0,2040E
R235,1306,2164,50,50,0,2040E
R236,1308,2166,50,50,0,2040E
R237,1311,2167,50,50,0,2010E
R238,1315,2169,50,50,0,2010E
R239,1318,2171,50,50,0,2010E
R240,1320,2172,50,50,0,1980E
R241,1323,2174,50,50,0,1980E
R242,1327,2176,50,50,0,1980E
R243,1330,2176,50,50,0,1980E
R244,1332,2177,50,50,0,1980E
R245,1336,2178,50,50,0,1980E
R246,1338,2179,50,50,0,1940E
R247,1341,2181,50,50,0,1940E
R248,1345,2182,50,50,0,1940E
R249,1347,2184,50,50,0,1910E
R250,1349,2185,50,50,0,1910E
R251,1353,2186,50,50,0,1910E
R252,1355,2188,50,50,0,1870E
R253,1358,2191,50,50,0,1870E
R254,1361,2192,50,50,0,1870E
R255,1364,2194,50,50,0,1860E
R256,1367,2195,50,47,0,1860E
R257,1369,2196,50,45,0,1860E
R258,1373,2196,50,45,0,1850E
R259,1375,2197,50,45,0,1850E
R260,1378,2198,50,45,0,1850E
R261,1381,2198,50,45,0,1810E
R262,1383,2198,50,45,0,1810E
R263,1386,2199,50,45,0,1810E
R264,1389,2200,50,45,0,1780E
R265,1391,2201,50,45,0,1780E
R266,1394,2202,50,45,0,1780E
R267,1397,2203,50,45,0,1750E
R268,1400,2203,50,45,0,1750E
R269,1402,2204,50,45,0,1750E
R270,1404,2205,50,45,0,1700E
R271,1408,2207,50,45,0,1700E
R272,1410,2208,50,45,0,1700E
R273,1412,2210,50,45,0,1680E
R274,1415,2211,50,45,0,1680E
R275,1418,2213,50,45,0,1680E
R276,1420,2214,50,45,0,1670E
R277,1423,2216,50,45,0,1670E
R278,1426,2218,50,45,0,1670E
R279,1428,2219,50,45,0,1660E
R280,1431,2221,50,45,0,1660E
R281,1434,2222,50,45,0,1660E
R282,1436,2222,50,45,0,1650E
R283,1439,2223,50,45,0,1650E
R284,1442,2224,50,45,0,1650E
R285,1445,2225,50,45,0,1640E
R286,1447,2226,50,45,0,1640E
R287,1449,2227,50,45,0,1640E
R288,1452,2228,50,45,0,1640E
R289,1454,2229,50,45,0,1640E
R290,1457,2230,50,45,0,1640E
R291,1459,2231,50,45,0,1610E
R292,1461,2232,50,45,0,1610E
R293,1464,2234,50,45,0,1610E
R294,1467,2236,50,45,0,1610E
R295,1469,2237,50,45,0,1610E
R296,1471,2239,50,45,0,1610E
R297,1474,2240,50,45,0,1590E
R298,1477,2242,50,45,0,1590E
R299,1479,2244,50,45,0,1590E
R300,1482,2246,50,45,0,1590E
R301,1484,2247,50,45,0,1590E
R302,1486,2248,50,45,0,1590E
R303,1488,2248,50,45,0,1550E
R304,1491,2250,50,45,0,1550E
R305,1493,2251,50,45,0,1550E
R306,1495,2252,50,45,0,1530E
R307,1498,2254,50,45,0,1530E
R308,1500,2256,50,45,0,1530E
R309,1502,2258,50,45,0,1510E
R310,1505,2260,50,45,0,1510E
R311,1507,2262,50,45,0,1510E
R312,1509,2263,50,45,0,1490E
R313,1512,2265,50,45,0,1490E
R314,1514,2268,50,45,0,1490E
R315,1516,2271,50,45,0,1480E
R316,1519,2274,50,45,0,1480E
R317,1521,2277,50,45,0,1480E
R318,1524,2279,50,45,0,1500E
R319,1526,2279,50,45,0,1500E
R320,1528,2280,50,45,0,1500E
R321,1531,2281,50,45,0,1460E
R322,1533,2281,50,45,0,1460E
R323,1535,2281,50,41,0,1460E
R324,1537,2281,50,40,0,1450E
R325,1540,2280,50,39,0,1450E
R326,1542,2279,50,39,0,1450E
R327,1544,2279,50,39,0,1440E
R328,1546,2278,50,39,0,1440E
R329,1548,2278,50,39,0,1440E
R330,1551,2277,50,39,0,1440E
R331,1553,2277,50,39,0,1440E
R332,1555,2277,50,39,0,1440E
R333,1558,2276,50,39,0,1430E
R334,1560,2276,50,39,0,1430E
R335,1562,2276,50,39,0,1430E
R336,1564,2276,50,39,0,1410E
R337,1566,2276,50,39,0,1410E
R338,1568,2276,50,39,0,1410E
R339,1570,2277,50,39,0,1390E
R340,1572,2277,50,39,0,1390E
R341,1574,2279,50,39,0,1390E
R342,1576,2281,50,39,0,1360E
R343,1578,2282,50,39,0,1360E
R344,1580,2284,50,39,0,1360E
R345,1582,2284,50,39,0,1340E
R346,1585,2286,50,39,0,1340E
R347,1587,2287,50,39,0,1340E
R348,1589,2288,50,39,0,1320E
R349,1591,2288,50,39,0,1320E
R350,1593,2288,50,39,0,1320E
R351,1595,2289,50,39,0,1330E
R352,1597,2290,50,39,0,1330E
R353,1599,2291,50,39,0,1330E
R354,1601,2292,50,39,0,1320E
R355,1603,2292,50,39,0,1320E
R356,1605,2293,50,39,0,1320E
R357,1607,2293,50,39,0,1280E
R358,1608,2293,50,39,0,1280E
R359,1610,2294,50,39,0,1280E
R360,1612,2294,50,39,0,1270E
R361,1614,2294,50,39,0,1270E
R362,1616,2295,50,39,0,1270E
R363,1618,2295,50,39,0,1260E
R364,1620,2297,50,39,0,1260E
R365,1622,2298,50,39,0,1260E
R366,1624,2299,50,39,0,1250E
R367,1626,2300,50,39,0,1250E
R368,1627,2302,50,39,0,1250E
R369,1629,2303,50,39,0,1220E
R370,1631,2305,50,39,0,1220E
R371,1633,2305,50,39,0,1220E
R372,1635,2307,50,39,0,1220E
R373,1637,2309,50,39,0,1220E
R374,1639,2311,50,39,0,1220E
R375,1641,2312,50,39,0,1210E
R376,1643,2313,50,39,0,1210E
R377,1645,2314,50,39,0,1210E
R378,1646,2315,50,39,0,1190E
R379,1649,2317,50,39,0,1190E
R380,1650,2318,50,39,0,1190E
R381,1652,2320,50,39,0,1190E
R382,1654,2322,50,39,0,1190E
R383,1656,2323,50,39,0,1190E
R384,1658,2324,50,39,0,1190E
R385,1660,2324,50,39,0,1190E
R386,1662,2325,50,39,0,1190E
R387,1664,2325,50,39,0,1190E
R388,1666,2325,50,39,0,1190E
R389,1668,2325,50,39,0,1190E
R390,1669,2326,50,39,0,1180E
R391,1671,2327,50,39,0,1180E
R392,1673,2328,50,39,0,1180E
R393,1674,2330,50,39,0,1160E
R394,1676,2332,50,39,0,1160E
R395,1679,2334,50,39,0,1160E
R396,1681,2336,50,39,0,1180E
R397,1682,2337,50,39,0,1180E
R398,1685,2337,50,39,0,1180E
R399,1686,2338,50,39,0,1160E
R400,1688,2339,50,39,0,1160E
R401,1689,2340,50,39,0,1160E
R402,1692,2340,50,39,0,1140E
R403,1693,2341,50,39,0,1140E
R404,1695,2342,50,39,0,1140E
R405,1698,2343,50,39,0,1150E
R406,1700,2344,50,39,0,1150E
R407,1701,2345,50,39,0,1150E
R408,1703,2347,50,39,0,1150E
R409,1705,2349,50,39,0,1150E
R410,1707,2351,50,39,0,1150E
R411,1709,2352,50,39,0,1160E
R412,1711,2353,50,39,0,1160E
R413,1712,2355,50,39,0,1160E
R414,1714,2356,50,39,0,1140E
R415,1716,2357,50,39,0,1140E
R416,1718,2357,50,39,0,1140E
R417,1720,2358,50,39,0,1150E
R418,1722,2359,50,39,0,1150E
R419,1723,2360,50,39,0,1150E
R420,1725,2360,50,39,0,1130E
R421,1727,2360,50,39,0,1130E
R422,1729,2361,50,39,0,1130E
R423,1731,2361,50,39,0,1120E
R424,1733,2362,50,39,0,1120E
R425,1735,2363,50,39,0,1120E
R426,1736,2364,50,39,0,1130E
R427,1738,2365,50,39,0,1130E
R428,1740,2366,50,39,0,1130E
R429,1742,2367,50,39,0,1130E
R430,1743,2369,50,39,0,1130E
R431,1745,2371,50,39,0,1130E
R432,1747,2372,50,39,0,1120E
R433,1748,2372,50,39,0,1120E
R434,1750,2373,50,39,0,1120E
R435,1752,2373,50,39,0,1110E
R436,1753,2373,50,39,0,1110E
R437,1755,2373,50,39,0,1110E
R438,1757,2373,50,39,0,1100E
R439,1759,2375,50,39,0,1100E
R440,1760,2377,50,39,0,1100E
R441,1762,2378,50,39,0,1090E
R442,1764,2380,50,39,0,1090E
R443,1766,2381,50,39,0,1090E
R444,1768,2382,50,39,0,1080E
R445,1769,2383,50,39,0,1080E
R446,1771,2384,50,39,0,1080E
R447,1773,2385,50,39,0,1090E
R448,1775,2385,50,39,0,1090E
R449,1776,2386,50,39,0,1090E
R450,1777,2387,50,39,0,1060E
R451,1779,2388,50,39,0,1060E
R452,1781,2389,50,39,0,1060E
R453,1783,2390,50,39,0,1080E
R454,1784,2391,50,39,0,1080E
R455,1786,2393,50,39,0,1080E
R456,1787,2395,50,39,0,1040E
R457,1789,2396,50,39,0,1040E
R458,1791,2398,50,39,0,1040E
R459,1792,2399,50,39,0,1040E
R460,1794,2400,50,39,0,1040E
R461,1796,2401,50,39,0,1040E
R462,1797,2401,50,39,0,1030E
R463,1799,2402,50,39,0,1030E
R464,1800,2403,50,39,0,1030E
R465,1802,2403,50,39,0,1030E
R466,1804,2404,50,39,0,1030E
R467,1806,2405,50,39,0,1030E
R468,1808,2407,50,39,0,1050E
R469,1809,2408,50,39,0,1050E
R470,1811,2409,50,39,0,1050E
R471,1813,2411,50,39,0,1020E
R472,1814,2412,50,39,0,1020E
R473,1816,2414,50,39,0,1020E
R474,1818,2416,50,39,0,1020E
R475,1819,2417,50,39,0,1020E
R476,1821,2419,50,39,0,1020E
R477,1823,2420,50,39,0,1040E
R478,1825,2422,50,39,0,1040E
R479,1826,2424,50,39,0,1040E
R480,1828,2426,50,39,0,1030E
R481,1830,2428,50,39,0,1030E
R482,1831,2430,50,39,0,1030E
R483,1833,2431,50,39,0,1030E
R484,1835,2433,50,39,0,1030E
R485,1837,2435,50,39,0,1030E
R486,1839,2435,50,39,0,1040E
R487,1841,2436,50,39,0,1040E
R488,1842,2437,50,39,0,1040E
R489,1844,2438,50,39,0,1040E
R490,1846,2439,50,39,0,1040E
R491,1847,2440,50,39,0,1040E
R492,1848,2441,50,39,0,1010E
R493,1850,2443,50,39,0,1010E
R494,1852,2444,50,39,0,1010E
R495,1853,2445,50,39,0,1010E
R496,1855,2446,50,39,0,1010E
R497,1856,2447,50,39,0,1010E
R498,1858,2449,50,39,0,1010E
R499,1860,2449,50,39,0,1010E
R500,1862,2450,50,39,0,1010E
R501,1863,2450,50,39,0,1010E
R502,1865,2451,50,39,0,1010E
R503,1867,2452,50,39,0,1010E
R504,1868,2453,50,39,0,1010E
R505,1870,2455,50,39,0,1010E
R506,1872,2456,50,39,0,1010E
R507,1873,2458,50,39,0,1010E
R508,1875,2459,50,39,0,1010E
R509,1877,2459,50,39,0,1010E
R510,1879,2461,50,39,0,1020E
R511,1880,2462,50,39,0,1020E
R512,1882,2463,50,39,0,1020E
R513,1883,2465,50,39,0,1000E
R514,1885,2467,50,39,0,1000E
R515,1886,2470,50,39,0,1000E
R516,1888,2471,50,39,0,1000E
R517,1890,2472,50,39,0,1000E
R518,1891,2474,50,39,0,1000E
R519,1894,2476,50,39,0,1020E
R520,1895,2478,50,39,0,1020E
R521,1897,2479,50,30,0,1020E
R522,1898,2479,50,30,0,1000E
R523,1899,2478,50,30,0,1000E
R524,1901,2477,50,30,0,1000E
R525,1902,2477,50,30,0,980E
R526,1904,2476,50,30,0,980E
R527,1906,2475,50,30,0,980E
R528,1907,2475,50,30,0,980E
R529,1909,2475,50,30,0,980E
R530,1911,2474,50,30,0,980E
R531,1912,2474,50,30,0,980E
R532,1914,2473,50,30,0,980E
R533,1915,2473,50,30,0,980E
R534,1917,2472,50,30,0,980E
R535,1919,2472,50,30,0,980E
R536,1920,2472,50,30,0,980E
R537,1922,2472,50,30,0,980E
R538,1924,2472,50,30,0,980E
R539,1926,2472,50,30,0,980E
R540,1927,2473,51,30,0,980E
R541,1929,2474,51,30,0,980E
R542,1930,2475,51,30,0,980E
R543,1932,2475,51,30,0,970E
R544,1933,2476,51,30,0,970E
R545,1935,2477,56,30,0,970E
R546,1936,2478,58,30,0,970E
R547,1937,2480,58,30,0,970E
R548,1939,2480,59,30,0,970E
R549,1939,2481,60,30,0,940E
R550,1940,2482,60,30,0,940E
R551,1941,2483,60,30,0,940E
R552,1942,2484,60,30,0,910E
R553,1944,2486,60,30,0,910E
R554,1945,2487,60,30,0,910E
R555,1947,2489,60,30,0,920E
R556,1949,2491,60,30,0,920E
R557,1951,2493,60,30,0,920E
R558,1953,2493,60,30,0,950E
R559,1954,2494,60,30,0,950E
R560,1956,2495,60,30,0,950E
R561,1957,2496,60,30,0,930E
R562,1958,2496,60,30,0,930E
R563,1960,2496,60,30,0,930E
R564,1961,2497,60,30,0,910E
R565,1963,2498,60,30,0,910E
R566,1964,2498,60,30,0,910E
R567,1966,2498,60,30,0,920E
R568,1968,2499,60,30,0,920E
R569,1969,2499,60,30,0,920E
R570,1971,2499,60,30,0,930E
R571,1973,2499,60,30,0,930E
R572,1974,2499,60,30,0,930E
R573,1975,2500,60,30,0,920E
R574,1977,2501,60,30,0,920E
R575,1978,2502,60,30,0,920E
R576,1980,2502,60,28,0,930E
R577,1982,2502,60,24,0,930E
R578,1983,2503,60,23,0,930E
R579,1985,2504,60,20,0,930E
R580,1986,2505,60,20,0,930E
R581,1988,2505,60,20,0,930E
R582,1989,2503,60,20,0,920E
R583,1990,2502,60,20,0,920E
R584,1992,2499,60,20,0,920E
R585,1993,2497,60,20,0,910E
R586,1995,2494,60,20,0,910E
R587,1996,2490,60,20,0,910E
R588,1998,2486,60,20,0,920E
R589,1999,2484,60,20,0,920E
R590,2000,2480,60,20,0,920E
R591,2002,2478,60,20,0,900E
R592,2004,2476,60,20,0,900E
R593,2005,2474,60,20,0,900E
R594,2006,2472,60,20,0,890E
R595,2007,2470,60,17,0,890E
R596,2009,2469,60,16,0,890E
R597,2010,2466,60,17,0,880E
R598,2012,2464,60,17,0,880E
R599,2013,2463,60,17,0,880E
R600,2015,2461,60,17,0,890E
R601,2017,2458,60,17,0,890E
R602,2018,2456,60,17,0,890E
R603,2019,2453,60,17,0,880E
R604,2021,2450,60,17,0,880E
R605,2022,2448,60,17,0,880E
R606,2023,2445,60,17,0,870E
R607,2025,2443,60,16,0,870E
R608,2026,2441,60,15,0,870E
R609,2027,2438,60,15,0,870E
R610,2029,2437,60,15,0,870E
R611,2030,2434,60,15,0,870E
R612,2031,2432,60,15,0,860E
R613,2032,2430,60,15,0,860E
R614,2034,2428,60,15,0,860E
R615,2035,2426,60,15,0,850E
R616,2036,2425,60,15,0,850E
R617,2038,2423,60,15,0,850E
R618,2039,2421,60,15,0,850E
R619,2040,2420,60,15,0,850E
R620,2041,2419,60,15,0,850E
R621,2042,2417,60,15,0,830E
R622,2043,2416,60,15,0,830E
R623,2044,2415,60,15,0,830E
R624,2045,2414,60,15,0,800E
R625,2045,2414,60,15,0,800E
R626,2046,2413,60,15,0,800E
R627,2047,2412,60,15,0,760E
R628,2048,2412,60,15,0,760E
R629,2049,2411,60,15,0,760E
R630,2049,2411,60,15,0,710E
R631,2050,2411,60,15,0,710E
R632,2051,2411,60,15,0,710E
R633,2052,2411,60,15,0,690E
R634,2053,2411,60,15,0,690E
R635,2055,2410,60,15,0,690E
R636,2056,2410,60,15,0,710E
R637,2056,2410,60,15,0,710E
R638,2057,2410,60,15,0,710E
R639,2058,2410,60,15,0,640E
R640,2059,2410,60,15,0,640E
R641,2060,2410,60,15,0,640E
R642,2060,2410,60,15,0,630E
R643,2061,2411,60,15,0,630E
R644,2061,2411,60,15,0,630E
R645,2062,2412,60,15,0,590E
R646,2064,2412,60,15,0,590E
R647,2065,2412,60,15,0,590E
R648,2066,2412,60,15,0,630E
R649,2067,2412,60,15,0,630E
R650,2068,2412,60,15,0,630E
R651,2069,2412,60,15,0,620E
R652,2069,2412,60,15,0,620E
R653,2071,2412,60,15,0,620E
R654,2071,2412,60,15,0,590E
R655,2072,2412,60,15,0,590E
R656,2074,2412,60,15,0,590E
R657,2075,2412,60,15,0,620E
R658,2076,2412,60,15,0,620E
R659,2078,2412,60,15,0,620E
R660,2079,2412,60,15,0,650E
R661,2080,2412,60,15,0,650E
R662,2081,2413,60,15,0,650E
R663,2082,2414,60,15,0,640E
R664,2083,2414,60,15,0,640E
R665,2083,2414,60,15,0,640E
R666,2083,2414,60,15,0,580E
R667,2084,2414,60,15,0,580E
R668,2084,2415,60,15,0,580E
R669,2085,2416,60,15,0,550E
R670,2085,2417,60,15,0,550E
R671,2085,2417,60,15,0,550E
R672,2085,2417,60,15,0,460E
R673,2087,2417,60,15,0,460E
R674,2088,2417,60,15,0,460E
R675,2090,2418,60,15,0,570E
R676,2091,2419,60,15,0,570E
R677,2091,2420,60,15,0,570E
R678,2093,2421,60,15,0,570E
R679,2094,2423,60,15,0,570E
P1673,750,73,1600,353,2000,589,132,90,2095,679E
