R1,1796,2413,56,50,0,3800E
R2,1804,2436,56,50,0,3800E
R3,1809,2446,56,50,0,3970E
R4,1808,2452,56,50,0,3970E
R5,1794,2445,56,50,0,3970E
R6,1754,2415,56,50,0,-1700E
R7,1714,2368,56,50,0,-1700E
R8,1672,2327,56,50,0,-1700E
R9,1627,2278,56,50,0,-9500E
R10,1582,2223,56,50,0,-9500E
R11,1542,2179,56,50,0,-9500E
R12,1503,2115,56,50,0,-9500E
R13,1464,2084,56,50,0,-9500E
R14,1440,2045,56,50,0,-9500E
R15,1394,2001,56,50,0,-9500E
R16,1365,1970,56,50,0,-9500E
R17,1325,1933,56,50,0,-9500E
R18,1300,1906,56,50,0,-9500E
R19,1277,1881,56,50,0,-9500E
R20,1253,1853,56,50,0,-9500E
R21,1211,1822,56,50,0,-9500E
R22,1199,1812,56,50,0,-9500E
R23,1176,1789,56,50,0,-9500E
R24,1152,1778,56,50,0,-9500E
R25,1126,1762,56,50,0,-9500E
R26,1101,1749,56,50,0,-9500E
R27,1092,1734,56,50,0,-9500E
R28,1066,1722,56,50,0,-9500E
R29,1055,1708,56,50,0,-9500E
R30,1029,1698,56,50,0,-9500E
R31,1022,1690,56,50,0,-9500E
R32,1010,1679,56,50,0,-9500E
R33,994,1671,56,50,0,-9500E
R34,981,1665,56,50,0,-9500E
R35,968,1660,56,50,0,-9500E
R36,956,1655,56,50,0,-8690E
R37,944,1651,56,50,0,-8690E
R38,933,1647,56,50,0,-8690E
R39,922,1644,56,50,0,-7330E
R40,913,1642,56,50,0,-7330E
R41,902,1640,56,50,0,-7330E
R42,893,1639,56,50,0,-6440E
R43,886,1639,56,50,0,-6440E
R44,876,1638,56,50,0,-6440E
R45,867,1637,56,50,0,-5440E
R46,861,1636,56,50,0,-5440E
R47,853,1636,56,50,0,-5440E
R48,846,1636,56,50,0,-4920E
R49,841,1636,56,50,0,-4920E
R50,836,1637,56,50,0,-4920E
R51,831,1638,56,53,0,-3900E
R52,826,1640,56,70,0,-3900E
R53,821,1642,56,80,0,-3900E
R54,816,1643,56,85,0,-3350E
R55,812,1645,56,85,0,-3350E
R56,808,1648,56,85,0,-3350E
R57,803,1651,56,85,0,-2940E
R58,800,1654,56,85,0,-2940E
R59,797,1660,56,85,0,-2940E
R60,794,1667,56,85,0,-2390E
R61,792,1673,56,85,0,-2390E
R62,790,1682,56,85,0,-2390E
R63,789,1690,56,85,0,-1680E
R64,787,1698,56,85,0,-1680E
R65,785,1706,56,85,0,-1680E
R66,784,1716,56,85,0,-1300E
R67,784,1728,56,85,0,-1300E
R68,783,1735,56,85,0,-1300E
R69,783,1744,56,85,0,-770E
R70,783,1754,56,85,0,-770E
R71,783,1762,56,85,0,-770E
R72,783,1771,56,85,0,-380E
R73,783,1779,56,85,0,-380E
R74,783,1788,56,85,0,-380E
R75,783,1793,56,85,0,-200E
R76,784,1800,56,85,0,-200E
R77,786,1805,56,85,0,-200E
R78,787,1811,56,85,0,190E
R79,788,1815,56,85,0,190E
R80,790,1822,56,85,0,190E
R81,792,1829,56,85,0,540E
R82,794,1835,56,85,0,540E
R83,796,1840,56,85,0,540E
R84,798,1848,56,85,0,830E
R85,799,1854,56,85,0,830E
R86,802,1859,56,85,0,830E
R87,804,1865,56,85,0,990E
R88,806,1870,56,85,0,990E
R89,808,1876,56,85,0,990E
R90,811,1882,56,85,0,1140E
R91,814,1888,56,85,0,1140E
R92,817,1893,56,85,0,1140E
R93,820,1898,56,85,0,1360E
R94,822,1904,56,85,0,1360E
R95,825,1908,56,85,0,1360E
R96,828,1912,56,85,0,1440E
R97,831,1917,56,85,0,1440E
R98,834,1921,56,85,0,1440E
R99,837,1924,56,85,0,1550E
R100,840,1928,56,85,0,1550E
R101,842,1931,56,85,0,1550E
R102,845,1933,56,85,0,1570E
R103,849,1936,56,85,0,1570E
R104,852,1939,56,85,0,1570E
R105,855,1941,56,85,0,1670E
R106,858,1944,56,85,0,1670E
R107,861,1947,56,85,0,1670E
R108,865,1954,56,85,0,1750E
R109,869,1960,56,85,0,1750E
R110,873,1965,56,85,0,1750E
R111,876,1971,56,85,0,1860E
R112,879,1976,56,85,0,1860E
R113,883,1980,56,85,0,1860E
R114,887,1984,56,85,0,1950E
R115,891,1990,56,85,0,1950E
R116,895,1993,56,85,0,1950E
R117,898,1996,56,85,0,2010E
R118,902,2001,56,85,0,2010E
R119,906,2004,56,85,0,2010E
R120,909,2007,56,85,0,2060E
R121,913,2010,56,85,0,2060E
R122,917,2014,56,85,0,2060E
R123,921,2017,56,85,0,2130E
R124,924,2020,56,85,0,2130E
R125,928,2024,56,85,0,2130E
R126,932,2027,56,85,0,2150E
R127,935,2030,56,85,0,2150E
R128,939,2033,56,85,0,2150E
R129,943,2035,56,85,0,2160E
R130,947,2038,56,85,0,2160E
R131,950,2040,56,85,0,2160E
R132,955,2045,56,85,0,2200E
R133,958,2049,56,85,0,2200E
R134,962,2052,56,85,0,2200E
R135,967,2056,56,85,0,2230E
R136,971,2058,56,85,0,2230E
R137,974,2061,56,85,0,2230E
R138,978,2063,56,85,0,2230E
R139,982,2067,56,85,0,2230E
R140,986,2070,56,85,0,2230E
R141,989,2072,56,85,0,2220E
R142,994,2076,56,85,0,2220E
R143,997,2078,56,85,0,2220E
R144,1000,2081,56,85,0,2220E
R145,1005,2085,56,85,0,2220E
R146,1009,2089,56,85,0,2220E
R147,1013,2094,56,85,0,2260E
R148,1017,2098,56,85,0,2260E
R149,1021,2103,56,85,0,2260E
R150,1025,2106,56,85,0,2280E
R151,1029,2109,56,85,0,2280E
R152,1032,2112,56,85,0,2280E
R153,1036,2116,56,85,0,2270E
R154,1039,2120,56,85,0,2270E
R155,1044,2124,56,85,0,2270E
R156,1048,2127,56,85,0,2260E
R157,1050,2129,56,85,0,2260E
R158,1055,2131,56,85,0,2260E
R159,1058,2134,56,85,0,2250E
R160,1061,2137,56,85,0,2250E
R161,1066,2140,56,85,0,2250E
R162,1069,2142,56,85,0,2250E
R163,1073,2145,56,85,0,2250E
R164,1076,2149,56,85,0,2250E
R165,1081,2151,56,85,0,2240E
R166,1083,2154,56,85,0,2240E
R167,1088,2157,56,85,0,2240E
R168,1092,2159,56,85,0,2240E
R169,1095,2162,56,85,0,2240E
R170,1098,2164,56,85,0,2240E
R171,1102,2165,56,85,0,2230E
R172,1106,2167,56,85,0,2230E
R173,1109,2169,56,85,0,2230E
R174,1113,2172,56,85,0,2230E
R175,1117,2175,56,85,0,2230E
R176,1120,2178,56,85,0,2230E
R177,1124,2182,56,85,0,2230E
R178,1128,2185,56,85,0,2230E
R179,1132,2188,56,85,0,2230E
R180,1135,2191,56,85,0,2220E
R181,1139,2192,56,85,0,2220E
R182,1142,2194,56,85,0,2220E
R183,1145,2195,56,85,0,2200E
R184,1150,2196,56,85,0,2200E
R185,1153,2197,56,85,0,2200E
R186,1156,2198,56,85,0,2200E
R187,1159,2201,56,85,0,2200E
R188,1163,2203,56,85,0,2200E
R189,1166,2205,56,85,0,2190E
R190,1169,2208,56,85,0,2190E
R191,1173,2212,56,85,0,2190E
R192,1175,2216,56,85,0,2150E
R193,1178,2220,56,85,0,2150E
R194,1182,2225,56,85,0,2150E
R195,1185,2227,56,85,0,2130E
R196,1189,2229,56,85,0,2130E
R197,1192,2232,56,85,0,2130E
R198,1195,2234,56,85,0,2120E
R199,1199,2236,56,85,0,2120E
R200,1202,2238,56,85,0,2120E
R201,1206,2241,56,85,0,2130E
R202,1209,2243,56,85,0,2130E
R203,1212,2246,56,85,0,2130E
R204,1216,2250,56,85,0,2110E
R205,1219,2253,56,85,0,2110E
R206,1222,2256,56,85,0,2110E
R207,1225,2259,56,85,0,2080E
R208,1229,2261,56,85,0,2080E
R209,1232,2263,56,85,0,2080E
R210,1236,2265,56,85,0,2090E
R211,1239,2269,56,85,0,2090E
R212,1242,2273,56,85,0,2090E
R213,1245,2277,56,85,0,2060E
R214,1248,2281,56,85,0,2060E
R215,1251,2285,56,85,0,2060E
R216,1254,2288,56,85,0,2020E
R217,1258,2291,56,85,0,2020E
R218,1260,2293,56,85,0,2020E
R219,1263,2293,56,85,0,1990E
R220,1267,2294,56,85,0,1990E
R221,1270,2296,56,85,0,1990E
R222,1273,2297,56,85,0,1990E
R223,1276,2299,56,85,0,1990E
R224,1280,2301,56,85,0,1990E
R225,1283,2304,56,85,0,1990E
R226,1286,2305,56,85,0,1990E
R227,1290,2306,56,85,0,1990E
R228,1293,2307,56,85,0,1990E
R229,1295,2308,56,85,0,1990E
R230,1299,2310,56,85,0,1990E
R231,1302,2311,56,85,0,1970E
R232,1305,2313,56,85,0,1970E
R233,1308,2315,56,84,0,1970E
R234,1311,2316,56,78,0,1950E
R235,1314,2318,56,76,0,1950E
R236,1318,2320,56,76,0,1950E
R237,1321,2321,56,75,0,1950E
R238,1324,2323,56,75,0,1950E
R239,1326,2324,56,75,0,1950E
R240,1329,2325,56,75,0,1910E
R241,1332,2327,56,75,0,1910E
R242,1335,2329,56,75,0,1910E
R243,1338,2329,56,75,0,1900E
R244,1341,2330,56,75,0,1900E
R245,1343,2331,56,75,0,1900E
R246,1346,2332,56,75,0,1860E
R247,1349,2334,56,75,0,1860E
R248,1352,2335,56,75,0,1860E
R249,1354,2336,56,75,0,1820E
R250,1357,2338,56,75,0,1820E
R251,1360,2339,56,75,0,1820E
R252,1363,2340,56,75,0,1790E
R253,1366,2341,56,75,0,1790E
R254,1368,2343,56,75,0,1790E
R255,1371,2345,56,75,0,1760E
R256,1374,2347,56,75,0,1760E
R257,1376,2347,56,75,0,1760E
R258,1378,2348,56,75,0,1730E
R259,1381,2348,56,75,0,1730E
R260,1384,2348,56,75,0,1730E
R261,1387,2348,56,75,0,1740E
R262,1389,2348,56,75,0,1740E
R263,1392,2350,56,75,0,1740E
R264,1394,2351,56,75,0,1690E
R265,1397,2352,56,75,0,1690E
R266,1400,2353,56,75,0,1690E
R267,1403,2354,56,75,0,1710E
R268,1405,2355,56,75,0,1710E
R269,1408,2356,56,75,0,1710E
R270,1410,2358,56,75,0,1660E
R271,1413,2359,56,75,0,1660E
R272,1415,2360,56,75,0,1660E
R273,1418,2361,56,75,0,1650E
R274,1420,2363,56,75,0,1650E
R275,1422,2364,56,75,0,1650E
R276,1425,2367,56,75,0,1610E
R277,1427,2369,56,75,0,1610E
R278,1429,2372,56,75,0,1610E
R279,1432,2374,56,75,0,1580E
R280,1434,2376,56,75,0,1580E
R281,1436,2378,56,75,0,1580E
R282,1439,2380,56,75,0,1550E
R283,1442,2381,56,75,0,1550E
R284,1444,2382,56,75,0,1550E
R285,1446,2384,56,75,0,1520E
R286,1449,2385,56,75,0,1520E
R287,1451,2388,56,75,0,1520E
R288,1453,2390,56,75,0,1500E
R289,1456,2393,56,75,0,1500E
R290,1458,2396,56,75,0,1500E
R291,1461,2397,56,75,0,1520E
R292,1463,2398,56,75,0,1520E
R293,1466,2399,56,75,0,1520E
R294,1468,2399,56,75,0,1500E
R295,1471,2401,56,75,0,1500E
R296,1473,2401,56,75,0,1500E
R297,1475,2401,56,75,0,1490E
R298,1477,2402,56,75,0,1490E
R299,1480,2402,56,75,0,1490E
R300,1482,2402,56,75,0,1470E
R301,1484,2402,56,75,0,1470E
R302,1486,2402,56,75,0,1470E
R303,1488,2403,56,75,0,1440E
R304,1490,2404,56,75,0,1440E
R305,1493,2405,56,75,0,1440E
R306,1495,2406,56,75,0,1430E
R307,1497,2406,56,75,0,1430E
R308,1499,2407,56,75,0,1430E
R309,1501,2409,56,75,0,1400E
R310,1503,2411,56,75,0,1400E
R311,1505,2414,56,75,0,1400E
R312,1508,2416,56,75,0,1400E
R313,1509,2418,56,75,0,1400E
R314,1511,2420,56,75,0,1400E
R315,1514,2422,56,69,0,1380E
R316,1516,2424,56,69,0,1380E
R317,1518,2426,56,69,0,1380E
R318,1521,2428,56,69,0,1380E
R319,1523,2428,56,69,0,1380E
R320,1525,2428,56,69,0,1380E
R321,1527,2428,56,69,0,1360E
R322,1529,2427,56,69,0,1360E
R323,1532,2428,56,69,0,1360E
R324,1534,2429,56,69,0,1360E
R325,1536,2430,56,69,0,1360E
R326,1539,2430,56,69,0,1360E
R327,1541,2431,56,69,0,1370E
R328,1544,2432,56,69,0,1370E
R329,1546,2434,56,69,0,1370E
R330,1548,2435,56,69,0,1370E
R331,1550,2436,56,69,0,1370E
R332,1552,2439,56,69,0,1370E
R333,1554,2439,56,69,0,1350E
R334,1556,2439,56,68,0,1350E
R335,1558,2439,56,66,0,1350E
R336,1560,2439,56,65,0,1340E
R337,1562,2440,56,65,0,1340E
R338,1564,2440,56,65,0,1340E
R339,1566,2440,56,65,0,1320E
R340,1568,2439,56,65,0,1320E
R341,1570,2439,56,65,0,1320E
R342,1572,2439,56,65,0,1310E
R343,1574,2440,56,65,0,1310E
R344,1577,2442,56,65,0,1310E
R345,1579,2443,56,65,0,1320E
R346,1581,2443,56,65,0,1320E
R347,1583,2444,56,65,0,1320E
R348,1585,2445,56,65,0,1310E
R349,1587,2446,50,65,0,1310E
R350,1589,2448,56,65,0,1310E
R351,1591,2450,57,65,0,1290E
R352,1593,2453,59,65,0,1290E
R353,1594,2455,59,65,0,1290E
R354,1596,2456,59,65,0,1260E
R355,1598,2457,55,65,0,1260E
R356,1600,2459,58,65,0,1260E
R357,1602,2461,58,65,0,1250E
R358,1604,2464,58,65,0,1250E
R359,1606,2466,62,65,0,1250E
R360,1608,2468,61,65,0,1250E
R361,1609,2469,61,65,0,1250E
R362,1611,2472,61,65,0,1250E
R363,1613,2473,61,65,0,1220E
R364,1615,2474,61,65,0,1220E
R365,1617,2475,61,61,0,1220E
R366,1619,2476,61,60,0,1220E
R367,1621,2477,61,60,0,1220E
R368,1623,2477,61,60,0,1220E
R369,1625,2477,61,60,0,1220E
R370,1627,2477,61,60,0,1220E
R371,1629,2477,61,60,0,1220E
R372,1631,2477,61,60,0,1210E
R373,1632,2476,61,60,0,1210E
R374,1635,2475,61,60,0,1210E
R375,1636,2474,61,60,0,1190E
R376,1638,2473,61,60,0,1190E
R377,1640,2473,61,60,0,1190E
R378,1642,2472,61,60,0,1190E
R379,1643,2472,61,60,0,1190E
R380,1645,2471,61,60,0,1190E
R381,1647,2471,61,60,0,1180E
R382,1649,2471,61,60,0,1180E
R383,1651,2472,61,60,0,1180E
R384,1653,2474,61,60,0,1180E
R385,1655,2476,61,60,0,1180E
R386,1656,2477,61,60,0,1180E
R387,1659,2479,61,58,0,1180E
R388,1660,2481,61,56,0,1180E
R389,1662,2482,61,55,0,1180E
R390,1664,2484,61,55,0,1160E
R391,1666,2484,61,55,0,1160E
R392,1667,2484,61,55,0,1160E
R393,1669,2484,61,55,0,1150E
R394,1671,2484,61,55,0,1150E
R395,1672,2484,61,55,0,1150E
R396,1674,2484,61,55,0,1130E
R397,1677,2484,61,55,0,1130E
R398,1679,2485,61,55,0,1130E
R399,1681,2486,61,55,0,1160E
R400,1683,2487,61,55,0,1160E
R401,1684,2487,61,55,0,1160E
R402,1686,2488,61,55,0,1140E
R403,1688,2488,61,55,0,1140E
R404,1689,2489,61,55,0,1140E
R405,1691,2489,61,55,0,1120E
R406,1693,2490,61,55,0,1120E
R407,1695,2492,61,55,0,1120E
R408,1697,2493,61,55,0,1130E
R409,1699,2493,61,55,0,1130E
R410,1700,2493,61,55,0,1130E
R411,1702,2493,61,55,0,1120E
R412,1704,2493,61,51,0,1120E
R413,1705,2493,61,50,0,1120E
R414,1707,2493,61,50,0,1100E
R415,1708,2494,61,50,0,1100E
R416,1710,2494,61,50,0,1100E
R417,1712,2494,61,50,0,1090E
R418,1714,2494,61,50,0,1090E
R419,1715,2494,61,50,0,1090E
R420,1717,2494,61,50,0,1080E
R421,1719,2494,61,50,0,1080E
R422,1720,2493,61,50,0,1080E
R423,1722,2493,61,50,0,1070E
R424,1723,2493,61,50,0,1070E
R425,1725,2493,61,50,0,1070E
R426,1727,2494,61,50,0,1060E
R427,1728,2494,61,50,0,1060E
R428,1730,2495,61,50,0,1060E
R429,1732,2496,61,50,0,1060E
R430,1733,2497,61,50,0,1060E
R431,1735,2498,61,50,0,1060E
R432,1737,2498,61,50,0,1050E
R433,1739,2496,61,50,0,1050E
R434,1740,2495,61,50,0,1050E
R435,1741,2493,61,50,0,1030E
R436,1743,2491,61,50,0,1030E
R437,1745,2489,61,50,0,1030E
R438,1746,2489,61,50,0,1020E
R439,1748,2489,61,50,0,1020E
R440,1750,2489,61,50,0,1020E
R441,1751,2489,61,50,0,1020E
R442,1753,2490,61,50,0,1020E
R443,1754,2491,61,50,0,1020E
R444,1756,2492,61,50,0,1020E
R445,1757,2493,61,50,0,1020E
R446,1759,2493,61,50,0,1020E
R447,1760,2494,61,50,0,1000E
R448,1762,2495,61,50,0,1000E
R449,1764,2496,61,50,0,1000E
R450,1765,2496,61,50,0,1000E
R451,1767,2497,61,50,0,1000E
R452,1768,2498,61,50,0,1000E
R453,1770,2499,61,50,0,1000E
R454,1771,2500,61,50,0,1000E
R455,1773,2503,61,50,0,1000E
R456,1774,2505,61,50,0,980E
R457,1775,2505,61,50,0,980E
R458,1777,2505,61,50,0,980E
R459,1779,2505,61,50,0,980E
R460,1780,2505,61,50,0,980E
R461,1782,2505,61,50,0,980E
R462,1784,2505,61,50,0,970E
R463,1785,2505,61,50,0,970E
R464,1786,2504,61,50,0,970E
R465,1788,2504,61,50,0,970E
R466,1790,2505,61,50,0,970E
R467,1791,2506,61,50,0,970E
R468,1792,2507,61,50,0,960E
R469,1794,2509,61,50,0,960E
R470,1795,2509,61,50,0,960E
R471,1797,2509,61,50,0,960E
R472,1799,2509,61,50,0,960E
R473,1800,2510,61,50,0,960E
R474,1801,2510,61,50,0,940E
R475,1803,2510,61,50,0,940E
R476,1805,2510,61,50,0,940E
R477,1806,2510,61,50,0,950E
R478,1808,2511,61,50,0,950E
R479,1809,2511,61,50,0,950E
R480,1811,2511,61,50,0,940E
R481,1812,2512,61,50,0,940E
R482,1813,2513,61,50,0,940E
R483,1814,2514,61,50,0,920E
R484,1816,2515,61,50,0,920E
R485,1818,2516,61,50,0,920E
R486,1819,2518,61,50,0,930E
R487,1821,2521,61,50,0,930E
R488,1823,2523,61,50,0,930E
R489,1824,2526,61,50,0,940E
R490,1826,2528,61,50,0,940E
R491,1828,2530,61,50,0,940E
R492,1829,2532,61,50,0,940E
R493,1831,2534,61,50,0,940E
R494,1832,2535,61,50,0,940E
R495,1834,2536,61,50,0,950E
R496,1835,2537,61,50,0,950E
R497,1836,2537,61,50,0,950E
R498,1838,2538,61,50,0,930E
R499,1839,2538,61,50,0,930E
R500,1840,2539,61,50,0,930E
R501,1842,2541,61,50,0,900E
R502,1843,2542,61,48,0,900E
R503,1844,2543,61,45,0,900E
R504,1845,2546,61,45,0,890E
R505,1846,2547,61,45,0,890E
R506,1848,2548,61,45,0,890E
R507,1849,2548,61,45,0,880E
R508,1851,2548,61,45,0,880E
R509,1852,2548,61,45,0,880E
R510,1854,2548,61,45,0,890E
R511,1856,2547,61,45,0,890E
R512,1857,2547,61,45,0,890E
R513,1859,2547,61,45,0,900E
R514,1860,2547,61,45,0,900E
R515,1862,2547,61,45,0,900E
R516,1863,2545,61,45,0,890E
R517,1865,2544,61,45,0,890E
R518,1866,2543,61,45,0,890E
R519,1868,2542,61,45,0,900E
R520,1869,2541,61,45,0,900E
R521,1871,2541,61,45,0,900E
R522,1873,2540,61,45,0,910E
R523,1875,2540,61,45,0,910E
R524,1877,2540,61,45,0,910E
R525,1878,2541,61,39,0,920E
R526,1879,2542,61,39,0,920E
R527,1881,2543,61,39,0,920E
R528,1883,2545,61,39,0,930E
R529,1884,2545,61,39,0,930E
R530,1885,2546,61,39,0,930E
R531,1887,2545,61,39,0,920E
R532,1888,2544,61,39,0,920E
R533,1890,2543,61,39,0,920E
R534,1891,2542,61,39,0,900E
R535,1893,2541,61,39,0,900E
R536,1894,2541,61,39,0,900E
R537,1895,2540,61,39,0,890E
R538,1897,2539,61,39,0,890E
R539,1898,2538,61,39,0,890E
R540,1900,2537,61,39,0,900E
R541,1901,2536,61,39,0,900E
R542,1902,2535,61,39,0,900E
R543,1904,2534,61,39,0,890E
R544,1905,2533,61,39,0,890E
R545,1906,2532,61,39,0,890E
R546,1908,2532,61,39,0,880E
R547,1909,2532,61,39,0,880E
R548,1911,2532,61,39,0,880E
R549,1912,2532,61,39,0,860E
R550,1913,2532,61,39,0,860E
R551,1914,2532,61,39,0,860E
R552,1915,2531,61,39,0,850E
R553,1917,2531,61,39,0,850E
R554,1919,2531,61,39,0,850E
R555,1920,2531,61,39,0,860E
R556,1921,2531,61,39,0,860E
R557,1923,2532,61,39,0,860E
R558,1924,2532,61,39,0,860E
R559,1925,2533,61,39,0,860E
R560,1927,2533,61,39,0,860E
R561,1928,2533,61,39,0,850E
R562,1929,2533,61,39,0,850E
R563,1931,2532,61,39,0,850E
R564,1932,2531,61,39,0,840E
R565,1933,2530,61,39,0,840E
R566,1934,2530,61,39,0,840E
R567,1935,2530,61,39,0,820E
R568,1937,2530,61,39,0,820E
R569,1938,2529,61,39,0,820E
R570,1940,2529,61,39,0,840E
R571,1942,2529,61,39,0,840E
R572,1943,2529,61,39,0,840E
R573,1944,2529,61,39,0,830E
R574,1946,2529,61,39,0,830E
R575,1947,2529,61,39,0,830E
R576,1948,2530,61,39,0,830E
R577,1950,2530,61,39,0,830E
R578,1951,2531,61,39,0,830E
R579,1953,2532,61,39,0,850E
R580,1954,2533,61,39,0,850E
R581,1955,2534,61,39,0,850E
R582,1957,2535,61,39,0,840E
R583,1958,2536,61,39,0,840E
R584,1960,2536,61,39,0,840E
R585,1961,2536,61,39,0,840E
R586,1963,2537,61,39,0,840E
R587,1965,2537,61,39,0,840E
R588,1966,2537,61,39,0,850E
R589,1968,2537,61,39,0,850E
R590,1969,2536,61,39,0,850E
R591,1971,2535,61,39,0,870E
R592,1972,2535,61,39,0,870E
R593,1973,2535,61,39,0,870E
R594,1975,2535,61,39,0,860E
R595,1976,2535,61,39,0,860E
R596,1977,2535,61,39,0,860E
R597,1978,2535,61,39,0,830E
R598,1979,2535,61,39,0,830E
R599,1981,2535,61,39,0,830E
R600,1982,2535,61,39,0,830E
R601,1983,2535,61,39,0,830E
R602,1985,2535,61,39,0,830E
R603,1986,2535,61,39,0,830E
R604,1988,2535,61,39,0,830E
R605,1989,2535,61,39,0,830E
R606,1991,2535,61,39,0,840E
R607,1992,2535,61,39,0,840E
R608,1993,2535,61,39,0,840E
R609,1995,2535,61,39,0,840E
R610,1997,2535,61,39,0,840E
R611,1998,2534,61,39,0,840E
R612,1999,2534,61,39,0,830E
R613,2001,2534,61,39,0,830E
R614,2002,2534,61,39,0,830E
R615,2004,2534,61,39,0,850E
R616,2004,2534,61,39,0,850E
R617,2005,2534,61,39,0,850E
R618,2007,2534,61,39,0,820E
R619,2008,2534,61,39,0,820E
R620,2009,2534,61,39,0,820E
R621,2010,2535,61,39,0,800E
R622,2012,2536,61,39,0,800E
R623,2013,2537,61,39,0,800E
R624,2014,2537,61,39,0,800E
R625,2015,2537,61,39,0,800E
R626,2016,2537,61,39,0,800E
R627,2016,2539,61,39,0,760E
R628,2017,2540,61,39,0,760E
R629,2018,2540,61,39,0,760E
R630,2019,2540,61,39,0,740E
R631,2020,2540,61,39,0,740E
R632,2022,2541,61,39,0,740E
R633,2023,2542,61,39,0,740E
R634,2024,2543,61,39,0,740E
R635,2026,2543,61,39,0,740E
R636,2026,2543,61,39,0,730E
R637,2028,2543,61,39,0,730E
R638,2029,2543,61,39,0,730E
R639,2030,2543,61,39,0,730E
R640,2031,2543,61,39,0,730E
R641,2032,2543,61,39,0,730E
R642,2032,2543,61,39,0,700E
R643,2032,2542,61,39,0,700E
R644,2033,2542,61,39,0,700E
R645,2034,2542,61,39,0,660E
R646,2034,2541,61,39,0,660E
R647,2035,2541,61,39,0,660E
R648,2036,2541,61,39,0,620E
R649,2036,2541,61,39,0,620E
R650,2036,2541,61,39,0,620E
R651,2037,2541,61,39,0,550E
R652,2038,2541,61,39,0,550E
R653,2039,2541,61,39,0,550E
R654,2040,2541,61,39,0,560E
R655,2040,2540,61,39,0,560E
R656,2041,2539,61,39,0,560E
R657,2042,2539,61,39,0,530E
R658,2043,2539,61,39,0,530E
R659,2044,2539,61,39,0,530E
R660,2044,2538,61,39,0,510E
R661,2046,2538,61,39,0,510E
R662,2047,2537,61,39,0,510E
R663,2047,2537,61,39,0,520E
R664,2048,2537,61,39,0,520E
R665,2048,2537,61,39,0,520E
R666,2049,2537,61,39,0,510E
R667,2051,2538,61,39,0,510E
R668,2052,2539,61,39,0,510E
R669,2052,2540,61,39,0,520E
R670,2052,2540,61,39,0,520E
R671,2053,2540,61,39,0,520E
R672,2054,2541,61,39,0,500E
R673,2055,2542,61,39,0,500E
R674,2056,2544,61,39,0,500E
R675,2057,2545,61,39,0,510E
R676,2058,2546,61,39,0,510E
R677,2059,2547,61,39,0,510E
R678,2060,2547,61,39,0,520E
R679,2062,2548,61,39,0,520E
R680,2062,2549,61,39,0,520E
R681,2063,2549,56,39,0,530E
R682,2064,2550,57,39,0,530E
R683,2064,2551,61,39,0,530E
R684,2065,2553,62,39,0,520E
R685,2066,2555,63,38,0,520E
R686,2066,2556,62,37,0,520E
R687,2068,2558,62,38,0,500E
R688,2068,2559,62,38,0,500E
R689,2068,2561,63,38,0,500E
R690,2069,2561,63,38,0,490E
R691,2070,2562,63,38,0,490E
R692,2071,2563,63,38,0,490E
R693,2072,2564,63,38,0,500E
R694,2073,2565,63,38,0,500E
R695,2075,2565,63,38,0,500E
R696,2075,2566,63,38,0,510E
R697,2076,2566,63,38,0,510E
R698,2076,2567,63,38,0,510E
R699,2077,2567,63,38,0,500E
R700,2079,2568,63,38,0,500E
R701,2080,2569,63,38,0,500E
R702,2081,2569,63,38,0,530E
R703,2082,2570,63,38,0,530E
R704,2082,2571,63,38,0,530E
R705,2083,2572,63,38,0,510E
R706,2084,2573,63,38,0,510E
R707,2086,2574,63,38,0,510E
R708,2087,2575,63,38,0,550E
R709,2088,2576,63,38,0,550E
R710,2090,2577,63,38,0,550E
R711,2091,2579,63,38,0,580E
R712,2093,2580,63,38,0,580E
R713,2095,2581,63,38,0,580E
R714,2096,2582,63,34,0,640E
R715,2097,2584,63,33,0,640E
R716,2099,2585,63,32,0,640E
R717,2100,2586,63,30,0,670E
R718,2101,2586,63,30,0,670E
R719,2102,2587,63,30,0,670E
R720,2103,2587,63,30,0,650E
R721,2104,2587,63,30,0,650E
R722,2105,2587,63,30,0,650E
R723,2106,2586,63,30,0,650E
R724,2107,2585,63,30,0,650E
R725,2109,2583,63,30,0,650E
R726,2110,2582,63,30,0,670E
R727,2112,2581,65,30,0,670E
R728,2113,2580,65,30,0,670E
R729,2114,2579,65,26,0,680E
R730,2115,2577,65,20,0,680E
R731,2117,2576,65,20,0,680E
R732,2117,2574,65,20,0,670E
R733,2118,2573,65,20,0,670E
R734,2119,2571,64,20,0,670E
R735,2119,2570,64,20,0,640E
R736,2120,2568,64,20,0,640E
R737,2121,2565,64,18,0,640E
R738,2123,2562,64,18,0,660E
R739,2125,2560,64,16,0,660E
R740,2126,2556,64,17,0,660E
R741,2127,2553,64,17,0,680E
R742,2129,2551,64,17,0,680E
R743,2130,2549,64,17,0,680E
R744,2132,2546,64,17,0,720E
R745,2133,2544,64,12,0,720E
R746,2134,2542,64,10,0,720E
R747,2136,2539,64,10,0,730E
R748,2137,2537,64,10,0,730E
R749,2139,2535,64,10,0,730E
R750,2140,2533,64,10,0,740E
R751,2141,2530,64,10,0,740E
R752,2142,2529,64,10,0,740E
R753,2142,2526,64,10,0,700E
R754,2142,2523,64,10,0,700E
R755,2143,2521,64,4,0,700E
R756,2145,2519,64,4,0,680E
R757,2146,2516,67,4,0,680E
R758,2147,2514,67,4,0,680E
R759,2149,2511,67,4,0,700E
R760,2149,2509,67,4,0,700E
R761,2149,2506,67,4,0,700E
R762,2150,2504,67,4,0,630E
R763,2151,2501,67,4,0,630E
R764,2152,2499,67,4,0,630E
R765,2154,2496,67,4,0,660E
R766,2155,2493,67,4,0,660E
R767,2157,2491,67,4,0,660E
R768,2158,2489,67,4,0,680E
R769,2160,2487,67,4,0,680E
R770,2161,2485,67,4,0,680E
R771,2162,2483,67,4,0,700E
R772,2163,2481,68,4,0,700E
R773,2165,2479,68,4,0,700E
R774,2166,2478,68,2,0,710E
R775,2167,2477,68,2,0,710E
R776,2167,2475,68,2,0,710E
R777,2168,2474,68,2,0,670E
R778,2169,2473,68,2,0,670E
R779,2169,2472,68,2,0,670E
R780,2170,2472,68,2,0,630E
R781,2171,2471,68,2,0,630E
R782,2171,2471,68,2,0,630E
R783,2172,2470,68,2,0,590E
R784,2172,2469,68,2,0,590E
R785,2173,2468,68,2,0,590E
R786,2174,2468,68,2,0,550E
R787,2175,2468,68,2,0,550E
R788,2176,2468,68,2,0,550E
R789,2177,2467,68,2,0,560E
R790,2177,2467,68,2,0,560E
R791,2178,2467,68,2,0,560E
R792,2179,2466,68,2,0,540E
R793,2179,2466,68,2,0,540E
R794,2180,2466,68,2,0,540E
P1792,783,75,1600,356,2000,612,229,182,2180,794E
