R1,1994,2373,50,80,0,2690E
R2,1999,2379,50,80,0,2690E
R3,2001,2383,50,80,0,2690E
R4,1999,2378,50,80,0,2270E
R5,1957,2355,50,80,0,2270E
R6,1915,2315,50,80,0,2270E
R7,1866,2274,50,80,0,-9120E
R8,1827,2233,50,80,0,-9120E
R9,1769,2185,50,80,0,-9120E
R10,1711,2144,50,80,0,-9500E
R11,1653,2077,50,80,0,-9500E
R12,1614,2031,50,80,0,-9500E
R13,1571,1992,50,80,0,-9500E
R14,1531,1965,50,80,0,-9500E
R15,1488,1937,50,80,0,-9500E
R16,1448,1901,50,80,0,-9500E
R17,1404,1889,50,80,0,-9500E
R18,1377,1860,50,80,0,-9500E
R19,1349,1835,50,80,0,-9500E
R20,1307,1824,50,80,0,-9500E
R21,1279,1807,50,80,0,-9500E
R22,1257,1787,50,80,0,-9500E
R23,1217,1777,50,80,0,-9500E
R24,1206,1766,50,80,0,-9500E
R25,1178,1754,50,80,0,-9500E
R26,1149,1744,50,80,0,-9500E
R27,1138,1735,50,80,0,-9500E
R28,1110,1725,50,80,0,-9500E
R29,1086,1719,50,80,0,-9500E
R30,1076,1712,50,80,0,-9500E
R31,1051,1706,50,82,0,-9500E
R32,1030,1702,50,90,0,-9500E
R33,1019,1698,50,93,0,-9500E
R34,1002,1694,50,94,0,-9500E
R35,981,1688,50,95,0,-9500E
R36,973,1686,50,95,0,-9500E
R37,958,1683,50,95,0,-9310E
R38,942,1680,50,95,0,-9310E
R39,931,1677,50,95,0,-9310E
R40,919,1677,50,95,0,-8140E
R41,906,1676,50,95,0,-8140E
R42,895,1676,50,95,0,-8140E
R43,886,1675,50,95,0,-7010E
R44,877,1675,50,95,0,-7010E
R45,868,1674,50,95,0,-7010E
R46,859,1674,50,95,0,-6230E
R47,850,1674,50,95,0,-6230E
R48,842,1677,50,95,0,-6230E
R49,835,1680,50,95,0,-5390E
R50,827,1684,50,95,0,-5390E
R51,821,1687,50,95,0,-5390E
R52,814,1693,50,95,0,-4570E
R53,809,1696,50,95,0,-4570E
R54,803,1699,50,95,0,-4570E
R55,798,1703,50,95,0,-3880E
R56,793,1706,50,95,0,-3880E
R57,788,1710,50,95,0,-3880E
R58,784,1713,50,95,0,-3270E
R59,780,1716,50,95,0,-3270E
R60,776,1719,50,95,0,-3270E
R61,774,1722,50,95,0,-2580E
R62,770,1726,50,95,0,-2580E
R63,767,1729,50,95,0,-2580E
R64,765,1731,50,95,0,-2150E
R65,762,1734,50,95,0,-2150E
R66,761,1737,50,95,0,-2150E
R67,759,1740,50,95,0,-1680E
R68,757,1742,50,95,0,-1680E
R69,756,1745,50,95,0,-1680E
R70,755,1748,50,95,0,-1240E
R71,755,1750,50,95,0,-1240E
R72,754,1753,50,95,0,-1240E
R73,753,1755,50,95,0,-830E
R74,753,1757,50,95,0,-830E
R75,753,1760,50,95,0,-830E
R76,753,1763,50,95,0,-440E
R77,753,1766,50,95,0,-440E
R78,753,1769,50,95,0,-440E
R79,753,1772,50,95,0,-230E
R80,753,1774,50,95,0,-230E
R81,755,1776,50,95,0,-230E
R82,756,1779,50,95,0,90E
R83,757,1782,50,95,0,90E
R84,758,1785,50,95,0,90E
R85,759,1786,50,95,0,310E
R86,760,1788,50,95,0,310E
R87,761,1790,50,95,0,310E
R88,762,1793,50,95,0,420E
R89,764,1796,50,95,0,420E
R90,765,1799,50,95,0,420E
R91,767,1803,50,95,0,610E
R92,768,1807,50,95,0,610E
R93,771,1812,50,95,0,610E
R94,773,1816,50,95,0,810E
R95,775,1818,50,95,0,810E
R96,777,1821,50,95,0,810E
R97,778,1823,50,95,0,880E
R98,780,1826,50,95,0,880E
R99,782,1828,50,95,0,880E
R100,785,1831,50,95,0,1030E
R101,787,1834,50,95,0,1030E
R102,789,1836,50,95,0,1030E
R103,792,1840,50,95,0,1140E
R104,795,1843,50,95,0,1140E
R105,797,1846,50,95,0,1140E
R106,801,1848,50,95,0,1340E
R107,803,1851,50,95,0,1340E
R108,806,1855,50,95,0,1340E
R109,809,1858,50,95,0,1420E
R110,812,1862,50,95,0,1420E
R111,815,1865,50,95,0,1420E
R112,818,1868,50,95,0,1530E
R113,821,1871,50,95,0,1530E
R114,824,1874,50,95,0,1530E
R115,827,1877,50,95,0,1610E
R116,831,1881,50,95,0,1610E
R117,834,1885,50,95,0,1610E
R118,837,1888,50,95,0,1660E
R119,840,1891,50,95,0,1660E
R120,843,1894,50,95,0,1660E
R121,846,1896,50,95,0,1740E
R122,850,1899,50,95,0,1740E
R123,852,1901,50,95,0,1740E
R124,855,1904,50,95,0,1750E
R125,858,1906,50,95,0,1750E
R126,862,1908,50,95,0,1750E
R127,865,1910,50,95,0,1760E
R128,867,1912,50,95,0,1760E
R129,870,1914,50,95,0,1760E
R130,874,1916,50,95,0,1800E
R131,877,1919,50,95,0,1800E
R132,880,1921,50,95,0,1800E
R133,883,1924,50,95,0,1800E
R134,886,1927,50,95,0,1800E
R135,890,1930,50,95,0,1800E
R136,893,1933,50,95,0,1830E
R137,896,1936,50,95,0,1830E
R138,899,1938,50,95,0,1830E
R139,903,1941,50,95,0,1860E
R140,906,1943,50,95,0,1860E
R141,908,1946,50,95,0,1860E
R142,912,1949,50,95,0,1850E
R143,915,1952,50,95,0,1850E
R144,918,1955,50,95,0,1850E
R145,922,1958,50,95,0,1870E
R146,926,1961,50,95,0,1870E
R147,929,1964,50,95,0,1870E
R148,932,1968,50,95,0,1880E
R149,936,1971,50,95,0,1880E
R150,940,1973,50,95,0,1880E
R151,943,1976,50,95,0,1930E
R152,946,1979,50,95,0,1930E
R153,949,1981,50,95,0,1930E
R154,952,1983,50,95,0,1910E
R155,956,1986,50,95,0,1910E
R156,959,1987,50,95,0,1910E
R157,962,1988,50,95,0,1920E
R158,966,1990,50,95,0,1920E
R159,969,1991,50,95,0,1920E
R160,972,1992,50,95,0,1930E
R161,975,1993,50,95,0,1930E
R162,980,1996,50,95,0,1930E
R163,983,1998,50,95,0,1940E
R164,985,2000,50,95,0,1940E
R165,989,2003,50,95,0,1940E
R166,992,2004,50,95,0,1940E
R167,995,2005,50,95,0,1940E
R168,999,2008,50,95,0,1940E
R169,1002,2009,50,95,0,1950E
R170,1005,2010,50,95,0,1950E
R171,1008,2012,50,95,0,1950E
R172,1011,2014,50,95,0,1930E
R173,1014,2016,50,95,0,1930E
R174,1017,2018,50,95,0,1930E
R175,1020,2020,50,95,0,1920E
R176,1023,2023,50,95,0,1920E
R177,1025,2026,50,95,0,1920E
R178,1029,2029,50,95,0,1910E
R179,1031,2031,50,95,0,1910E
R180,1034,2033,50,95,0,1910E
R181,1038,2035,50,95,0,1890E
R182,1041,2039,50,95,0,1890E
R183,1044,2041,50,95,0,1890E
R184,1047,2042,50,95,0,1880E
R185,1050,2044,50,95,0,1880E
R186,1053,2046,50,95,0,1880E
R187,1057,2049,50,95,0,1890E
R188,1060,2051,50,95,0,1890E
R189,1063,2054,50,95,0,1890E
R190,1066,2056,50,95,0,1880E
R191,1069,2058,50,95,0,1880E
R192,1072,2060,50,95,0,1880E
R193,1074,2062,50,95,0,1850E
R194,1077,2065,50,95,0,1850E
R195,1080,2069,50,95,0,1850E
R196,1082,2073,50,95,0,1820E
R197,1085,2076,50,95,0,1820E
R198,1088,2078,50,95,0,1820E
R199,1091,2081,50,95,0,1820E
R200,1093,2084,50,95,0,1820E
R201,1097,2085,50,95,0,1820E
R202,1099,2087,50,95,0,1790E
R203,1101,2089,50,95,0,1790E
R204,1105,2091,50,95,0,1790E
R205,1108,2094,50,95,0,1790E
R206,1111,2097,50,95,0,1790E
R207,1114,2097,50,95,0,1790E
R208,1116,2097,50,95,0,1770E
R209,1119,2098,50,95,0,1770E
R210,1121,2099,50,95,0,1770E
R211,1124,2100,50,95,0,1750E
R212,1127,2101,50,95,0,1750E
R213,1129,2102,50,95,0,1750E
R214,1132,2103,50,95,0,1730E
R215,1135,2104,50,95,0,1730E
R216,1137,2106,50,95,0,1730E
R217,1140,2107,50,95,0,1710E
R218,1143,2107,50,95,0,1710E
R219,1145,2107,50,95,0,1710E
R220,1148,2107,50,95,0,1700E
R221,1151,2108,50,95,0,1700E
R222,1153,2110,50,95,0,1700E
R223,1155,2111,50,95,0,1660E
R224,1158,2114,50,95,0,1660E
R225,1161,2117,50,95,0,1660E
R226,1163,2121,50,95,0,1650E
R227,1166,2125,50,95,0,1650E
R228,1168,2127,50,95,0,1650E
R229,1170,2129,50,95,0,1620E
R230,1173,2132,50,95,0,1620E
R231,1176,2134,50,95,0,1620E
R232,1178,2137,50,95,0,1620E
R233,1181,2138,50,95,0,1620E
R234,1183,2138,50,95,0,1620E
R235,1185,2138,50,95,0,1590E
R236,1188,2138,50,95,0,1590E
R237,1191,2138,50,95,0,1590E
R238,1193,2138,50,95,0,1590E
R239,1195,2138,50,95,0,1590E
R240,1197,2140,50,95,0,1590E
R241,1200,2142,50,95,0,1570E
R242,1202,2144,50,95,0,1570E
R243,1205,2145,50,95,0,1570E
R244,1208,2148,50,95,0,1570E
R245,1210,2150,50,95,0,1570E
R246,1212,2151,50,95,0,1570E
R247,1215,2153,50,95,0,1550E
R248,1217,2155,50,95,0,1550E
R249,1219,2157,50,95,0,1550E
R250,1222,2159,50,95,0,1530E
R251,1224,2162,50,95,0,1530E
R252,1227,2164,50,95,0,1530E
R253,1230,2165,50,95,0,1540E
R254,1233,2166,50,95,0,1540E
R255,1235,2167,50,95,0,1540E
R256,1238,2168,50,95,0,1550E
R257,1240,2170,50,95,0,1550E
R258,1242,2172,50,95,0,1550E
R259,1245,2174,50,95,0,1530E
R260,1247,2176,50,95,0,1530E
R261,1249,2180,50,95,0,1530E
R262,1251,2183,50,95,0,1490E
R263,1254,2184,50,95,0,1490E
R264,1256,2186,50,95,0,1490E
R265,1258,2189,50,95,0,1480E
R266,1261,2191,50,95,0,1480E
R267,1264,2193,50,95,0,1480E
R268,1265,2195,50,95,0,1470E
R269,1268,2196,50,95,0,1470E
R270,1270,2197,50,95,0,1470E
R271,1272,2198,50,95,0,1460E
R272,1274,2200,50,95,0,1460E
R273,1277,2201,50,95,0,1460E
R274,1279,2204,50,95,0,1450E
R275,1281,2207,50,95,0,1450E
R276,1284,2210,50,95,0,1450E
R277,1287,2212,50,95,0,1450E
R278,1289,2214,50,95,0,1450E
R279,1291,2217,50,95,0,1450E
R280,1293,2219,50,95,0,1440E
R281,1296,2220,50,95,0,1440E
R282,1298,2220,50,95,0,1440E
R283,1300,2221,50,95,0,1440E
R284,1302,2221,50,95,0,1440E
R285,1304,2221,50,95,0,1440E
R286,1307,2221,50,95,0,1430E
R287,1309,2221,50,95,0,1430E
R288,1311,2223,50,95,0,1430E
R289,1313,2224,50,95,0,1410E
R290,1316,2225,50,95,0,1410E
R291,1318,2227,50,95,0,1410E
R292,1321,2230,50,95,0,1430E
R293,1323,2232,50,95,0,1430E
R294,1325,2234,50,95,0,1430E
R295,1327,2236,50,95,0,1410E
R296,1330,2238,50,95,0,1410E
R297,1332,2240,50,95,0,1410E
R298,1334,2242,50,95,0,1410E
R299,1336,2244,50,95,0,1410E
R300,1338,2245,50,95,0,1410E
R301,1340,2247,50,95,0,1380E
R302,1343,2249,50,95,0,1380E
R303,1345,2250,50,95,0,1380E
R304,1347,2252,50,95,0,1380E
R305,1349,2253,50,95,0,1380E
R306,1351,2254,50,95,0,1380E
R307,1353,2256,50,95,0,1350E
R308,1355,2257,50,95,0,1350E
R309,1357,2259,50,95,0,1350E
R310,1359,2261,50,95,0,1350E
R311,1361,2262,50,95,0,1350E
R312,1364,2264,50,95,0,1350E
R313,1365,2265,50,95,0,1330E
R314,1367,2265,50,95,0,1330E
R315,1370,2266,50,95,0,1330E
R316,1371,2269,50,95,0,1320E
R317,1373,2271,50,95,0,1320E
R318,1375,2273,50,95,0,1320E
R319,1377,2275,50,95,0,1300E
R320,1379,2277,50,95,0,1300E
R321,1381,2279,50,95,0,1300E
R322,1383,2281,50,95,0,1290E
R323,1386,2282,50,95,0,1290E
R324,1387,2282,50,95,0,1290E
R325,1390,2282,50,95,0,1300E
R326,1392,2283,50,95,0,1300E
R327,1393,2285,50,95,0,1300E
R328,1396,2288,50,95,0,1290E
R329,1398,2290,50,95,0,1290E
R330,1400,2293,50,95,0,1290E
R331,1402,2295,50,95,0,1280E
R332,1404,2296,50,95,0,1280E
R333,1406,2298,50,95,0,1280E
R334,1408,2300,50,95,0,1270E
R335,1410,2303,50,95,0,1270E
R336,1411,2306,50,95,0,1270E
R337,1413,2309,50,95,0,1240E
R338,1416,2312,50,95,0,1240E
R339,1417,2314,50,95,0,1240E
R340,1419,2316,50,95,0,1240E
R341,1421,2318,50,95,0,1240E
R342,1423,2320,50,95,0,1240E
R343,1425,2320,50,95,0,1230E
R344,1428,2322,50,95,0,1230E
R345,1430,2323,50,95,0,1230E
R346,1432,2324,50,95,0,1250E
R347,1433,2327,50,95,0,1250E
R348,1436,2329,50,95,0,1250E
R349,1438,2332,50,95,0,1240E
R350,1440,2334,50,95,0,1240E
R351,1442,2336,50,95,0,1240E
R352,1444,2336,50,95,0,1240E
R353,1446,2336,50,95,0,1240E
R354,1448,2336,50,95,0,1240E
R355,1450,2336,50,95,0,1230E
R356,1452,2337,50,95,0,1230E
R357,1454,2337,50,95,0,1230E
R358,1456,2338,50,95,0,1230E
R359,1458,2339,50,95,0,1230E
R360,1460,2340,50,95,0,1230E
R361,1463,2343,50,95,0,1230E
R362,1464,2345,50,95,0,1230E
R363,1466,2347,50,95,0,1230E
R364,1468,2349,50,95,0,1220E
R365,1469,2351,50,95,0,1220E
R366,1471,2353,50,95,0,1220E
R367,1473,2356,50,95,0,1210E
R368,1475,2358,50,95,0,1210E
R369,1477,2361,50,95,0,1210E
R370,1478,2363,50,95,0,1190E
R371,1481,2367,50,95,0,1190E
R372,1483,2369,50,95,0,1190E
R373,1485,2370,50,95,0,1210E
R374,1487,2372,50,95,0,1210E
R375,1489,2373,50,95,0,1210E
R376,1491,2373,50,95,0,1210E
R377,1493,2373,50,95,0,1210E
R378,1494,2374,50,95,0,1210E
R379,1496,2375,50,95,0,1190E
R380,1498,2377,50,95,0,1190E
R381,1500,2379,50,95,0,1190E
R382,1502,2381,50,95,0,1190E
R383,1503,2383,50,95,0,1190E
R384,1506,2385,50,95,0,1190E
R385,1508,2388,50,95,0,1170E
R386,1509,2391,50,95,0,1170E
R387,1511,2394,50,95,0,1170E
R388,1514,2397,50,95,0,1190E
R389,1515,2400,50,95,0,1190E
R390,1518,2403,50,95,0,1190E
R391,1520,2405,50,95,0,1190E
R392,1522,2405,50,95,0,1190E
R393,1524,2405,50,95,0,1190E
R394,1526,2405,50,95,0,1190E
R395,1528,2405,50,95,0,1190E
R396,1529,2405,50,95,0,1190E
R397,1531,2405,50,95,0,1170E
R398,1533,2405,50,95,0,1170E
R399,1535,2405,50,95,0,1170E
R400,1537,2405,50,95,0,1180E
R401,1539,2405,50,95,0,1180E
R402,1540,2407,50,95,0,1180E
R403,1543,2409,50,95,0,1180E
R404,1544,2411,50,95,0,1180E
R405,1546,2414,50,95,0,1180E
R406,1548,2416,50,95,0,1160E
R407,1549,2417,50,95,0,1160E
R408,1551,2418,50,95,0,1160E
R409,1552,2419,50,95,0,1130E
R410,1555,2421,50,95,0,1130E
R411,1556,2421,50,95,0,1130E
R412,1557,2423,50,95,0,1110E
R413,1560,2424,50,95,0,1110E
R414,1561,2424,50,95,0,1110E
R415,1563,2424,50,95,0,1100E
R416,1564,2424,50,95,0,1100E
R417,1566,2425,50,95,0,1100E
R418,1568,2426,50,95,0,1110E
R419,1569,2429,50,95,0,1110E
R420,1571,2432,50,95,0,1110E
R421,1573,2433,50,95,0,1100E
R422,1575,2435,50,95,0,1100E
R423,1577,2436,50,95,0,1100E
R424,1579,2437,50,95,0,1110E
R425,1580,2437,50,95,0,1110E
R426,1582,2437,50,95,0,1110E
R427,1584,2437,50,95,0,1100E
R428,1585,2437,50,95,0,1100E
R429,1587,2437,50,95,0,1100E
R430,1589,2437,50,95,0,1090E
R431,1591,2439,50,95,0,1090E
R432,1592,2441,50,95,0,1090E
R433,1594,2442,50,95,0,1080E
R434,1596,2443,50,95,0,1080E
R435,1597,2443,50,95,0,1080E
R436,1600,2444,50,95,0,1070E
R437,1601,2445,50,95,0,1070E
R438,1603,2447,50,95,0,1070E
R439,1605,2450,50,95,0,1080E
R440,1607,2452,50,95,0,1080E
R441,1609,2455,50,95,0,1080E
R442,1611,2458,50,95,0,1090E
R443,1613,2461,50,95,0,1090E
R444,1614,2463,50,95,0,1090E
R445,1616,2465,50,95,0,1080E
R446,1618,2466,50,95,0,1080E
R447,1620,2468,50,95,0,1080E
R448,1622,2469,50,95,0,1090E
R449,1624,2470,50,95,0,1090E
R450,1626,2470,50,95,0,1090E
R451,1627,2471,50,95,0,1080E
R452,1629,2472,50,94,0,1080E
R453,1630,2474,50,92,0,1080E
R454,1632,2476,50,91,0,1080E
R455,1633,2478,50,90,0,1080E
R456,1635,2479,50,90,0,1080E
R457,1637,2480,50,90,0,1070E
R458,1638,2481,50,90,0,1070E
R459,1640,2481,50,90,0,1070E
R460,1642,2481,50,90,0,1060E
R461,1644,2481,50,90,0,1060E
R462,1646,2480,50,90,0,1060E
R463,1647,2480,50,90,0,1050E
R464,1648,2480,50,90,0,1050E
R465,1650,2480,50,90,0,1050E
R466,1652,2480,50,90,0,1050E
R467,1653,2481,50,90,0,1050E
R468,1655,2483,50,90,0,1050E
R469,1657,2485,50,90,0,1040E
R470,1658,2487,50,90,0,1040E
R471,1660,2488,50,90,0,1040E
R472,1662,2489,50,90,0,1040E
R473,1663,2490,50,90,0,1040E
R474,1665,2492,50,90,0,1040E
R475,1667,2493,50,90,0,1040E
R476,1668,2494,50,90,0,1040E
R477,1669,2495,50,90,0,1040E
R478,1671,2495,50,90,0,1020E
R479,1672,2495,50,90,0,1020E
R480,1674,2495,50,90,0,1020E
R481,1676,2496,50,90,0,1020E
R482,1679,2498,50,90,0,1020E
R483,1681,2500,50,90,0,1020E
R484,1682,2503,50,90,0,1030E
R485,1684,2505,50,90,0,1030E
R486,1686,2506,50,90,0,1030E
R487,1687,2509,50,90,0,1030E
R488,1689,2510,50,90,0,1030E
R489,1691,2512,50,90,0,1030E
R490,1692,2512,50,90,0,1020E
R491,1694,2512,50,90,0,1020E
R492,1695,2513,50,90,0,1020E
R493,1697,2513,50,90,0,1020E
R494,1699,2513,50,90,0,1020E
R495,1701,2513,50,90,0,1020E
R496,1702,2512,50,90,0,1020E
R497,1704,2512,50,90,0,1020E
R498,1706,2512,50,90,0,1020E
R499,1707,2512,50,90,0,1020E
R500,1709,2512,50,90,0,1020E
R501,1711,2512,50,90,0,1020E
R502,1713,2512,50,90,0,1030E
R503,1715,2513,50,90,0,1030E
R504,1716,2514,50,90,0,1030E
R505,1718,2515,50,90,0,1030E
R506,1720,2516,50,90,0,1030E
R507,1721,2517,50,90,0,1030E
R508,1723,2519,50,90,0,1030E
R509,1725,2519,50,90,0,1030E
R510,1726,2520,50,90,0,1030E
R511,1728,2522,50,90,0,1020E
R512,1729,2523,50,90,0,1020E
R513,1731,2524,50,90,0,1020E
R514,1733,2526,50,90,0,1020E
R515,1734,2528,50,90,0,1020E
R516,1735,2530,50,90,0,1020E
R517,1737,2532,50,90,0,1010E
R518,1739,2535,50,90,0,1010E
R519,1740,2536,50,90,0,1010E
R520,1742,2537,50,90,0,990E
R521,1743,2537,50,90,0,990E
R522,1744,2537,50,90,0,990E
R523,1746,2537,50,90,0,990E
R524,1747,2536,50,90,0,990E
R525,1748,2536,50,90,0,990E
R526,1750,2535,50,90,0,980E
R527,1751,2536,50,90,0,980E
R528,1753,2536,50,90,0,980E
R529,1755,2538,50,90,0,960E
R530,1756,2539,50,90,0,960E
R531,1757,2539,50,90,0,960E
R532,1759,2539,50,90,0,960E
R533,1760,2541,50,90,0,960E
R534,1762,2542,50,90,0,960E
R535,1763,2544,50,90,0,950E
R536,1765,2545,50,90,0,950E
R537,1767,2547,50,90,0,950E
R538,1768,2547,50,90,0,950E
R539,1770,2548,50,90,0,950E
R540,1771,2549,50,90,0,950E
R541,1773,2549,50,90,0,960E
R542,1774,2550,50,90,0,960E
R543,1776,2551,50,90,0,960E
R544,1777,2551,50,90,0,940E
R545,1779,2552,50,90,0,940E
R546,1780,2554,50,90,0,940E
R547,1782,2555,50,90,0,950E
R548,1783,2555,50,90,0,950E
R549,1785,2556,50,90,0,950E
R550,1786,2556,50,90,0,940E
R551,1787,2556,50,90,0,940E
R552,1789,2556,50,90,0,940E
R553,1791,2555,50,90,0,940E
R554,1793,2554,50,90,0,940E
R555,1794,2554,50,90,0,940E
R556,1796,2553,50,90,0,950E
R557,1797,2552,50,90,0,950E
R558,1798,2552,50,90,0,950E
R559,1800,2552,50,90,0,930E
R560,1801,2552,50,90,0,930E
R561,1802,2553,50,90,0,930E
R562,1804,2555,50,90,0,920E
R563,1806,2557,50,90,0,920E
R564,1807,2558,50,90,0,920E
R565,1808,2559,50,90,0,910E
R566,1810,2560,50,90,0,910E
R567,1811,2562,50,90,0,910E
R568,1813,2564,50,90,0,920E
R569,1814,2567,50,90,0,920E
R570,1816,2569,50,90,0,920E
R571,1817,2570,50,90,0,910E
R572,1818,2570,50,90,0,910E
R573,1819,2570,50,90,0,910E
R574,1821,2571,50,90,0,900E
R575,1822,2572,50,90,0,900E
R576,1823,2573,50,90,0,900E
R577,1825,2573,50,90,0,890E
R578,1826,2574,50,90,0,890E
R579,1828,2575,50,90,0,890E
R580,1829,2577,50,90,0,880E
R581,1831,2578,50,90,0,880E
R582,1832,2580,50,90,0,880E
R583,1834,2582,50,90,0,890E
R584,1835,2585,50,90,0,890E
R585,1836,2587,50,90,0,890E
R586,1838,2589,50,90,0,880E
R587,1839,2591,50,90,0,880E
R588,1840,2592,50,90,0,880E
R589,1842,2593,50,90,0,870E
R590,1844,2593,50,90,0,870E
R591,1845,2594,50,90,0,870E
R592,1847,2594,50,90,0,880E
R593,1848,2594,50,90,0,880E
R594,1849,2594,50,90,0,880E
R595,1850,2594,50,90,0,860E
R596,1852,2596,50,90,0,860E
R597,1853,2597,50,90,0,860E
R598,1855,2597,50,90,0,850E
R599,1856,2597,50,90,0,850E
R600,1857,2597,50,90,0,850E
R601,1858,2597,50,90,0,840E
R602,1860,2598,50,90,0,840E
R603,1861,2598,50,90,0,840E
R604,1862,2599,50,90,0,840E
R605,1863,2599,50,90,0,840E
R606,1865,2599,50,90,0,840E
R607,1865,2600,50,90,0,820E
R608,1866,2601,50,90,0,820E
R609,1868,2601,50,90,0,820E
R610,1869,2603,50,90,0,810E
R611,1870,2604,50,90,0,810E
R612,1872,2604,50,90,0,810E
R613,1873,2604,50,90,0,810E
R614,1875,2605,50,90,0,810E
R615,1876,2605,50,90,0,810E
R616,1877,2606,50,90,0,810E
R617,1879,2607,50,90,0,810E
R618,1880,2607,50,90,0,810E
R619,1882,2607,50,90,0,830E
R620,1883,2607,50,90,0,830E
R621,1884,2607,50,90,0,830E
R622,1885,2608,50,90,0,810E
R623,1886,2609,50,90,0,810E
R624,1888,2610,50,90,0,810E
R625,1889,2612,50,90,0,800E
R626,1891,2613,50,90,0,800E
R627,1892,2614,50,90,0,800E
R628,1893,2615,50,90,0,800E
R629,1895,2616,50,90,0,800E
R630,1896,2617,50,90,0,800E
R631,1897,2619,50,90,0,800E
R632,1899,2620,50,90,0,800E
R633,1900,2622,50,90,0,800E
R634,1902,2624,50,90,0,820E
R635,1904,2627,50,90,0,820E
R636,1905,2627,50,90,0,820E
R637,1907,2628,50,90,0,830E
R638,1908,2628,50,90,0,830E
R639,1909,2628,50,90,0,830E
R640,1910,2629,50,90,0,810E
R641,1911,2631,50,90,0,810E
R642,1913,2633,50,90,0,810E
R643,1914,2635,50,90,0,810E
R644,1915,2635,50,90,0,810E
R645,1917,2636,50,90,0,810E
R646,1919,2637,50,90,0,810E
R647,1920,2638,50,90,0,810E
R648,1921,2639,50,90,0,810E
R649,1922,2639,50,90,0,810E
R650,1923,2640,50,90,0,810E
R651,1924,2642,50,90,0,810E
R652,1926,2643,50,90,0,810E
R653,1927,2643,50,90,0,810E
R654,1929,2644,50,90,0,810E
R655,1930,2644,50,90,0,810E
R656,1931,2644,50,90,0,810E
R657,1932,2644,50,90,0,810E
R658,1934,2645,50,90,0,800E
R659,1935,2646,50,89,0,800E
R660,1936,2647,50,87,0,800E
R661,1937,2647,50,86,0,790E
R662,1939,2647,50,83,0,790E
R663,1940,2647,50,82,0,790E
R664,1942,2646,50,81,0,810E
R665,1943,2646,50,80,0,810E
R666,1945,2646,50,80,0,810E
R667,1946,2645,50,80,0,810E
R668,1948,2645,50,80,0,810E
R669,1949,2645,50,80,0,810E
R670,1950,2646,50,80,0,800E
R671,1951,2648,50,80,0,800E
R672,1952,2650,50,80,0,800E
R673,1953,2652,50,80,0,790E
R674,1954,2653,50,80,0,790E
R675,1956,2654,50,80,0,790E
R676,1958,2655,50,80,0,810E
R677,1959,2655,50,80,0,810E
R678,1961,2656,50,80,0,810E
R679,1962,2658,50,80,0,800E
R680,1963,2660,50,80,0,800E
R681,1965,2662,50,80,0,800E
R682,1967,2664,50,80,0,820E
R683,1968,2665,50,80,0,820E
R684,1970,2666,50,71,0,820E
R685,1971,2667,50,66,0,820E
R686,1972,2668,50,62,0,820E
R687,1973,2669,50,60,0,820E
R688,1975,2670,50,60,0,820E
R689,1976,2670,50,60,0,820E
R690,1977,2670,50,60,0,820E
R691,1979,2670,56,60,0,810E
R692,1981,2670,58,60,0,810E
R693,1982,2668,60,60,0,810E
R694,1985,2666,60,60,0,840E
R695,1986,2664,60,60,0,840E
R696,1987,2662,60,60,0,840E
R697,1989,2660,60,60,0,840E
R698,1990,2658,60,60,0,840E
R699,1992,2655,60,60,0,840E
R700,1993,2652,60,58,0,830E
R701,1995,2650,60,52,0,830E
R702,1997,2648,60,50,0,830E
R703,1998,2646,60,47,0,850E
R704,2000,2644,60,45,0,850E
R705,2002,2642,60,43,0,850E
R706,2003,2638,60,40,0,860E
R707,2004,2633,60,39,0,860E
R708,2006,2630,60,40,0,860E
R709,2007,2626,60,40,0,860E
R710,2008,2621,60,39,0,860E
R711,2009,2616,60,38,0,860E
R712,2010,2612,60,32,0,830E
R713,2011,2608,60,32,0,830E
R714,2013,2602,60,30,0,830E
R715,2014,2599,60,30,0,830E
R716,2015,2595,60,30,0,830E
R717,2017,2589,60,30,0,830E
R718,2018,2585,60,30,0,820E
R719,2019,2581,60,30,0,820E
R720,2020,2576,60,30,0,820E
R721,2022,2571,60,30,0,800E
R722,2023,2567,60,30,0,800E
R723,2024,2564,60,30,0,800E
R724,2025,2559,60,30,0,800E
R725,2026,2556,60,30,0,800E
R726,2027,2552,60,30,0,800E
R727,2028,2548,60,30,0,780E
R728,2030,2545,60,30,0,780E
R729,2031,2542,60,30,0,780E
R730,2033,2539,60,30,0,810E
R731,2034,2536,60,30,0,810E
R732,2035,2534,60,30,0,810E
R733,2036,2533,60,30,0,780E
R734,2037,2531,60,30,0,780E
R735,2039,2530,60,30,0,780E
R736,2040,2529,60,30,0,780E
R737,2041,2529,60,30,0,780E
R738,2042,2528,60,30,0,780E
R739,2042,2528,60,30,0,740E
R740,2043,2527,60,30,0,740E
R741,2044,2526,60,30,0,740E
R742,2045,2525,60,30,0,720E
R743,2046,2524,60,30,0,720E
R744,2047,2523,60,30,0,720E
R745,2048,2522,60,30,0,710E
R746,2049,2522,60,30,0,710E
R747,2050,2521,60,30,0,710E
R748,2051,2520,60,30,0,690E
R749,2052,2520,60,30,0,690E
R750,2054,2519,60,30,0,690E
R751,2055,2519,60,30,0,710E
R752,2056,2518,60,30,0,710E
R753,2057,2518,60,30,0,710E
R754,2058,2518,60,30,0,690E
R755,2059,2519,60,30,0,690E
R756,2060,2519,60,30,0,690E
R757,2061,2519,60,30,0,680E
R758,2062,2519,60,30,0,680E
R759,2063,2519,60,30,0,680E
R760,2064,2518,60,30,0,670E
R761,2065,2518,60,30,0,670E
R762,2067,2518,60,30,0,670E
R763,2068,2518,60,30,0,690E
R764,2070,2518,60,30,0,690E
R765,2071,2518,60,30,0,690E
R766,2072,2518,60,30,0,700E
R767,2073,2518,60,30,0,700E
R768,2074,2518,60,30,0,700E
R769,2075,2519,60,30,0,690E
R770,2076,2520,60,30,0,690E
R771,2077,2520,60,30,0,690E
R772,2078,2520,60,30,0,680E
R773,2079,2520,60,30,0,680E
R774,2080,2520,60,30,0,680E
R775,2082,2520,60,30,0,670E
R776,2083,2520,60,30,0,670E
R777,2084,2520,60,30,0,670E
R778,2085,2520,60,30,0,680E
R779,2086,2520,60,30,0,680E
R780,2088,2520,60,30,0,680E
R781,2089,2520,60,30,0,690E
R782,2091,2520,60,30,0,690E
R783,2092,2520,60,30,0,690E
R784,2093,2520,60,30,0,700E
R785,2094,2520,60,30,0,700E
R786,2096,2520,60,30,0,700E
R787,2097,2520,60,30,0,710E
R788,2098,2520,60,30,0,710E
R789,2099,2520,60,30,0,710E
R790,2100,2521,60,30,0,700E
R791,2101,2521,60,30,0,700E
R792,2103,2522,60,30,0,700E
R793,2104,2523,60,30,0,710E
R794,2105,2523,60,30,0,710E
R795,2106,2524,60,30,0,710E
R796,2107,2525,60,30,0,700E
R797,2109,2527,60,30,0,700E
R798,2110,2528,60,26,0,700E
R799,2111,2528,60,24,0,710E
R800,2113,2528,60,24,0,710E
R801,2114,2528,60,24,0,710E
R802,2116,2528,60,21,0,740E
R803,2117,2528,60,20,0,740E
R804,2117,2526,60,20,0,740E
R805,2118,2525,60,20,0,700E
R806,2119,2522,60,20,0,700E
R807,2120,2521,60,20,0,700E
R808,2121,2518,60,20,0,680E
R809,2122,2516,60,20,0,680E
R810,2123,2513,60,20,0,680E
R811,2124,2510,60,20,0,670E
R812,2126,2508,60,20,0,670E
R813,2127,2505,60,20,0,670E
R814,2128,2503,60,20,0,690E
R815,2129,2501,60,20,0,690E
R816,2130,2500,60,20,0,690E
R817,2131,2498,60,20,0,680E
R818,2133,2496,60,20,0,680E
R819,2134,2495,60,20,0,680E
R820,2135,2494,60,20,0,690E
R821,2136,2493,60,20,0,690E
R822,2137,2491,60,20,0,690E
R823,2138,2490,60,20,0,680E
R824,2139,2490,60,20,0,680E
R825,2140,2489,60,20,0,680E
R826,2142,2489,60,20,0,690E
R827,2144,2489,60,20,0,690E
R828,2145,2488,60,20,0,690E
R829,2147,2488,60,20,0,700E
R830,2148,2488,60,20,0,700E
R831,2149,2487,60,16,0,700E
R832,2150,2487,60,15,0,710E
R833,2151,2487,60,15,0,710E
R834,2152,2486,60,15,0,710E
R835,2152,2485,60,15,0,680E
R836,2153,2484,60,15,0,680E
R837,2153,2483,60,15,0,680E
R838,2154,2482,60,15,0,650E
R839,2155,2481,60,15,0,650E
R840,2156,2479,60,15,0,650E
R841,2158,2478,60,15,0,670E
R842,2158,2477,60,15,0,670E
R843,2160,2476,60,15,0,670E
R844,2161,2475,60,15,0,660E
R845,2162,2475,60,15,0,660E
R846,2163,2473,60,15,0,660E
R847,2164,2472,60,15,0,650E
R848,2165,2471,60,15,0,650E
R849,2166,2470,60,15,0,650E
R850,2167,2468,60,15,0,640E
R851,2167,2467,60,15,0,640E
R852,2168,2466,60,15,0,640E
R853,2169,2465,60,15,0,610E
R854,2170,2465,60,15,0,610E
R855,2172,2465,60,15,0,610E
R856,2173,2464,60,15,0,640E
R857,2174,2464,60,15,0,640E
R858,2175,2464,60,15,0,640E
R859,2176,2463,60,15,0,630E
R860,2177,2463,60,15,0,630E
R861,2178,2463,60,15,0,630E
R862,2179,2463,60,15,0,630E
R863,2180,2463,60,15,0,630E
R864,2182,2463,60,15,0,630E
R865,2183,2462,60,15,0,650E
R866,2184,2462,60,15,0,650E
R867,2185,2462,60,14,0,650E
R868,2187,2462,60,11,0,660E
R869,2187,2461,60,10,0,660E
R870,2188,2460,60,10,0,660E
R871,2189,2460,60,10,0,630E
R872,2190,2459,60,10,0,630E
R873,2191,2458,60,10,0,630E
R874,2192,2457,60,10,0,630E
R875,2193,2457,60,10,0,630E
R876,2194,2455,60,10,0,630E
R877,2195,2454,60,10,0,620E
R878,2197,2453,60,10,0,620E
R879,2198,2452,60,10,0,620E
R880,2199,2450,60,10,0,640E
R881,2200,2450,60,10,0,640E
R882,2201,2449,60,10,0,640E
R883,2203,2448,62,10,0,660E
R884,2203,2447,65,10,0,660E
R885,2204,2446,66,10,0,660E
R886,2204,2445,68,10,0,610E
R887,2205,2444,70,10,0,610E
R888,2206,2444,70,10,0,610E
R889,2206,2442,70,10,0,580E
R890,2208,2441,70,10,0,580E
R891,2209,2441,70,10,0,580E
R892,2209,2440,70,10,0,580E
R893,2210,2440,70,10,0,580E
R894,2211,2438,70,10,0,580E
R895,2212,2438,70,10,0,580E
R896,2213,2438,70,10,0,580E
R897,2213,2437,70,10,0,580E
R898,2214,2437,70,10,0,560E
R899,2215,2437,70,10,0,560E
R900,2217,2434,70,10,0,560E
R901,2218,2433,70,10,0,590E
R902,2219,2432,70,10,0,590E
R903,2221,2432,70,10,0,590E
R904,2222,2431,70,10,0,610E
R905,2223,2431,70,10,0,610E
R906,2224,2429,70,10,0,610E
R907,2225,2427,70,10,0,610E
R908,2226,2426,70,10,0,610E
R909,2227,2425,70,10,0,610E
R910,2228,2424,70,10,0,610E
R911,2229,2424,70,10,0,610E
R912,2230,2424,70,10,0,610E
R913,2231,2424,70,10,0,610E
R914,2232,2424,70,10,0,610E
R915,2233,2425,70,10,0,610E
R916,2234,2425,70,10,0,610E
R917,2235,2426,70,10,0,610E
R918,2237,2426,70,10,0,610E
R919,2238,2426,70,10,0,620E
R920,2238,2426,70,10,0,620E
R921,2238,2426,70,10,0,620E
R922,2238,2427,70,10,0,560E
R923,2240,2427,70,10,0,560E
R924,2240,2426,70,10,0,560E
R925,2241,2425,70,10,0,570E
R926,2242,2425,70,10,0,570E
R927,2243,2425,70,10,0,570E
P1991,753,80,1600,436,2000,703,241,224,2243,927E
