R1,1998,2329,50,90,0,5800E
R2,2007,2338,50,90,0,5800E
R3,2015,2351,50,90,0,5800E
R4,2015,2355,50,90,0,4970E
R5,1991,2349,50,90,0,4970E
R6,1932,2309,50,90,0,4970E
R7,1881,2286,50,90,0,-9500E
R8,1818,2236,50,90,0,-9500E
R9,1759,2196,50,90,0,-9500E
R10,1700,2155,50,90,0,-9500E
R11,1658,2131,50,90,0,-9500E
R12,1615,2090,50,90,0,-9500E
R13,1567,2065,50,90,0,-9500E
R14,1522,2024,50,90,0,-9500E
R15,1484,2003,50,90,0,-9500E
R16,1442,1977,50,90,0,-9500E
R17,1410,1947,50,90,0,-9500E
R18,1386,1937,50,90,0,-9500E
R19,1340,1912,50,90,0,-9500E
R20,1311,1905,50,90,0,-9500E
R21,1273,1893,50,90,0,-9500E
R22,1248,1882,50,90,0,-9500E
R23,1222,1871,50,90,0,-9500E
R24,1196,1862,50,90,0,-9500E
R25,1182,1853,50,90,0,-9500E
R26,1155,1845,50,90,0,-9500E
R27,1128,1838,50,90,0,-9500E
R28,1118,1833,50,90,0,-9500E
R29,1092,1828,50,90,0,-9500E
R30,1070,1824,50,90,0,-9500E
R31,1062,1821,50,90,0,-9500E
R32,1039,1818,50,90,0,-9500E
R33,1026,1816,50,90,0,-9500E
R34,1000,1816,50,90,0,-9500E
R35,993,1816,50,90,0,-9500E
R36,981,1816,50,90,0,-9500E
R37,970,1816,50,90,0,-8970E
R38,957,1816,50,90,0,-8970E
R39,947,1816,50,90,0,-8970E
R40,936,1816,50,90,0,-7260E
R41,925,1816,50,90,0,-7260E
R42,914,1819,50,90,0,-7260E
R43,905,1820,50,90,0,-6500E
R44,898,1823,50,90,0,-6500E
R45,888,1824,50,90,0,-6500E
R46,880,1827,50,90,0,-5600E
R47,874,1829,50,90,0,-5600E
R48,866,1833,50,90,0,-5600E
R49,860,1836,50,90,0,-4640E
R50,854,1838,50,90,0,-4640E
R51,849,1841,50,90,0,-4640E
R52,843,1842,50,90,0,-3760E
R53,839,1843,50,90,0,-3760E
R54,835,1844,50,90,0,-3760E
R55,830,1845,50,90,0,-3180E
R56,827,1847,50,90,0,-3180E
R57,823,1849,50,90,0,-3180E
R58,820,1851,50,90,0,-2540E
R59,817,1854,50,90,0,-2540E
R60,814,1857,50,90,0,-2540E
R61,811,1860,50,90,0,-2140E
R62,809,1863,50,90,0,-2140E
R63,808,1866,50,90,0,-2140E
R64,806,1870,50,90,0,-1580E
R65,805,1875,50,90,0,-1580E
R66,805,1878,50,90,0,-1580E
R67,804,1880,50,90,0,-980E
R68,804,1883,50,90,0,-980E
R69,803,1886,50,90,0,-980E
R70,803,1889,50,90,0,-560E
R71,803,1894,50,90,0,-560E
R72,803,1898,50,90,0,-560E
R73,803,1902,50,90,0,-290E
R74,803,1906,50,90,0,-290E
R75,804,1910,50,90,0,-290E
R76,804,1914,50,90,0,-80E
R77,805,1919,50,90,0,-80E
R78,807,1923,50,90,0,-80E
R79,808,1928,50,90,0,260E
R80,810,1932,50,90,0,260E
R81,811,1935,50,90,0,260E
R82,813,1940,50,90,0,570E
R83,814,1945,50,90,0,570E
R84,817,1948,50,90,0,570E
R85,819,1954,50,90,0,840E
R86,821,1959,50,90,0,840E
R87,824,1963,50,90,0,840E
R88,826,1967,50,90,0,1060E
R89,828,1972,50,90,0,1060E
R90,831,1976,50,90,0,1060E
R91,834,1981,50,90,0,1190E
R92,836,1986,50,90,0,1190E
R93,838,1989,50,90,0,1190E
R94,842,1993,50,90,0,1330E
R95,844,1996,50,90,0,1330E
R96,847,1999,50,90,0,1330E
R97,850,2001,50,90,0,1480E
R98,853,2004,50,90,0,1480E
R99,856,2008,50,90,0,1480E
R100,859,2011,50,90,0,1580E
R101,862,2015,50,90,0,1580E
R102,865,2019,50,90,0,1580E
R103,868,2023,50,90,0,1640E
R104,872,2027,50,90,0,1640E
R105,875,2032,50,90,0,1640E
R106,878,2036,50,90,0,1740E
R107,882,2040,50,90,0,1740E
R108,885,2043,50,90,0,1740E
R109,888,2046,50,90,0,1810E
R110,892,2049,50,90,0,1810E
R111,895,2052,50,90,0,1810E
R112,898,2055,50,90,0,1850E
R113,902,2060,50,90,0,1850E
R114,905,2065,50,90,0,1850E
R115,908,2068,50,90,0,1890E
R116,912,2073,50,90,0,1890E
R117,916,2076,50,90,0,1890E
R118,919,2078,50,90,0,1950E
R119,924,2080,50,90,0,1950E
R120,929,2082,50,90,0,1950E
R121,932,2083,50,90,0,2090E
R122,936,2085,50,90,0,2090E
R123,940,2088,50,90,0,2090E
R124,943,2091,50,90,0,2120E
R125,947,2095,50,90,0,2120E
R126,951,2099,50,90,0,2120E
R127,954,2103,50,90,0,2130E
R128,958,2106,50,90,0,2130E
R129,962,2108,50,90,0,2130E
R130,967,2111,50,90,0,2180E
R131,970,2114,50,90,0,2180E
R132,974,2117,50,90,0,2180E
R133,978,2121,50,90,0,2230E
R134,981,2124,50,90,0,2230E
R135,985,2127,50,90,0,2230E
R136,989,2130,50,90,0,2220E
R137,993,2133,50,90,0,2220E
R138,996,2134,50,90,0,2220E
R139,1000,2135,50,90,0,2220E
R140,1004,2136,50,90,0,2220E
R141,1007,2137,50,90,0,2220E
R142,1011,2139,50,90,0,2210E
R143,1015,2141,50,90,0,2210E
R144,1018,2144,50,90,0,2210E
R145,1022,2148,50,90,0,2210E
R146,1026,2152,50,90,0,2210E
R147,1030,2157,50,90,0,2210E
R148,1033,2162,50,90,0,2190E
R149,1037,2166,50,90,0,2190E
R150,1040,2169,50,90,0,2190E
R151,1043,2172,50,90,0,2190E
R152,1048,2174,50,90,0,2190E
R153,1051,2177,50,90,0,2190E
R154,1055,2182,50,90,0,2190E
R155,1058,2184,50,90,0,2190E
R156,1062,2187,50,90,0,2190E
R157,1066,2190,50,90,0,2210E
R158,1069,2192,50,90,0,2210E
R159,1073,2195,50,90,0,2210E
R160,1076,2198,50,90,0,2190E
R161,1080,2202,50,85,0,2190E
R162,1084,2204,50,84,0,2190E
R163,1087,2205,50,84,0,2190E
R164,1090,2208,50,84,0,2190E
R165,1094,2211,50,84,0,2190E
R166,1097,2213,50,81,0,2170E
R167,1100,2216,50,77,0,2170E
R168,1103,2219,50,76,0,2170E
R169,1107,2220,50,76,0,2150E
R170,1110,2223,50,76,0,2150E
R171,1113,2225,50,76,0,2150E
R172,1117,2226,50,76,0,2130E
R173,1121,2226,50,76,0,2130E
R174,1123,2227,50,76,0,2130E
R175,1127,2229,50,76,0,2110E
R176,1131,2230,50,76,0,2110E
R177,1134,2230,50,76,0,2110E
R178,1138,2230,50,76,0,2120E
R179,1142,2231,50,76,0,2120E
R180,1144,2232,50,76,0,2120E
R181,1148,2233,50,76,0,2110E
R182,1152,2234,50,76,0,2110E
R183,1154,2235,50,76,0,2110E
R184,1158,2237,50,76,0,2100E
R185,1161,2237,50,76,0,2100E
R186,1164,2237,50,76,0,2100E
R187,1167,2237,50,76,0,2060E
R188,1171,2237,50,76,0,2060E
R189,1174,2237,50,76,0,2060E
R190,1177,2237,50,76,0,2050E
R191,1181,2238,50,76,0,2050E
R192,1183,2240,50,76,0,2050E
R193,1187,2242,50,76,0,2050E
R194,1190,2243,50,76,0,2050E
R195,1194,2245,50,76,0,2050E
R196,1197,2247,50,76,0,2040E
R197,1200,2249,50,76,0,2040E
R198,1204,2251,50,76,0,2040E
R199,1207,2254,50,76,0,2040E
R200,1210,2256,50,76,0,2040E
R201,1214,2257,50,76,0,2040E
R202,1217,2259,50,76,0,2030E
R203,1220,2260,50,76,0,2030E
R204,1223,2261,50,76,0,2030E
R205,1227,2263,50,68,0,2030E
R206,1230,2266,50,66,0,2030E
R207,1233,2267,50,66,0,2030E
R208,1237,2268,50,66,0,2030E
R209,1240,2268,50,66,0,2030E
R210,1242,2268,50,66,0,2030E
R211,1246,2269,50,66,0,2010E
R212,1248,2269,50,66,0,2010E
R213,1251,2270,50,66,0,2010E
R214,1255,2270,50,66,0,1990E
R215,1258,2270,50,66,0,1990E
R216,1260,2272,50,66,0,1990E
R217,1264,2272,50,66,0,1970E
R218,1267,2272,50,66,0,1970E
R219,1269,2272,50,66,0,1970E
R220,1272,2273,50,66,0,1930E
R221,1275,2273,50,66,0,1930E
R222,1278,2273,50,66,0,1930E
R223,1280,2273,50,66,0,1880E
R224,1284,2272,50,66,0,1880E
R225,1286,2272,50,66,0,1880E
R226,1289,2272,50,66,0,1870E
R227,1292,2273,50,66,0,1870E
R228,1294,2274,50,66,0,1870E
R229,1297,2275,50,66,0,1830E
R230,1300,2276,50,66,0,1830E
R231,1303,2278,50,66,0,1830E
R232,1306,2280,50,66,0,1830E
R233,1308,2282,50,66,0,1830E
R234,1312,2284,50,66,0,1830E
R235,1314,2284,50,66,0,1800E
R236,1317,2284,50,66,0,1800E
R237,1320,2285,50,66,0,1800E
R238,1323,2285,50,66,0,1800E
R239,1326,2286,50,66,0,1800E
R240,1329,2287,50,66,0,1800E
R241,1331,2288,50,58,0,1770E
R242,1334,2289,50,54,0,1770E
R243,1336,2291,50,54,0,1770E
R244,1340,2292,50,54,0,1770E
R245,1342,2294,50,54,0,1770E
R246,1344,2296,50,54,0,1770E
R247,1348,2297,50,54,0,1750E
R248,1350,2297,50,54,0,1750E
R249,1353,2297,50,54,0,1750E
R250,1356,2297,50,54,0,1730E
R251,1359,2297,50,54,0,1730E
R252,1361,2297,50,54,0,1730E
R253,1364,2298,50,54,0,1720E
R254,1367,2298,50,54,0,1720E
R255,1369,2299,50,54,0,1720E
R256,1371,2300,50,54,0,1680E
R257,1374,2301,50,54,0,1680E
R258,1376,2301,50,54,0,1680E
R259,1378,2302,50,54,0,1640E
R260,1382,2303,50,54,0,1640E
R261,1384,2304,50,54,0,1640E
R262,1386,2305,50,54,0,1630E
R263,1389,2306,50,54,0,1630E
R264,1391,2306,50,54,0,1630E
R265,1394,2306,50,54,0,1630E
R266,1396,2306,50,54,0,1630E
R267,1399,2306,50,54,0,1630E
R268,1401,2306,50,54,0,1600E
R269,1404,2306,50,54,0,1600E
R270,1406,2307,50,54,0,1600E
R271,1409,2307,50,54,0,1600E
R272,1411,2308,50,54,0,1600E
R273,1414,2309,50,54,0,1600E
R274,1416,2310,50,54,0,1570E
R275,1419,2311,50,54,0,1570E
R276,1421,2312,50,54,0,1570E
R277,1423,2314,50,54,0,1550E
R278,1425,2316,50,54,0,1550E
R279,1427,2317,50,54,0,1550E
R280,1429,2318,50,54,0,1510E
R281,1431,2321,50,54,0,1510E
R282,1433,2322,50,54,0,1510E
R283,1436,2324,50,54,0,1490E
R284,1438,2325,50,54,0,1490E
R285,1441,2326,50,54,0,1490E
R286,1443,2326,50,54,0,1480E
R287,1446,2327,50,54,0,1480E
R288,1448,2328,50,54,0,1480E
R289,1450,2329,50,54,0,1470E
R290,1452,2330,50,54,0,1470E
R291,1454,2332,50,54,0,1470E
R292,1456,2333,50,54,0,1430E
R293,1459,2334,50,54,0,1430E
R294,1461,2336,50,54,0,1430E
R295,1463,2337,50,54,0,1430E
R296,1466,2338,50,54,0,1430E
R297,1468,2340,50,54,0,1430E
R298,1470,2341,50,54,0,1420E
R299,1472,2342,50,54,0,1420E
R300,1474,2342,50,54,0,1420E
R301,1476,2343,50,54,0,1400E
R302,1479,2344,50,54,0,1400E
R303,1481,2345,50,54,0,1400E
R304,1483,2346,50,54,0,1400E
R305,1485,2347,50,54,0,1400E
R306,1488,2348,50,54,0,1400E
R307,1490,2348,50,54,0,1400E
R308,1492,2350,50,54,0,1400E
R309,1495,2352,50,54,0,1400E
R310,1497,2353,50,54,0,1400E
R311,1499,2354,50,54,0,1400E
R312,1501,2356,50,54,0,1400E
R313,1503,2356,50,54,0,1380E
R314,1505,2356,50,54,0,1380E
R315,1507,2356,50,54,0,1380E
R316,1509,2357,50,54,0,1360E
R317,1511,2359,50,54,0,1360E
R318,1513,2362,50,54,0,1360E
R319,1516,2364,50,54,0,1360E
R320,1518,2366,50,54,0,1360E
R321,1520,2367,50,54,0,1360E
R322,1522,2370,50,54,0,1350E
R323,1524,2371,50,54,0,1350E
R324,1526,2372,50,54,0,1350E
R325,1528,2372,50,54,0,1330E
R326,1530,2373,50,54,0,1330E
R327,1532,2374,50,54,0,1330E
R328,1534,2375,50,54,0,1320E
R329,1536,2377,50,54,0,1320E
R330,1538,2378,50,54,0,1320E
R331,1540,2380,50,54,0,1300E
R332,1542,2381,50,54,0,1300E
R333,1544,2383,50,54,0,1300E
R334,1546,2384,50,54,0,1290E
R335,1548,2385,50,54,0,1290E
R336,1550,2387,50,54,0,1290E
R337,1552,2389,50,54,0,1280E
R338,1555,2391,50,54,0,1280E
R339,1557,2393,50,54,0,1280E
R340,1558,2394,50,54,0,1270E
R341,1561,2395,50,54,0,1270E
R342,1563,2397,50,54,0,1270E
R343,1565,2398,50,54,0,1270E
R344,1567,2399,50,54,0,1270E
R345,1569,2400,50,54,0,1270E
R346,1571,2400,50,54,0,1280E
R347,1573,2400,50,54,0,1280E
R348,1575,2400,50,54,0,1280E
R349,1577,2401,50,54,0,1270E
R350,1579,2401,50,54,0,1270E
R351,1581,2401,50,51,0,1270E
R352,1583,2401,50,46,0,1260E
R353,1585,2401,50,43,0,1260E
R354,1587,2402,50,42,0,1260E
R355,1589,2404,50,42,0,1260E
R356,1590,2405,50,42,0,1260E
R357,1592,2405,50,42,0,1260E
R358,1595,2405,50,42,0,1250E
R359,1597,2405,50,42,0,1250E
R360,1599,2405,50,42,0,1250E
R361,1601,2405,50,42,0,1250E
R362,1603,2405,50,42,0,1250E
R363,1605,2405,50,42,0,1250E
R364,1607,2405,50,42,0,1240E
R365,1609,2405,50,42,0,1240E
R366,1610,2404,50,42,0,1240E
R367,1612,2403,50,42,0,1220E
R368,1614,2403,50,42,0,1220E
R369,1616,2403,50,42,0,1220E
R370,1618,2403,50,42,0,1220E
R371,1620,2403,50,42,0,1220E
R372,1622,2402,50,42,0,1220E
R373,1623,2400,50,42,0,1200E
R374,1626,2400,50,42,0,1200E
R375,1628,2400,50,42,0,1200E
R376,1629,2400,50,42,0,1200E
R377,1631,2400,50,42,0,1200E
R378,1633,2401,50,42,0,1200E
R379,1634,2403,50,42,0,1180E
R380,1636,2406,50,42,0,1180E
R381,1638,2408,50,42,0,1180E
R382,1639,2410,50,42,0,1160E
R383,1641,2412,50,42,0,1160E
R384,1643,2412,50,42,0,1160E
R385,1645,2412,50,42,0,1170E
R386,1646,2412,50,42,0,1170E
R387,1648,2412,50,42,0,1170E
R388,1650,2412,50,42,0,1150E
R389,1651,2413,50,42,0,1150E
R390,1653,2414,50,42,0,1150E
R391,1655,2415,50,42,0,1130E
R392,1657,2416,50,42,0,1130E
R393,1658,2417,50,42,0,1130E
R394,1660,2419,50,42,0,1120E
R395,1662,2419,50,42,0,1120E
R396,1664,2419,50,42,0,1120E
R397,1666,2419,50,42,0,1130E
R398,1668,2419,50,42,0,1130E
R399,1669,2419,50,42,0,1130E
R400,1671,2419,50,42,0,1110E
R401,1673,2419,50,42,0,1110E
R402,1675,2419,50,42,0,1110E
R403,1677,2420,50,42,0,1120E
R404,1679,2421,50,42,0,1120E
R405,1681,2422,50,42,0,1120E
R406,1682,2423,50,42,0,1110E
R407,1684,2423,50,42,0,1110E
R408,1686,2423,50,42,0,1110E
R409,1688,2424,50,42,0,1100E
R410,1690,2425,50,42,0,1100E
R411,1691,2425,50,42,0,1100E
R412,1693,2425,50,42,0,1110E
R413,1694,2425,50,42,0,1110E
R414,1696,2425,50,42,0,1110E
R415,1697,2425,50,42,0,1080E
R416,1699,2425,50,42,0,1080E
R417,1701,2426,50,42,0,1080E
R418,1702,2427,50,42,0,1070E
R419,1704,2428,50,42,0,1070E
R420,1706,2430,50,42,0,1070E
R421,1708,2432,50,42,0,1080E
R422,1709,2432,50,42,0,1080E
R423,1711,2432,50,42,0,1080E
R424,1713,2433,50,42,0,1070E
R425,1715,2433,50,42,0,1070E
R426,1716,2434,50,42,0,1070E
R427,1718,2434,50,42,0,1060E
R428,1720,2434,50,42,0,1060E
R429,1721,2435,50,42,0,1060E
R430,1723,2435,50,42,0,1060E
R431,1725,2436,50,42,0,1060E
R432,1726,2436,50,42,0,1060E
R433,1728,2436,50,42,0,1050E
R434,1730,2436,50,42,0,1050E
R435,1731,2436,50,42,0,1050E
R436,1733,2437,50,42,0,1040E
R437,1735,2439,50,42,0,1040E
R438,1736,2440,50,42,0,1040E
R439,1738,2441,50,42,0,1040E
R440,1740,2442,50,42,0,1040E
R441,1741,2444,50,42,0,1040E
R442,1742,2445,50,42,0,1020E
R443,1745,2447,50,42,0,1020E
R444,1746,2448,50,42,0,1020E
R445,1747,2450,50,42,0,1020E
R446,1749,2452,50,42,0,1020E
R447,1751,2454,50,42,0,1020E
R448,1752,2457,50,42,0,1010E
R449,1754,2459,50,42,0,1010E
R450,1756,2461,50,42,0,1010E
R451,1757,2461,50,42,0,1010E
R452,1758,2462,50,42,0,1010E
R453,1760,2462,50,42,0,1010E
R454,1762,2462,50,40,0,1010E
R455,1763,2462,50,37,0,1010E
R456,1766,2462,50,37,0,1010E
R457,1767,2462,50,36,0,1010E
R458,1769,2463,50,35,0,1010E
R459,1771,2464,50,35,0,1010E
R460,1772,2465,50,35,0,1010E
R461,1774,2465,50,35,0,1010E
R462,1776,2465,50,35,0,1010E
R463,1777,2465,50,35,0,1010E
R464,1779,2464,50,35,0,1010E
R465,1780,2464,50,35,0,1010E
R466,1782,2463,50,35,0,1010E
R467,1783,2463,50,35,0,1010E
R468,1784,2462,50,35,0,1010E
R469,1787,2460,50,35,0,990E
R470,1788,2459,50,35,0,990E
R471,1789,2458,50,35,0,990E
R472,1791,2457,50,35,0,990E
R473,1792,2456,50,35,0,990E
R474,1794,2455,50,35,0,990E
R475,1795,2455,50,35,0,980E
R476,1797,2455,50,35,0,980E
R477,1798,2455,50,35,0,980E
R478,1800,2455,50,35,0,980E
R479,1801,2455,50,35,0,980E
R480,1803,2455,50,35,0,980E
R481,1804,2454,50,35,0,970E
R482,1806,2454,50,35,0,970E
R483,1807,2453,50,35,0,970E
R484,1808,2452,50,35,0,960E
R485,1810,2451,50,35,0,960E
R486,1811,2450,50,35,0,960E
R487,1812,2449,50,35,0,940E
R488,1814,2449,50,35,0,940E
R489,1815,2449,50,35,0,940E
R490,1817,2449,50,35,0,930E
R491,1818,2449,50,35,0,930E
R492,1819,2449,50,35,0,930E
R493,1820,2449,50,35,0,920E
R494,1822,2449,50,35,0,920E
R495,1823,2449,50,35,0,920E
R496,1825,2449,50,35,0,930E
R497,1826,2448,50,35,0,930E
R498,1828,2448,50,35,0,930E
R499,1829,2448,50,35,0,910E
R500,1831,2448,50,35,0,910E
R501,1832,2448,50,35,0,910E
R502,1834,2449,50,35,0,920E
R503,1835,2449,50,35,0,920E
R504,1836,2450,50,35,0,920E
R505,1838,2451,50,35,0,910E
R506,1839,2452,50,33,0,910E
R507,1840,2452,50,32,0,910E
R508,1842,2453,50,31,0,900E
R509,1843,2454,50,30,0,900E
R510,1844,2454,50,30,0,900E
R511,1846,2454,50,30,0,890E
R512,1847,2454,50,30,0,890E
R513,1848,2454,50,30,0,890E
R514,1849,2454,50,30,0,860E
R515,1851,2453,50,30,0,860E
R516,1852,2453,50,30,0,860E
R517,1854,2452,50,30,0,880E
R518,1855,2451,50,30,0,880E
R519,1856,2451,50,30,0,880E
R520,1857,2451,50,30,0,850E
R521,1858,2451,50,30,0,850E
R522,1859,2451,50,30,0,850E
R523,1861,2451,50,30,0,840E
R524,1862,2451,50,30,0,840E
R525,1863,2450,50,30,0,840E
R526,1865,2450,50,30,0,830E
R527,1866,2449,50,30,0,830E
R528,1868,2449,50,30,0,830E
R529,1869,2449,50,30,0,830E
R530,1870,2450,50,30,0,830E
R531,1872,2450,50,30,0,830E
R532,1873,2450,50,30,0,830E
R533,1874,2451,50,30,0,830E
R534,1876,2452,50,30,0,830E
R535,1877,2453,50,30,0,820E
R536,1878,2453,50,30,0,820E
R537,1879,2453,50,30,0,820E
R538,1880,2453,50,30,0,800E
R539,1881,2453,50,30,0,800E
R540,1882,2453,50,30,0,800E
R541,1884,2453,50,30,0,800E
R542,1885,2453,50,30,0,800E
R543,1886,2453,50,30,0,800E
R544,1887,2454,50,30,0,780E
R545,1888,2455,50,30,0,780E
R546,1890,2456,50,30,0,780E
R547,1891,2457,50,30,0,790E
R548,1892,2458,50,30,0,790E
R549,1893,2459,50,30,0,790E
R550,1894,2459,50,30,0,770E
R551,1896,2459,50,30,0,770E
R552,1897,2459,50,30,0,770E
R553,1898,2459,50,30,0,770E
R554,1900,2459,50,30,0,770E
R555,1901,2459,50,30,0,770E
R556,1902,2459,50,30,0,770E
R557,1904,2459,50,30,0,770E
R558,1905,2459,50,30,0,770E
R559,1906,2459,50,30,0,770E
R560,1907,2460,50,30,0,770E
R561,1909,2460,50,30,0,770E
R562,1910,2460,50,30,0,780E
R563,1911,2460,50,30,0,780E
R564,1912,2460,50,30,0,780E
R565,1914,2461,50,28,0,780E
R566,1915,2461,50,27,0,780E
R567,1916,2461,50,26,0,780E
R568,1918,2462,50,25,0,780E
R569,1919,2462,50,25,0,780E
R570,1921,2462,50,25,0,780E
R571,1921,2462,50,25,0,770E
R572,1922,2462,50,25,0,770E
R573,1924,2461,50,25,0,770E
R574,1925,2460,50,25,0,770E
R575,1926,2459,50,25,0,770E
R576,1927,2457,50,25,0,770E
R577,1928,2456,50,25,0,760E
R578,1929,2455,50,25,0,760E
R579,1930,2453,51,25,0,760E
R580,1931,2451,57,25,0,740E
R581,1932,2449,60,25,0,740E
R582,1933,2447,60,25,0,740E
R583,1934,2446,60,25,0,730E
R584,1934,2444,60,25,0,730E
R585,1935,2443,60,25,0,730E
R586,1937,2442,60,25,0,720E
R587,1938,2441,60,25,0,720E
R588,1939,2439,60,25,0,720E
R589,1940,2438,60,25,0,710E
R590,1942,2437,60,25,0,710E
R591,1943,2436,60,25,0,710E
R592,1944,2435,60,25,0,720E
R593,1945,2434,60,25,0,720E
R594,1946,2434,60,25,0,720E
R595,1947,2434,60,25,0,710E
R596,1948,2434,60,25,0,710E
R597,1948,2433,60,25,0,710E
R598,1949,2433,60,25,0,680E
R599,1950,2433,60,25,0,680E
R600,1952,2432,60,25,0,680E
R601,1953,2432,60,25,0,690E
R602,1954,2432,60,25,0,690E
R603,1955,2432,60,25,0,690E
R604,1956,2432,60,25,0,680E
R605,1957,2432,60,25,0,680E
R606,1959,2430,60,25,0,680E
R607,1960,2430,60,25,0,690E
R608,1960,2429,60,25,0,690E
R609,1961,2429,60,25,0,690E
R610,1962,2429,60,25,0,660E
R611,1963,2429,60,25,0,660E
R612,1964,2430,60,25,0,660E
R613,1965,2430,60,25,0,650E
R614,1966,2431,60,25,0,650E
R615,1966,2432,60,25,0,650E
R616,1968,2432,60,25,0,650E
R617,1969,2432,60,25,0,650E
R618,1970,2432,60,25,0,650E
R619,1971,2432,60,25,0,640E
R620,1972,2432,60,25,0,640E
R621,1972,2432,60,25,0,640E
R622,1974,2432,60,25,0,640E
R623,1975,2432,60,25,0,640E
R624,1976,2432,60,25,0,640E
R625,1977,2432,60,25,0,630E
R626,1978,2432,60,25,0,630E
R627,1979,2432,60,25,0,630E
R628,1981,2432,60,25,0,630E
R629,1981,2432,60,25,0,630E
R630,1983,2432,60,25,0,630E
R631,1984,2432,60,25,0,640E
R632,1984,2432,60,25,0,640E
R633,1985,2433,60,25,0,640E
R634,1986,2434,60,25,0,620E
R635,1987,2434,60,25,0,620E
R636,1987,2434,60,25,0,620E
R637,1988,2434,60,25,0,600E
R638,1989,2434,60,25,0,600E
R639,1990,2434,60,25,0,600E
R640,1991,2435,60,25,0,600E
R641,1992,2435,60,25,0,600E
R642,1993,2435,60,25,0,600E
R643,1993,2436,60,25,0,580E
R644,1995,2436,60,25,0,580E
R645,1995,2436,60,25,0,580E
R646,1996,2437,60,25,0,580E
R647,1997,2437,60,25,0,580E
R648,1999,2438,60,25,0,580E
R649,2000,2438,60,25,0,600E
R650,2001,2439,60,25,0,600E
R651,2002,2440,60,25,0,600E
R652,2003,2441,60,25,0,600E
R653,2004,2442,60,25,0,600E
R654,2005,2443,60,25,0,600E
R655,2006,2444,60,25,0,600E
R656,2007,2444,60,25,0,600E
R657,2008,2445,60,25,0,600E
R658,2009,2445,60,25,0,600E
R659,2011,2445,60,25,0,600E
R660,2012,2445,60,25,0,600E
R661,2012,2446,60,25,0,600E
R662,2013,2446,60,25,0,600E
R663,2014,2447,60,25,0,600E
R664,2015,2447,60,25,0,600E
R665,2016,2448,60,25,0,600E
R666,2017,2449,60,25,0,600E
R667,2018,2449,60,25,0,600E
R668,2020,2450,60,25,0,600E
R669,2020,2450,60,25,0,600E
R670,2022,2451,60,25,0,610E
R671,2023,2452,60,25,0,610E
R672,2024,2452,60,25,0,610E
R673,2025,2453,60,25,0,600E
R674,2025,2453,60,25,0,600E
R675,2027,2454,60,25,0,600E
R676,2028,2455,60,25,0,610E
R677,2029,2455,60,25,0,610E
R678,2031,2456,60,25,0,610E
R679,2032,2456,60,25,0,630E
R680,2033,2457,60,25,0,630E
R681,2034,2457,60,25,0,630E
R682,2036,2458,60,25,0,620E
R683,2037,2458,60,25,0,620E
R684,2038,2459,60,25,0,620E
R685,2039,2460,60,25,0,640E
R686,2040,2460,60,25,0,640E
R687,2041,2461,60,25,0,640E
R688,2042,2461,60,25,0,640E
R689,2043,2462,60,23,0,640E
R690,2045,2462,60,21,0,640E
R691,2046,2463,60,21,0,650E
R692,2047,2464,60,20,0,650E
R693,2047,2464,60,20,0,650E
R694,2049,2464,60,20,0,650E
R695,2050,2465,60,20,0,650E
R696,2050,2465,60,20,0,650E
R697,2051,2465,60,20,0,620E
R698,2052,2465,60,20,0,620E
R699,2053,2465,60,20,0,620E
R700,2054,2464,60,20,0,620E
R701,2055,2463,60,20,0,620E
R702,2056,2463,60,20,0,620E
R703,2057,2462,60,20,0,620E
R704,2058,2462,60,20,0,620E
R705,2060,2461,60,20,0,620E
R706,2062,2461,60,20,0,650E
R707,2063,2461,60,20,0,650E
R708,2063,2460,60,20,0,650E
R709,2064,2460,60,20,0,620E
R710,2065,2459,60,20,0,620E
R711,2067,2459,60,20,0,620E
R712,2068,2459,60,20,0,640E
R713,2069,2458,60,20,0,640E
R714,2070,2458,60,20,0,640E
R715,2070,2458,60,20,0,610E
R716,2071,2458,60,20,0,610E
R717,2073,2458,60,20,0,610E
R718,2074,2458,60,20,0,640E
R719,2075,2458,60,20,0,640E
R720,2075,2458,60,20,0,640E
R721,2076,2458,60,20,0,600E
R722,2077,2458,60,20,0,600E
R723,2079,2458,60,20,0,600E
R724,2079,2459,60,20,0,600E
R725,2079,2460,60,20,0,600E
R726,2080,2461,60,20,0,600E
R727,2081,2462,60,20,0,580E
R728,2082,2463,60,20,0,580E
R729,2083,2463,60,20,0,580E
R730,2085,2463,60,20,0,610E
R731,2085,2463,60,20,0,610E
R732,2086,2463,60,20,0,610E
R733,2088,2464,60,20,0,580E
R734,2089,2464,60,20,0,580E
R735,2090,2465,60,20,0,580E
R736,2090,2465,60,20,0,580E
R737,2091,2465,60,20,0,580E
R738,2093,2465,60,20,0,580E
R739,2094,2466,60,20,0,610E
R740,2095,2466,60,20,0,610E
R741,2096,2466,60,20,0,610E
R742,2097,2467,60,20,0,610E
R743,2097,2468,60,20,0,610E
R744,2098,2469,60,20,0,610E
R745,2099,2470,60,20,0,580E
R746,2100,2471,60,20,0,580E
R747,2102,2471,60,20,0,580E
R748,2103,2471,60,20,0,610E
R749,2104,2471,60,20,0,610E
R750,2106,2471,60,20,0,610E
R751,2107,2471,60,20,0,630E
R752,2108,2472,60,20,0,630E
R753,2110,2473,60,20,0,630E
R754,2111,2473,60,20,0,650E
R755,2111,2475,60,20,0,650E
R756,2113,2475,60,20,0,650E
R757,2114,2475,60,20,0,650E
R758,2115,2476,60,20,0,650E
R759,2116,2476,60,20,0,650E
R760,2117,2477,60,20,0,640E
R761,2119,2478,60,15,0,640E
R762,2119,2480,60,14,0,640E
R763,2121,2481,60,14,0,660E
R764,2122,2483,60,14,0,660E
R765,2123,2483,60,15,0,660E
R766,2124,2483,60,15,0,650E
R767,2125,2483,60,15,0,650E
R768,2126,2483,60,15,0,650E
R769,2128,2483,60,15,0,670E
R770,2129,2482,60,15,0,670E
R771,2130,2481,60,15,0,670E
R772,2131,2480,60,15,0,660E
R773,2133,2478,60,15,0,660E
R774,2134,2477,60,15,0,660E
R775,2135,2476,60,15,0,670E
R776,2136,2475,60,15,0,670E
R777,2138,2474,60,15,0,670E
R778,2139,2473,60,15,0,690E
R779,2141,2472,60,10,0,690E
R780,2142,2471,60,10,0,690E
R781,2143,2470,60,10,0,700E
R782,2145,2469,60,10,0,700E
R783,2145,2467,60,10,0,700E
R784,2146,2466,60,10,0,690E
R785,2147,2465,60,10,0,690E
R786,2148,2462,60,10,0,690E
R787,2149,2460,60,10,0,680E
R788,2149,2458,60,10,0,680E
R789,2150,2456,60,10,0,680E
R790,2151,2453,60,10,0,650E
R791,2151,2450,60,10,0,650E
R792,2153,2448,60,10,0,650E
R793,2154,2446,60,10,0,640E
R794,2155,2445,60,10,0,640E
R795,2156,2443,60,10,0,640E
R796,2158,2441,60,10,0,660E
R797,2159,2439,60,10,0,660E
R798,2160,2438,60,10,0,660E
R799,2161,2437,60,10,0,650E
R800,2163,2435,65,10,0,650E
R801,2164,2434,66,10,0,650E
R802,2165,2433,65,10,0,670E
R803,2166,2432,65,10,0,670E
R804,2166,2430,65,10,0,670E
R805,2167,2429,65,10,0,640E
R806,2168,2429,65,10,0,640E
R807,2169,2428,65,10,0,640E
R808,2171,2427,65,10,0,660E
R809,2172,2426,65,10,0,660E
R810,2172,2426,65,10,0,660E
R811,2173,2426,65,10,0,620E
R812,2173,2425,65,10,0,620E
R813,2174,2425,65,10,0,620E
R814,2175,2425,65,10,0,590E
R815,2176,2424,65,10,0,590E
R816,2177,2424,65,10,0,590E
R817,2178,2424,65,10,0,590E
R818,2180,2424,65,10,0,590E
R819,2180,2424,65,10,0,590E
R820,2180,2424,65,10,0,570E
R821,2182,2423,65,10,0,570E
R822,2182,2422,65,10,0,570E
R823,2183,2422,65,10,0,570E
R824,2184,2422,65,10,0,570E
R825,2185,2421,65,10,0,570E
R826,2186,2421,65,10,0,570E
R827,2186,2421,65,10,0,570E
R828,2187,2421,65,10,0,570E
R829,2188,2421,65,10,0,560E
R830,2189,2421,65,10,0,560E
R831,2190,2421,65,10,0,560E
R832,2191,2421,65,10,0,560E
R833,2192,2421,65,10,0,560E
R834,2194,2421,65,10,0,560E
R835,2194,2421,65,10,0,560E
R836,2196,2421,65,10,0,560E
R837,2196,2421,65,10,0,560E
R838,2197,2421,65,10,0,570E
R839,2198,2421,65,10,0,570E
R840,2199,2421,65,10,0,570E
R841,2200,2421,65,10,0,570E
R842,2200,2421,65,10,0,570E
R843,2201,2422,65,10,0,570E
R844,2203,2422,65,10,0,570E
R845,2204,2422,65,10,0,570E
R846,2205,2423,65,10,0,570E
R847,2206,2423,65,10,0,570E
R848,2207,2423,65,10,0,570E
R849,2208,2423,65,10,0,570E
R850,2209,2423,65,10,0,570E
R851,2210,2423,65,10,0,570E
R852,2211,2424,65,10,0,570E
R853,2212,2425,65,10,0,580E
R854,2212,2425,65,10,0,580E
R855,2213,2425,65,10,0,580E
R856,2214,2426,65,10,0,560E
R857,2215,2426,65,10,0,560E
R858,2216,2427,65,10,0,560E
R859,2217,2427,65,10,0,570E
R860,2218,2427,65,10,0,570E
R861,2219,2427,65,10,0,570E
R862,2220,2427,65,10,0,570E
R863,2220,2427,65,10,0,570E
R864,2222,2428,65,10,0,570E
R865,2223,2428,65,10,0,570E
R866,2224,2428,65,10,0,570E
R867,2225,2429,65,10,0,570E
R868,2226,2430,65,10,0,570E
R869,2228,2431,65,10,0,570E
R870,2229,2431,65,10,0,570E
R871,2229,2431,65,10,0,570E
R872,2231,2432,65,10,0,570E
R873,2231,2432,65,10,0,570E
R874,2233,2433,65,10,0,590E
R875,2234,2433,65,10,0,590E
R876,2236,2433,65,10,0,590E
R877,2237,2433,65,10,0,600E
R878,2238,2434,65,10,0,600E
R879,2239,2434,65,10,0,600E
R880,2240,2435,65,10,0,600E
R881,2241,2435,65,10,0,600E
R882,2242,2436,65,10,0,600E
R883,2243,2436,65,10,0,600E
R884,2243,2437,65,10,0,600E
R885,2244,2438,65,10,0,600E
R886,2245,2438,65,10,0,590E
R887,2245,2438,65,10,0,590E
R888,2246,2438,65,10,0,590E
R889,2247,2438,65,10,0,570E
R890,2248,2438,65,10,0,570E
R891,2249,2438,65,10,0,570E
R892,2250,2439,65,10,0,570E
R893,2250,2439,65,10,0,570E
R894,2251,2439,65,10,0,570E
R895,2252,2439,65,10,0,560E
R896,2254,2440,65,10,0,560E
R897,2255,2440,65,10,0,560E
R898,2256,2441,65,10,0,580E
R899,2257,2441,65,10,0,580E
R900,2259,2442,65,10,0,580E
R901,2260,2443,65,10,0,600E
R902,2261,2443,65,10,0,600E
R903,2263,2444,65,10,0,600E
R904,2263,2444,65,10,0,600E
R905,2264,2445,65,10,0,600E
R906,2265,2445,65,10,0,600E
R907,2266,2445,65,10,0,600E
R908,2267,2446,65,10,0,600E
R909,2267,2446,65,10,0,600E
R910,2269,2446,65,10,0,600E
R911,2269,2447,65,10,0,600E
R912,2270,2447,65,10,0,600E
R913,2271,2447,65,10,0,580E
R914,2271,2447,65,10,0,580E
R915,2271,2447,65,10,0,580E
R916,2272,2448,65,10,0,550E
R917,2273,2448,65,10,0,550E
R918,2274,2448,65,10,0,550E
R919,2275,2449,65,10,0,550E
R920,2276,2449,65,10,0,550E
R921,2277,2449,65,10,0,550E
R922,2278,2450,65,10,0,560E
R923,2280,2451,65,10,0,560E
R924,2281,2451,65,10,0,560E
R925,2282,2452,65,10,0,580E
R926,2284,2452,65,10,0,580E
R927,2285,2452,65,10,0,580E
R928,2286,2452,65,10,0,600E
R929,2288,2453,65,10,0,600E
R930,2289,2453,65,10,0,600E
R931,2290,2453,65,10,0,630E
R932,2290,2453,65,10,0,630E
R933,2291,2453,65,10,0,630E
R934,2292,2453,65,10,0,600E
R935,2292,2453,65,10,0,600E
R936,2293,2454,68,10,0,600E
R937,2294,2455,68,10,0,570E
R938,2296,2455,69,10,0,570E
R939,2297,2456,69,10,0,570E
R940,2298,2456,70,10,0,600E
R941,2298,2457,70,10,0,600E
R942,2298,2457,70,10,0,600E
R943,2299,2458,70,10,0,540E
R944,2300,2458,70,10,0,540E
R945,2301,2459,70,10,0,540E
R946,2303,2459,70,10,0,590E
R947,2304,2459,70,10,0,590E
R948,2305,2460,70,10,0,590E
R949,2306,2460,70,10,0,590E
R950,2307,2460,70,10,0,590E
R951,2308,2461,70,10,0,590E
R952,2309,2461,70,10,0,590E
R953,2310,2461,70,10,0,590E
R954,2311,2462,70,10,0,590E
R955,2312,2462,70,10,0,590E
R956,2313,2462,70,10,0,590E
R957,2314,2462,70,10,0,590E
P1992,803,74,1600,360,1950,598,375,359,2315,957E
