R1,1787,2116,46,23,0,6250E
R2,1795,2141,46,38,0,6250E
R3,1805,2167,46,52,0,6250E
R4,1816,2189,46,52,0,6220E
R5,1818,2199,46,51,0,6220E
R6,1809,2200,46,50,0,6220E
R7,1762,2190,46,50,0,780E
R8,1708,2166,46,50,0,780E
R9,1664,2122,46,50,0,780E
R10,1623,2097,46,50,0,-9500E
R11,1577,2056,46,50,0,-9500E
R12,1539,2031,46,50,0,-9500E
R13,1498,2008,46,50,0,-9500E
R14,1458,1981,46,50,0,-9500E
R15,1427,1957,46,50,0,-9500E
R16,1403,1931,46,50,0,-9500E
R17,1361,1907,46,50,0,-9500E
R18,1337,1899,46,50,0,-9500E
R19,1312,1882,46,50,0,-9500E
R20,1285,1867,46,50,0,-9500E
R21,1260,1855,46,50,0,-9500E
R22,1222,1843,46,50,0,-9500E
R23,1209,1833,46,50,0,-9500E
R24,1182,1824,46,50,0,-9500E
R25,1156,1817,46,50,0,-9500E
R26,1146,1810,46,50,0,-9500E
R27,1122,1804,46,50,0,-9500E
R28,1099,1799,46,50,0,-9500E
R29,1091,1793,46,50,0,-9500E
R30,1073,1789,46,50,0,-9500E
R31,1050,1785,46,67,0,-9500E
R32,1041,1783,46,79,0,-9500E
R33,1025,1780,46,81,0,-9500E
R34,1011,1779,46,81,0,-8100E
R35,1001,1779,46,81,0,-8100E
R36,985,1780,46,81,0,-8100E
R37,972,1782,46,81,0,-8320E
R38,960,1785,46,81,0,-8320E
R39,948,1788,46,81,0,-8320E
R40,935,1793,46,81,0,-7860E
R41,926,1796,46,81,0,-7860E
R42,917,1800,46,81,0,-7860E
R43,906,1807,46,81,0,-6760E
R44,899,1813,46,81,0,-6760E
R45,892,1819,46,81,0,-6760E
R46,884,1824,46,81,0,-5430E
R47,877,1829,46,81,0,-5430E
R48,871,1834,46,81,0,-5430E
R49,864,1839,46,81,0,-4480E
R50,858,1848,46,81,0,-4480E
R51,853,1855,46,81,0,-4480E
R52,848,1861,46,81,0,-3690E
R53,843,1869,46,81,0,-3690E
R54,839,1875,46,81,0,-3690E
R55,835,1883,46,81,0,-3050E
R56,830,1889,46,81,0,-3050E
R57,827,1897,46,81,0,-3050E
R58,824,1902,46,81,0,-2580E
R59,821,1908,46,81,0,-2580E
R60,819,1914,46,81,0,-2580E
R61,816,1920,46,81,0,-2080E
R62,814,1923,46,81,0,-2080E
R63,812,1928,46,81,0,-2080E
R64,810,1932,46,81,0,-1640E
R65,809,1936,46,81,0,-1640E
R66,807,1940,46,81,0,-1640E
R67,807,1945,46,81,0,-1130E
R68,807,1948,46,81,0,-1130E
R69,807,1952,46,81,0,-1130E
R70,807,1957,46,81,0,-570E
R71,807,1961,46,81,0,-570E
R72,807,1965,46,81,0,-570E
R73,807,1970,46,81,0,-270E
R74,807,1975,46,81,0,-270E
R75,807,1978,46,81,0,-270E
R76,807,1982,46,81,0,-150E
R77,808,1987,46,81,0,-150E
R78,809,1992,46,81,0,-150E
R79,811,1995,46,81,0,190E
R80,812,1999,46,81,0,190E
R81,813,2004,46,81,0,190E
R82,814,2008,46,81,0,360E
R83,816,2013,46,81,0,360E
R84,818,2019,46,81,0,360E
R85,820,2023,46,81,0,670E
R86,822,2027,46,81,0,670E
R87,823,2031,46,81,0,670E
R88,825,2034,46,81,0,800E
R89,827,2038,46,81,0,800E
R90,829,2041,46,81,0,800E
R91,831,2045,46,81,0,940E
R92,833,2050,46,81,0,940E
R93,836,2054,46,81,0,940E
R94,838,2057,46,81,0,1090E
R95,841,2060,46,81,0,1090E
R96,843,2062,46,81,0,1090E
R97,846,2065,46,81,0,1250E
R98,849,2068,46,81,0,1250E
R99,851,2071,46,81,0,1250E
R100,854,2076,46,81,0,1360E
R101,857,2080,46,81,0,1360E
R102,861,2084,46,81,0,1360E
R103,864,2088,46,81,0,1560E
R104,867,2090,46,81,0,1560E
R105,870,2095,46,81,0,1560E
R106,873,2098,46,81,0,1570E
R107,875,2101,46,81,0,1570E
R108,878,2103,46,81,0,1570E
R109,881,2105,46,81,0,1630E
R110,884,2108,46,81,0,1630E
R111,888,2110,46,81,0,1630E
R112,891,2114,46,81,0,1670E
R113,894,2117,46,81,0,1670E
R114,897,2120,46,81,0,1670E
R115,901,2124,46,81,0,1780E
R116,904,2127,46,81,0,1780E
R117,907,2130,46,81,0,1780E
R118,911,2133,46,81,0,1790E
R119,913,2136,46,81,0,1790E
R120,917,2139,46,81,0,1790E
R121,921,2143,46,81,0,1830E
R122,924,2146,46,81,0,1830E
R123,927,2149,46,81,0,1830E
R124,931,2151,46,81,0,1900E
R125,934,2154,46,81,0,1900E
R126,937,2157,46,81,0,1900E
R127,941,2161,46,81,0,1920E
R128,945,2165,46,81,0,1920E
R129,948,2169,46,81,0,1920E
R130,952,2172,46,81,0,1930E
R131,955,2174,46,81,0,1930E
R132,959,2176,46,81,0,1930E
R133,962,2178,46,81,0,1940E
R134,966,2180,46,81,0,1940E
R135,969,2182,46,81,0,1940E
R136,973,2185,46,81,0,1980E
R137,976,2187,46,81,0,1980E
R138,980,2189,46,81,0,1980E
R139,984,2192,46,81,0,2020E
R140,987,2195,46,81,0,2020E
R141,991,2199,46,81,0,2020E
R142,994,2202,46,81,0,2050E
R143,997,2204,46,81,0,2050E
R144,1001,2206,46,81,0,2050E
R145,1004,2207,46,81,0,2040E
R146,1007,2209,46,81,0,2040E
R147,1011,2211,46,81,0,2040E
R148,1015,2212,46,81,0,2060E
R149,1019,2215,46,81,0,2060E
R150,1022,2218,46,81,0,2060E
R151,1026,2220,46,81,0,2080E
R152,1029,2222,46,81,0,2080E
R153,1033,2224,46,81,0,2080E
R154,1037,2225,46,81,0,2100E
R155,1041,2226,46,81,0,2100E
R156,1044,2229,46,81,0,2100E
R157,1048,2232,46,81,0,2110E
R158,1051,2234,46,81,0,2110E
R159,1054,2237,46,81,0,2110E
R160,1057,2239,46,81,0,2070E
R161,1061,2241,46,81,0,2070E
R162,1065,2242,46,81,0,2070E
R163,1068,2244,46,81,0,2090E
R164,1072,2246,46,81,0,2090E
R165,1076,2247,46,81,0,2090E
R166,1079,2248,46,81,0,2070E
R167,1082,2249,46,81,0,2070E
R168,1086,2251,46,81,0,2070E
R169,1089,2252,46,81,0,2060E
R170,1093,2253,46,81,0,2060E
R171,1096,2255,46,81,0,2060E
R172,1098,2256,46,81,0,2050E
R173,1102,2258,46,81,0,2050E
R174,1106,2259,46,81,0,2050E
R175,1109,2260,46,81,0,2070E
R176,1112,2262,46,81,0,2070E
R177,1116,2265,46,81,0,2070E
R178,1119,2268,46,81,0,2060E
R179,1122,2271,46,81,0,2060E
R180,1126,2275,46,81,0,2060E
R181,1129,2277,46,81,0,2050E
R182,1133,2279,46,81,0,2050E
R183,1136,2279,46,81,0,2050E
R184,1139,2280,46,81,0,2030E
R185,1141,2281,46,81,0,2030E
R186,1144,2281,46,81,0,2030E
R187,1148,2281,46,81,0,2000E
R188,1150,2281,46,81,0,2000E
R189,1153,2282,46,81,0,2000E
R190,1157,2283,46,81,0,1970E
R191,1159,2285,46,81,0,1970E
R192,1163,2288,46,81,0,1970E
R193,1167,2290,46,81,0,1980E
R194,1169,2294,46,81,0,1980E
R195,1173,2296,46,81,0,1980E
R196,1176,2299,46,81,0,1980E
R197,1178,2302,46,81,0,1980E
R198,1181,2304,46,81,0,1980E
R199,1184,2304,46,81,0,1940E
R200,1188,2304,46,77,0,1940E
R201,1191,2304,46,73,0,1940E
R202,1194,2304,46,71,0,1940E
R203,1197,2305,46,71,0,1940E
R204,1200,2307,46,70,0,1940E
R205,1203,2309,46,70,0,1930E
R206,1207,2310,46,70,0,1930E
R207,1210,2310,46,70,0,1930E
R208,1212,2311,46,70,0,1910E
R209,1215,2311,46,70,0,1910E
R210,1219,2310,46,70,0,1910E
R211,1221,2309,46,70,0,1900E
R212,1224,2308,46,70,0,1900E
R213,1227,2308,46,70,0,1900E
R214,1230,2308,46,70,0,1880E
R215,1232,2308,46,70,0,1880E
R216,1236,2308,46,70,0,1880E
R217,1238,2308,46,70,0,1850E
R218,1240,2310,46,70,0,1850E
R219,1244,2312,46,70,0,1850E
R220,1247,2315,46,70,0,1820E
R221,1249,2317,46,70,0,1820E
R222,1252,2320,46,70,0,1820E
R223,1256,2322,46,70,0,1840E
R224,1258,2325,46,70,0,1840E
R225,1261,2327,46,70,0,1840E
R226,1264,2328,46,70,0,1810E
R227,1266,2330,46,70,0,1810E
R228,1269,2333,46,70,0,1810E
R229,1272,2336,46,70,0,1770E
R230,1275,2338,46,70,0,1770E
R231,1278,2341,46,70,0,1770E
R232,1281,2343,46,70,0,1780E
R233,1284,2344,45,70,0,1780E
R234,1287,2345,45,70,0,1780E
R235,1289,2345,45,70,0,1750E
R236,1292,2346,46,70,0,1750E
R237,1295,2348,46,70,0,1750E
R238,1298,2349,46,70,0,1760E
R239,1301,2352,46,70,0,1760E
R240,1304,2354,46,70,0,1760E
R241,1306,2356,46,70,0,1740E
R242,1309,2358,46,70,0,1740E
R243,1312,2361,46,70,0,1740E
R244,1314,2363,46,64,0,1720E
R245,1317,2366,46,55,0,1720E
R246,1320,2369,46,56,0,1720E
R247,1322,2372,46,56,0,1700E
R248,1325,2374,46,56,0,1700E
R249,1327,2374,46,56,0,1700E
R250,1330,2374,46,56,0,1690E
R251,1332,2375,46,56,0,1690E
R252,1335,2375,46,56,0,1690E
R253,1338,2375,46,56,0,1680E
R254,1341,2375,46,56,0,1680E
R255,1343,2375,46,56,0,1680E
R256,1345,2375,46,56,0,1650E
R257,1348,2375,46,56,0,1650E
R258,1351,2375,46,56,0,1650E
R259,1353,2375,46,56,0,1640E
R260,1356,2373,46,56,0,1640E
R261,1358,2372,46,56,0,1640E
R262,1360,2371,46,56,0,1610E
R263,1362,2370,46,56,0,1610E
R264,1365,2369,46,56,0,1610E
R265,1367,2368,46,56,0,1580E
R266,1370,2367,46,56,0,1580E
R267,1372,2365,46,56,0,1580E
R268,1375,2363,46,56,0,1580E
R269,1378,2363,46,56,0,1580E
R270,1380,2363,46,56,0,1580E
R271,1383,2362,46,56,0,1580E
R272,1385,2362,46,56,0,1580E
R273,1387,2362,46,56,0,1580E
R274,1389,2361,46,56,0,1540E
R275,1391,2361,46,56,0,1540E
R276,1394,2361,46,56,0,1540E
R277,1397,2361,46,56,0,1550E
R278,1399,2362,46,56,0,1550E
R279,1402,2362,46,56,0,1550E
R280,1403,2363,46,56,0,1510E
R281,1406,2364,46,56,0,1510E
R282,1408,2365,46,56,0,1510E
R283,1410,2366,46,56,0,1490E
R284,1412,2366,46,56,0,1490E
R285,1415,2366,46,56,0,1490E
R286,1417,2366,46,56,0,1480E
R287,1418,2366,46,56,0,1480E
R288,1421,2366,46,56,0,1480E
R289,1423,2367,46,56,0,1440E
R290,1425,2368,46,56,0,1440E
R291,1427,2369,46,56,0,1440E
R292,1429,2370,46,56,0,1400E
R293,1431,2372,46,56,0,1400E
R294,1433,2374,46,56,0,1400E
R295,1435,2376,46,56,0,1370E
R296,1437,2377,46,56,0,1370E
R297,1439,2378,46,56,0,1370E
R298,1442,2379,46,56,0,1380E
R299,1444,2379,46,56,0,1380E
R300,1446,2380,46,56,0,1380E
R301,1449,2382,46,56,0,1380E
R302,1451,2383,46,56,0,1380E
R303,1453,2384,46,56,0,1380E
R304,1455,2385,46,56,0,1360E
R305,1457,2386,46,56,0,1360E
R306,1459,2387,46,56,0,1360E
R307,1461,2388,46,56,0,1340E
R308,1464,2390,46,56,0,1340E
R309,1467,2392,46,56,0,1340E
R310,1468,2393,46,56,0,1340E
R311,1471,2395,46,56,0,1340E
R312,1474,2396,46,56,0,1340E
R313,1476,2398,46,56,0,1350E
R314,1478,2401,46,56,0,1350E
R315,1481,2403,46,56,0,1350E
R316,1483,2405,46,56,0,1350E
R317,1485,2407,46,56,0,1350E
R318,1487,2410,46,56,0,1350E
R319,1489,2411,46,56,0,1360E
R320,1491,2411,46,56,0,1360E
R321,1493,2413,46,56,0,1360E
R322,1495,2414,46,52,0,1340E
R323,1497,2415,46,50,0,1340E
R324,1499,2417,46,50,0,1340E
R325,1500,2418,46,50,0,1310E
R326,1502,2418,46,50,0,1310E
R327,1504,2418,46,50,0,1310E
R328,1506,2418,46,50,0,1290E
R329,1508,2418,46,50,0,1290E
R330,1510,2418,46,50,0,1290E
R331,1512,2419,46,50,0,1280E
R332,1514,2420,46,50,0,1280E
R333,1516,2421,46,50,0,1280E
R334,1518,2422,46,50,0,1270E
R335,1520,2423,46,50,0,1270E
R336,1522,2424,46,50,0,1270E
R337,1524,2426,46,50,0,1260E
R338,1526,2427,46,50,0,1260E
R339,1528,2427,46,50,0,1260E
R340,1531,2427,46,50,0,1260E
R341,1533,2427,46,50,0,1260E
R342,1535,2428,46,50,0,1260E
R343,1538,2429,46,50,0,1290E
R344,1540,2429,46,50,0,1290E
R345,1542,2429,46,50,0,1290E
R346,1543,2428,46,50,0,1260E
R347,1545,2428,46,50,0,1260E
R348,1547,2428,46,50,0,1260E
R349,1549,2428,46,50,0,1250E
R350,1550,2428,46,50,0,1250E
R351,1552,2428,46,50,0,1250E
R352,1554,2430,46,50,0,1220E
R353,1555,2431,46,50,0,1220E
R354,1557,2432,46,50,0,1220E
R355,1559,2433,46,50,0,1190E
R356,1561,2433,46,50,0,1190E
R357,1563,2433,46,50,0,1190E
R358,1565,2434,46,50,0,1190E
R359,1566,2435,46,50,0,1190E
R360,1569,2435,46,50,0,1190E
R361,1571,2435,46,50,0,1160E
R362,1572,2435,46,50,0,1160E
R363,1575,2435,46,50,0,1160E
R364,1576,2435,46,50,0,1170E
R365,1578,2435,46,50,0,1170E
R366,1580,2435,46,50,0,1170E
R367,1582,2435,46,50,0,1170E
R368,1584,2436,46,50,0,1170E
R369,1586,2438,46,50,0,1170E
R370,1588,2439,46,50,0,1170E
R371,1590,2441,46,50,0,1170E
R372,1591,2441,46,50,0,1170E
R373,1594,2442,46,50,0,1180E
R374,1596,2443,46,50,0,1180E
R375,1597,2443,46,50,0,1180E
R376,1599,2445,46,50,0,1160E
R377,1602,2446,46,50,0,1160E
R378,1603,2447,46,50,0,1160E
R379,1605,2448,46,50,0,1160E
R380,1607,2449,46,50,0,1160E
R381,1608,2450,46,50,0,1160E
R382,1610,2453,46,50,0,1150E
R383,1612,2456,46,50,0,1150E
R384,1614,2458,46,50,0,1150E
R385,1616,2460,46,50,0,1150E
R386,1618,2461,46,50,0,1150E
R387,1620,2462,46,50,0,1150E
R388,1622,2462,45,50,0,1160E
R389,1624,2463,45,50,0,1160E
R390,1625,2463,46,50,0,1160E
R391,1626,2463,46,50,0,1120E
R392,1628,2464,46,50,0,1120E
R393,1630,2465,46,50,0,1120E
R394,1632,2465,46,50,0,1130E
R395,1634,2466,46,50,0,1130E
R396,1636,2467,46,50,0,1130E
R397,1638,2468,46,50,0,1140E
R398,1640,2470,46,50,0,1140E
R399,1642,2471,46,50,0,1140E
R400,1644,2474,46,50,0,1140E
R401,1646,2476,46,50,0,1140E
R402,1648,2479,46,50,0,1140E
R403,1649,2481,46,50,0,1130E
R404,1651,2483,46,50,0,1130E
R405,1652,2484,46,50,0,1130E
R406,1654,2485,45,50,0,1120E
R407,1657,2487,45,50,0,1120E
R408,1658,2488,46,50,0,1120E
R409,1660,2489,46,50,0,1120E
R410,1662,2490,46,50,0,1120E
R411,1664,2492,46,50,0,1120E
R412,1666,2493,46,50,0,1130E
R413,1668,2495,46,50,0,1130E
R414,1669,2497,46,50,0,1130E
R415,1671,2498,46,50,0,1120E
R416,1673,2498,46,50,0,1120E
R417,1675,2500,46,50,0,1120E
R418,1676,2500,46,50,0,1110E
R419,1679,2500,46,50,0,1110E
R420,1681,2500,46,50,0,1110E
R421,1682,2500,46,50,0,1110E
R422,1684,2501,46,50,0,1110E
R423,1686,2502,46,50,0,1110E
R424,1688,2504,46,50,0,1120E
R425,1690,2506,46,50,0,1120E
R426,1692,2508,46,50,0,1120E
R427,1694,2510,46,50,0,1110E
R428,1695,2512,46,50,0,1110E
R429,1697,2514,46,50,0,1110E
R430,1699,2516,46,50,0,1100E
R431,1700,2517,46,50,0,1100E
R432,1703,2519,46,50,0,1100E
R433,1705,2520,46,50,0,1110E
R434,1706,2520,46,50,0,1110E
R435,1708,2520,46,50,0,1110E
R436,1710,2520,46,50,0,1120E
R437,1712,2520,46,50,0,1120E
R438,1714,2520,46,48,0,1120E
R439,1715,2521,46,43,0,1110E
R440,1717,2523,46,43,0,1110E
R441,1719,2525,46,41,0,1110E
R442,1721,2527,46,40,0,1110E
R443,1723,2529,46,40,0,1110E
R444,1724,2530,46,40,0,1110E
R445,1726,2530,45,40,0,1100E
R446,1728,2530,45,40,0,1100E
R447,1729,2530,46,40,0,1100E
R448,1732,2530,46,40,0,1110E
R449,1733,2529,46,40,0,1110E
R450,1735,2527,46,40,0,1110E
R451,1737,2525,46,40,0,1100E
R452,1738,2522,46,40,0,1100E
R453,1740,2520,46,40,0,1100E
R454,1742,2518,46,40,0,1090E
R455,1744,2517,46,40,0,1090E
R456,1745,2516,46,40,0,1090E
R457,1747,2515,46,40,0,1080E
R458,1748,2514,46,40,0,1080E
R459,1750,2514,46,40,0,1080E
R460,1751,2514,46,40,0,1050E
R461,1753,2513,46,40,0,1050E
R462,1755,2513,46,40,0,1050E
R463,1756,2513,46,40,0,1050E
R464,1758,2512,46,40,0,1050E
R465,1760,2512,46,40,0,1050E
R466,1762,2511,46,40,0,1060E
R467,1763,2511,46,40,0,1060E
R468,1765,2511,46,40,0,1060E
R469,1767,2511,46,40,0,1060E
R470,1769,2511,46,40,0,1060E
R471,1771,2511,46,40,0,1060E
R472,1773,2511,46,40,0,1070E
R473,1774,2511,46,40,0,1070E
R474,1776,2511,46,40,0,1070E
R475,1778,2511,45,33,0,1060E
R476,1779,2511,45,31,0,1060E
R477,1781,2512,46,30,0,1060E
R478,1782,2512,46,30,0,1040E
R479,1784,2513,46,30,0,1040E
R480,1786,2513,46,30,0,1040E
R481,1788,2512,46,30,0,1050E
R482,1790,2510,46,30,0,1050E
R483,1791,2508,46,30,0,1050E
R484,1794,2506,46,30,0,1070E
R485,1795,2504,46,30,0,1070E
R486,1796,2502,46,30,0,1070E
R487,1798,2500,46,30,0,1040E
R488,1799,2499,46,30,0,1040E
R489,1801,2497,46,30,0,1040E
R490,1802,2494,46,30,0,1010E
R491,1804,2493,46,30,0,1010E
R492,1806,2491,46,30,0,1010E
R493,1807,2489,46,30,0,1000E
R494,1809,2487,46,30,0,1000E
R495,1811,2486,46,30,0,1000E
R496,1812,2484,46,30,0,1000E
R497,1814,2484,46,30,0,1000E
R498,1815,2483,46,30,0,1000E
R499,1816,2482,46,30,0,980E
R500,1817,2482,46,30,0,980E
R501,1819,2481,46,30,0,980E
R502,1820,2481,46,30,0,960E
R503,1821,2482,46,30,0,960E
R504,1822,2482,46,30,0,960E
R505,1824,2482,46,30,0,940E
R506,1825,2482,46,30,0,940E
R507,1826,2481,46,30,0,940E
R508,1827,2480,46,30,0,900E
R509,1829,2479,46,30,0,900E
R510,1830,2479,46,30,0,900E
R511,1832,2479,45,30,0,910E
R512,1833,2480,45,30,0,910E
R513,1834,2481,46,30,0,910E
R514,1836,2481,46,30,0,890E
R515,1837,2481,46,30,0,890E
R516,1838,2481,46,30,0,890E
R517,1840,2480,46,30,0,880E
R518,1842,2480,46,30,0,880E
R519,1843,2480,46,30,0,880E
R520,1845,2479,46,30,0,900E
R521,1846,2479,46,30,0,900E
R522,1847,2478,46,30,0,900E
R523,1849,2478,46,30,0,880E
R524,1850,2478,46,30,0,880E
R525,1851,2478,46,30,0,880E
R526,1852,2478,46,30,0,850E
R527,1854,2478,46,30,0,850E
R528,1856,2478,46,30,0,850E
R529,1857,2479,46,30,0,870E
R530,1858,2480,46,30,0,870E
R531,1859,2482,46,30,0,870E
R532,1861,2483,46,30,0,830E
R533,1862,2483,46,30,0,830E
R534,1863,2483,46,30,0,830E
R535,1865,2483,46,30,0,860E
R536,1866,2484,46,30,0,860E
R537,1868,2484,46,30,0,860E
R538,1869,2484,46,30,0,850E
R539,1870,2484,46,30,0,850E
R540,1871,2485,46,30,0,850E
R541,1873,2485,46,30,0,840E
R542,1874,2485,46,30,0,840E
R543,1875,2485,45,30,0,840E
R544,1877,2486,45,30,0,830E
R545,1878,2488,45,30,0,830E
R546,1880,2490,46,30,0,830E
R547,1881,2491,46,30,0,830E
R548,1882,2491,46,30,0,830E
R549,1883,2491,46,30,0,830E
R550,1885,2492,46,30,0,830E
R551,1886,2494,46,30,0,830E
R552,1887,2495,46,30,0,830E
R553,1889,2497,46,30,0,800E
R554,1890,2497,46,30,0,800E
R555,1891,2498,46,30,0,800E
R556,1892,2499,46,30,0,800E
R557,1893,2499,46,30,0,800E
R558,1895,2499,46,30,0,800E
R559,1896,2500,46,30,0,800E
R560,1898,2502,46,30,0,800E
R561,1899,2502,46,30,0,800E
R562,1901,2502,46,30,0,820E
R563,1902,2503,46,30,0,820E
R564,1904,2504,46,30,0,820E
R565,1905,2506,46,30,0,820E
R566,1906,2507,46,27,0,820E
R567,1907,2508,46,25,0,820E
R568,1909,2508,46,25,0,810E
R569,1911,2508,46,25,0,810E
R570,1912,2508,46,25,0,810E
R571,1913,2508,46,25,0,810E
R572,1915,2508,46,25,0,810E
R573,1917,2507,46,25,0,810E
R574,1918,2506,44,25,0,830E
R575,1920,2506,48,25,0,830E
R576,1922,2505,49,25,0,830E
R577,1923,2505,49,25,0,840E
R578,1924,2505,50,25,0,840E
R579,1926,2504,50,25,0,840E
R580,1927,2504,50,25,0,840E
R581,1928,2503,50,25,0,840E
R582,1929,2502,50,25,0,840E
R583,1930,2502,50,25,0,820E
R584,1931,2502,50,25,0,820E
R585,1932,2501,50,25,0,820E
R586,1934,2501,50,25,0,810E
R587,1934,2500,50,25,0,810E
R588,1935,2499,50,25,0,810E
R589,1937,2498,50,25,0,790E
R590,1938,2497,50,25,0,790E
R591,1939,2497,50,25,0,790E
R592,1940,2496,50,25,0,770E
R593,1942,2496,50,25,0,770E
R594,1943,2495,50,25,0,770E
R595,1944,2494,50,25,0,780E
R596,1946,2494,50,25,0,780E
R597,1947,2494,50,25,0,780E
R598,1948,2493,50,25,0,780E
R599,1950,2493,50,25,0,780E
R600,1951,2492,50,25,0,780E
R601,1952,2492,50,25,0,780E
R602,1954,2492,50,22,0,780E
R603,1954,2492,50,21,0,780E
R604,1956,2492,50,21,0,780E
R605,1956,2492,50,20,0,780E
R606,1957,2492,50,20,0,780E
R607,1958,2492,50,20,0,750E
R608,1959,2492,50,20,0,750E
R609,1961,2492,50,20,0,750E
R610,1962,2491,50,20,0,760E
R611,1962,2491,50,20,0,760E
R612,1964,2489,50,20,0,760E
R613,1965,2488,50,20,0,740E
R614,1966,2488,50,20,0,740E
R615,1967,2487,50,20,0,740E
R616,1968,2486,50,20,0,730E
R617,1969,2485,50,20,0,730E
R618,1970,2485,50,20,0,730E
R619,1971,2485,50,20,0,710E
R620,1972,2485,50,20,0,710E
R621,1973,2485,50,20,0,710E
R622,1974,2484,50,20,0,700E
R623,1975,2484,50,20,0,700E
R624,1976,2483,50,20,0,700E
R625,1977,2482,50,20,0,690E
R626,1978,2481,50,20,0,690E
R627,1979,2481,50,20,0,690E
R628,1981,2480,50,20,0,700E
R629,1982,2480,50,20,0,700E
R630,1983,2480,50,20,0,700E
R631,1984,2480,50,20,0,690E
R632,1986,2480,50,20,0,690E
R633,1987,2480,50,20,0,690E
R634,1988,2480,50,20,0,700E
R635,1990,2479,50,20,0,700E
R636,1991,2479,50,18,0,700E
R637,1992,2479,50,18,0,710E
R638,1994,2479,50,18,0,710E
R639,1995,2479,50,18,0,710E
R640,1996,2479,50,18,0,720E
R641,1997,2479,50,18,0,720E
R642,1998,2479,50,18,0,720E
R643,2000,2479,50,18,0,730E
R644,2001,2478,50,18,0,730E
R645,2002,2477,50,18,0,730E
R646,2004,2475,50,18,0,730E
R647,2005,2474,50,18,0,730E
R648,2006,2472,50,18,0,730E
R649,2007,2470,50,16,0,720E
R650,2009,2469,50,15,0,720E
R651,2010,2467,50,15,0,720E
R652,2011,2466,50,15,0,730E
R653,2012,2465,50,15,0,730E
R654,2014,2465,50,15,0,730E
R655,2014,2463,50,15,0,710E
R656,2015,2462,50,15,0,710E
R657,2016,2460,50,15,0,710E
R658,2017,2458,50,15,0,700E
R659,2018,2457,50,15,0,700E
R660,2019,2456,50,15,0,700E
R661,2020,2454,50,15,0,690E
R662,2021,2452,50,15,0,690E
R663,2023,2451,50,15,0,690E
R664,2024,2449,50,15,0,700E
R665,2025,2447,50,15,0,700E
R666,2026,2445,50,15,0,700E
R667,2027,2444,50,15,0,690E
R668,2028,2442,50,15,0,690E
R669,2029,2441,50,15,0,690E
R670,2030,2440,50,15,0,680E
R671,2031,2439,50,15,0,680E
R672,2032,2438,50,15,0,680E
R673,2033,2436,50,15,0,670E
R674,2035,2435,50,15,0,670E
R675,2036,2434,50,15,0,670E
R676,2037,2433,50,15,0,690E
R677,2038,2432,50,15,0,690E
R678,2038,2432,50,15,0,690E
R679,2039,2432,50,15,0,660E
R680,2040,2431,50,15,0,660E
R681,2041,2430,50,15,0,660E
R682,2041,2429,50,15,0,630E
R683,2042,2428,50,15,0,630E
R684,2043,2427,50,15,0,630E
R685,2044,2427,50,15,0,600E
R686,2044,2426,50,15,0,600E
R687,2046,2425,50,15,0,600E
R688,2047,2425,50,15,0,630E
R689,2047,2424,50,15,0,630E
R690,2048,2424,50,15,0,630E
R691,2049,2424,50,15,0,600E
R692,2051,2424,50,15,0,600E
R693,2052,2424,50,15,0,600E
R694,2053,2424,50,15,0,620E
R695,2054,2424,50,15,0,620E
R696,2055,2424,50,15,0,620E
R697,2056,2424,50,15,0,620E
R698,2057,2424,50,15,0,620E
R699,2057,2424,50,15,0,620E
R700,2059,2424,50,15,0,620E
R701,2059,2424,50,15,0,620E
R702,2060,2424,50,15,0,620E
R703,2062,2424,50,15,0,610E
R704,2063,2424,50,15,0,610E
R705,2064,2424,50,15,0,610E
R706,2064,2425,50,15,0,590E
R707,2066,2425,50,15,0,590E
R708,2067,2425,50,15,0,590E
R709,2068,2426,50,15,0,610E
R710,2068,2426,50,15,0,610E
R711,2069,2426,50,15,0,610E
R712,2070,2426,50,15,0,590E
R713,2072,2426,50,15,0,590E
R714,2073,2426,50,15,0,590E
R715,2074,2426,50,15,0,610E
R716,2075,2426,50,15,0,610E
R717,2076,2426,50,15,0,610E
R718,2078,2425,50,15,0,640E
R719,2079,2425,50,15,0,640E
R720,2080,2425,50,15,0,640E
R721,2081,2425,50,15,0,630E
R722,2081,2425,50,14,0,630E
R723,2083,2425,50,14,0,630E
R724,2084,2425,50,13,0,630E
R725,2085,2425,50,13,0,630E
R726,2086,2425,50,13,0,630E
R727,2086,2425,50,13,0,600E
R728,2088,2425,50,13,0,600E
R729,2089,2425,50,13,0,600E
R730,2090,2425,50,13,0,630E
R731,2091,2425,50,13,0,630E
R732,2092,2425,50,13,0,630E
R733,2092,2425,50,13,0,600E
R734,2093,2425,50,13,0,600E
R735,2094,2425,50,13,0,600E
R736,2095,2425,50,13,0,600E
R737,2096,2425,50,13,0,600E
R738,2097,2425,50,13,0,600E
R739,2098,2424,50,13,0,600E
R740,2098,2424,50,13,0,600E
R741,2099,2424,50,13,0,600E
R742,2101,2424,50,13,0,600E
R743,2102,2424,50,13,0,600E
R744,2103,2423,50,13,0,600E
R745,2104,2423,50,13,0,600E
R746,2105,2422,50,13,0,600E
R747,2106,2422,50,13,0,600E
R748,2107,2421,50,13,0,600E
R749,2108,2421,50,13,0,600E
R750,2109,2420,50,13,0,600E
R751,2110,2420,50,13,0,600E
R752,2112,2419,50,13,0,600E
R753,2113,2419,50,13,0,600E
R754,2114,2418,50,13,0,610E
R755,2115,2418,50,13,0,610E
R756,2116,2418,50,13,0,610E
R757,2118,2418,50,12,0,630E
R758,2118,2417,50,12,0,630E
R759,2119,2417,50,12,0,630E
R760,2120,2417,50,12,0,600E
R761,2120,2417,50,11,0,600E
R762,2121,2417,50,11,0,600E
R763,2122,2417,50,11,0,580E
R764,2123,2417,50,11,0,580E
R765,2123,2417,50,11,0,580E
R766,2124,2417,50,11,0,560E
R767,2126,2417,50,11,0,560E
R768,2127,2416,50,11,0,560E
R769,2128,2415,50,11,0,590E
R770,2129,2414,50,11,0,590E
R771,2130,2414,50,11,0,590E
R772,2131,2413,50,11,0,590E
R773,2132,2413,50,11,0,590E
R774,2132,2413,50,11,0,590E
R775,2134,2413,50,11,0,590E
R776,2135,2412,50,11,0,590E
R777,2136,2411,50,11,0,590E
R778,2137,2411,50,10,0,590E
R779,2138,2411,50,10,0,590E
R780,2138,2411,50,10,0,590E
R781,2138,2411,50,10,0,560E
R782,2139,2410,50,10,0,560E
R783,2140,2410,50,10,0,560E
R784,2141,2410,50,10,0,560E
R785,2142,2410,50,10,0,560E
R786,2143,2410,50,10,0,560E
R787,2144,2410,50,10,0,560E
R788,2145,2410,50,10,0,560E
R789,2146,2410,50,10,0,560E
R790,2147,2410,50,10,0,570E
R791,2148,2410,50,10,0,570E
R792,2150,2410,50,10,0,570E
R793,2151,2410,50,10,0,590E
R794,2152,2410,50,10,0,590E
R795,2153,2410,50,10,0,590E
R796,2154,2410,50,10,0,590E
R797,2155,2410,50,10,0,590E
R798,2157,2410,50,10,0,590E
R799,2157,2410,50,10,0,590E
R800,2158,2410,50,8,0,590E
R801,2159,2410,50,8,0,590E
R802,2159,2410,50,8,0,570E
R803,2160,2410,50,7,0,570E
R804,2161,2410,50,7,0,570E
R805,2162,2410,50,7,0,570E
R806,2163,2410,50,8,0,570E
R807,2163,2409,50,8,0,570E
R808,2163,2408,50,8,0,540E
R809,2164,2406,50,8,0,540E
R810,2165,2404,50,8,0,540E
R811,2167,2402,50,8,0,570E
R812,2168,2400,50,8,0,570E
R813,2169,2399,50,8,0,570E
R814,2170,2399,50,8,0,570E
R815,2171,2398,50,8,0,570E
R816,2173,2398,50,8,0,570E
R817,2174,2398,50,8,0,600E
R818,2175,2398,50,8,0,600E
R819,2175,2398,50,7,0,600E
R820,2176,2397,50,7,0,570E
R821,2178,2397,50,6,0,570E
R822,2179,2397,50,6,0,570E
R823,2179,2397,50,6,0,580E
R824,2180,2397,50,6,0,580E
R825,2181,2396,50,6,0,580E
R826,2182,2396,50,6,0,580E
R827,2183,2394,50,6,0,580E
R828,2184,2393,50,6,0,580E
R829,2185,2391,50,6,0,580E
R830,2186,2389,50,6,0,580E
R831,2188,2388,50,6,0,580E
R832,2188,2387,53,6,0,580E
R833,2189,2387,55,6,0,580E
R834,2189,2387,57,6,0,580E
R835,2190,2387,60,6,0,560E
R836,2190,2387,58,6,0,560E
R837,2190,2387,60,6,0,560E
R838,2192,2387,60,6,0,530E
R839,2193,2387,60,6,0,530E
R840,2193,2387,60,6,0,530E
R841,2194,2386,60,6,0,540E
R842,2195,2385,60,6,0,540E
R843,2195,2384,60,6,0,540E
R844,2196,2384,60,6,0,520E
P1782,807,76,1600,376,1970,617,268,227,2196,844E
