R1,1697,2411,50,50,0,3950E
R2,1704,2422,50,50,0,4060E
R3,1710,2433,50,50,0,4060E
R4,1715,2439,50,50,0,4060E
R5,1707,2436,50,50,0,3110E
R6,1668,2408,50,50,0,3110E
R7,1626,2361,50,50,0,3110E
R8,1587,2322,50,50,0,-9500E
R9,1548,2283,50,50,0,-9500E
R10,1521,2238,50,50,0,-9500E
R11,1472,2196,50,50,0,-9500E
R12,1438,2155,50,50,0,-9500E
R13,1413,2113,50,50,0,-9500E
R14,1364,2089,50,50,0,-9500E
R15,1340,2064,50,50,0,-9500E
R16,1316,2038,50,50,0,-9500E
R17,1275,2014,50,50,0,-9500E
R18,1251,2002,50,50,0,-9500E
R19,1213,1990,50,50,0,-9500E
R20,1201,1978,50,50,0,-9500E
R21,1174,1968,50,50,0,-9500E
R22,1149,1960,50,50,0,-9500E
R23,1119,1948,50,50,0,-9500E
R24,1107,1939,50,50,0,-9500E
R25,1080,1931,50,50,0,-9500E
R26,1070,1924,50,50,0,-9500E
R27,1047,1919,50,50,0,-9500E
R28,1025,1915,50,50,0,-9500E
R29,1014,1912,50,50,0,-9500E
R30,998,1908,50,50,0,-9500E
R31,977,1905,50,50,0,-9500E
R32,968,1903,50,50,0,-9500E
R33,954,1900,50,50,0,-9500E
R34,938,1899,50,50,0,-9500E
R35,927,1899,50,50,0,-8950E
R36,914,1899,50,50,0,-8950E
R37,903,1898,50,50,0,-8950E
R38,892,1898,50,50,0,-7690E
R39,882,1897,50,50,0,-7690E
R40,871,1897,50,50,0,-7690E
R41,861,1896,50,50,0,-6450E
R42,853,1896,50,50,0,-6450E
R43,843,1896,50,50,0,-6450E
R44,836,1897,50,50,0,-5760E
R45,829,1898,50,50,0,-5760E
R46,821,1899,50,50,0,-5760E
R47,815,1902,50,58,0,-4860E
R48,808,1903,50,62,0,-4860E
R49,802,1905,50,67,0,-4860E
R50,798,1908,50,69,0,-3990E
R51,792,1911,50,70,0,-3990E
R52,788,1915,50,70,0,-3990E
R53,782,1921,50,70,0,-3520E
R54,779,1929,50,70,0,-3520E
R55,774,1937,50,70,0,-3520E
R56,770,1944,50,70,0,-2940E
R57,766,1954,50,70,0,-2940E
R58,764,1962,50,70,0,-2940E
R59,761,1968,50,70,0,-2340E
R60,758,1976,50,70,0,-2340E
R61,756,1984,50,70,0,-2340E
R62,753,1991,50,70,0,-1950E
R63,752,1999,50,70,0,-1950E
R64,750,2006,50,70,0,-1950E
R65,748,2013,50,70,0,-1490E
R66,747,2018,50,70,0,-1490E
R67,746,2024,50,70,0,-1490E
R68,746,2029,50,70,0,-960E
R69,745,2034,50,70,0,-960E
R70,745,2039,50,70,0,-960E
R71,744,2046,50,70,0,-680E
R72,744,2052,50,70,0,-680E
R73,744,2057,50,70,0,-680E
R74,744,2064,50,70,0,-380E
R75,744,2069,50,70,0,-380E
R76,744,2073,50,70,0,-380E
R77,745,2079,50,70,0,-130E
R78,746,2085,50,70,0,-130E
R79,747,2089,50,70,0,-130E
R80,748,2094,50,70,0,160E
R81,750,2101,50,70,0,160E
R82,751,2105,50,70,0,160E
R83,752,2110,50,70,0,420E
R84,753,2115,50,70,0,420E
R85,755,2121,50,70,0,420E
R86,757,2127,50,70,0,650E
R87,758,2133,50,70,0,650E
R88,760,2139,50,70,0,650E
R89,762,2144,50,70,0,780E
R90,764,2147,50,70,0,780E
R91,766,2152,50,70,0,780E
R92,768,2155,50,70,0,930E
R93,770,2159,50,70,0,930E
R94,772,2162,50,70,0,930E
R95,775,2166,50,70,0,1080E
R96,777,2169,50,70,0,1080E
R97,779,2172,50,70,0,1080E
R98,782,2176,50,70,0,1180E
R99,785,2179,50,70,0,1180E
R100,787,2182,50,70,0,1180E
R101,790,2186,50,70,0,1300E
R102,793,2191,50,70,0,1300E
R103,796,2195,50,70,0,1300E
R104,799,2199,50,70,0,1450E
R105,802,2202,50,70,0,1450E
R106,805,2204,50,70,0,1450E
R107,808,2207,50,70,0,1560E
R108,811,2212,50,70,0,1560E
R109,814,2216,50,70,0,1560E
R110,817,2221,50,70,0,1630E
R111,820,2226,50,70,0,1630E
R112,823,2231,50,70,0,1630E
R113,826,2234,50,70,0,1670E
R114,830,2236,50,70,0,1670E
R115,833,2240,50,70,0,1670E
R116,836,2244,50,70,0,1750E
R117,840,2248,50,70,0,1750E
R118,843,2252,50,70,0,1750E
R119,846,2256,50,70,0,1810E
R120,850,2258,50,70,0,1810E
R121,854,2261,50,70,0,1810E
R122,857,2263,50,70,0,1900E
R123,861,2267,50,70,0,1900E
R124,865,2269,50,70,0,1900E
R125,868,2272,50,70,0,1970E
R126,871,2274,50,70,0,1970E
R127,876,2276,50,70,0,1970E
R128,879,2278,50,70,0,2020E
R129,882,2281,50,70,0,2020E
R130,886,2284,50,70,0,2020E
R131,889,2288,50,70,0,2020E
R132,893,2292,50,70,0,2020E
R133,895,2296,50,70,0,2020E
R134,899,2299,50,70,0,2010E
R135,902,2302,50,70,0,2010E
R136,905,2307,50,70,0,2010E
R137,909,2310,50,70,0,2010E
R138,912,2313,50,70,0,2010E
R139,915,2317,50,70,0,2010E
R140,919,2320,50,70,0,2010E
R141,922,2323,50,70,0,2010E
R142,925,2327,50,70,0,2010E
R143,929,2330,50,70,0,2010E
R144,933,2333,50,70,0,2010E
R145,937,2337,50,70,0,2010E
R146,940,2340,50,70,0,2030E
R147,945,2344,50,70,0,2030E
R148,948,2347,50,70,0,2030E
R149,952,2349,50,70,0,2050E
R150,955,2350,50,70,0,2050E
R151,959,2352,50,70,0,2050E
R152,963,2355,50,70,0,2060E
R153,967,2359,50,70,0,2060E
R154,971,2363,50,70,0,2060E
R155,974,2367,50,70,0,2080E
R156,978,2371,50,70,0,2080E
R157,982,2375,50,70,0,2080E
R158,985,2379,50,70,0,2120E
R159,989,2382,50,70,0,2120E
R160,993,2386,50,70,0,2120E
R161,996,2389,50,70,0,2130E
R162,999,2392,50,70,0,2130E
R163,1003,2394,50,70,0,2130E
R164,1007,2396,50,70,0,2140E
R165,1010,2398,50,70,0,2140E
R166,1014,2398,50,70,0,2140E
R167,1018,2399,50,70,0,2140E
R168,1021,2400,50,70,0,2140E
R169,1024,2400,50,70,0,2140E
R170,1028,2402,50,70,0,2130E
R171,1031,2403,50,70,0,2130E
R172,1034,2404,50,70,0,2130E
R173,1038,2405,50,70,0,2110E
R174,1042,2406,50,70,0,2110E
R175,1045,2406,50,70,0,2110E
R176,1049,2406,50,70,0,2120E
R177,1052,2406,50,70,0,2120E
R178,1055,2408,50,70,0,2120E
R179,1059,2410,50,70,0,2110E
R180,1062,2414,50,70,0,2110E
R181,1066,2418,50,70,0,2110E
R182,1069,2422,50,70,0,2100E
R183,1073,2427,50,70,0,2100E
R184,1076,2431,50,70,0,2100E
R185,1079,2434,50,70,0,2080E
R186,1083,2435,50,70,0,2080E
R187,1086,2435,50,70,0,2080E
R188,1090,2436,50,70,0,2100E
R189,1094,2436,50,70,0,2100E
R190,1097,2437,50,70,0,2100E
R191,1100,2439,50,70,0,2090E
R192,1104,2441,50,70,0,2090E
R193,1107,2443,50,70,0,2090E
R194,1109,2446,50,70,0,2050E
R195,1113,2449,50,70,0,2050E
R196,1116,2452,50,70,0,2050E
R197,1119,2455,50,70,0,2050E
R198,1122,2456,50,70,0,2050E
R199,1126,2458,50,70,0,2050E
R200,1129,2459,50,70,0,2040E
R201,1132,2459,50,70,0,2040E
R202,1136,2458,50,70,0,2040E
R203,1139,2458,50,70,0,2040E
R204,1143,2458,50,70,0,2040E
R205,1146,2460,50,70,0,2040E
R206,1150,2462,50,70,0,2030E
R207,1153,2464,50,70,0,2030E
R208,1156,2465,50,70,0,2030E
R209,1160,2465,50,70,0,2050E
R210,1163,2465,50,70,0,2050E
R211,1166,2467,50,70,0,2050E
R212,1170,2468,50,70,0,2040E
R213,1173,2469,50,70,0,2040E
R214,1176,2470,50,70,0,2040E
R215,1179,2471,50,70,0,2020E
R216,1183,2471,50,70,0,2020E
R217,1186,2473,50,70,0,2020E
R218,1189,2475,50,70,0,2020E
R219,1192,2478,50,70,0,2020E
R220,1195,2480,50,70,0,2020E
R221,1198,2483,50,70,0,2000E
R222,1201,2486,50,70,0,2000E
R223,1204,2489,50,70,0,2000E
R224,1207,2494,50,70,0,1970E
R225,1211,2497,50,70,0,1970E
R226,1215,2501,50,70,0,1970E
R227,1217,2503,50,70,0,1980E
R228,1221,2505,50,70,0,1980E
R229,1224,2507,50,70,0,1980E
R230,1227,2508,50,70,0,1960E
R231,1230,2510,50,70,0,1960E
R232,1234,2511,50,70,0,1960E
R233,1237,2512,50,70,0,1980E
R234,1239,2513,50,70,0,1980E
R235,1243,2515,50,70,0,1980E
R236,1246,2517,50,70,0,1960E
R237,1249,2519,50,70,0,1960E
R238,1252,2521,50,70,0,1960E
R239,1255,2523,50,70,0,1940E
R240,1258,2525,50,70,0,1940E
R241,1261,2526,50,70,0,1940E
R242,1264,2528,50,70,0,1920E
R243,1267,2529,50,70,0,1920E
R244,1270,2530,50,70,0,1920E
R245,1273,2533,50,70,0,1910E
R246,1275,2535,50,70,0,1910E
R247,1278,2537,50,70,0,1910E
R248,1281,2541,50,70,0,1870E
R249,1284,2544,50,70,0,1870E
R250,1286,2546,50,70,0,1870E
R251,1289,2548,50,70,0,1830E
R252,1292,2549,50,70,0,1830E
R253,1295,2549,50,70,0,1830E
R254,1298,2551,50,70,0,1820E
R255,1301,2552,50,70,0,1820E
R256,1304,2553,50,70,0,1820E
R257,1307,2555,50,70,0,1820E
R258,1310,2556,50,70,0,1820E
R259,1313,2557,50,70,0,1820E
R260,1316,2558,50,70,0,1820E
R261,1319,2558,50,70,0,1820E
R262,1322,2559,50,70,0,1820E
R263,1325,2560,50,70,0,1810E
R264,1328,2562,50,70,0,1810E
R265,1331,2565,50,70,0,1810E
R266,1333,2568,50,70,0,1790E
R267,1337,2571,50,70,0,1790E
R268,1339,2573,50,70,0,1790E
R269,1343,2575,50,70,0,1790E
R270,1345,2578,50,70,0,1790E
R271,1348,2580,50,70,0,1790E
R272,1351,2583,50,70,0,1790E
R273,1353,2585,50,70,0,1790E
R274,1356,2588,50,70,0,1790E
R275,1359,2591,50,70,0,1770E
R276,1362,2597,50,70,0,1770E
R277,1365,2601,50,70,0,1770E
R278,1368,2605,50,70,0,1780E
R279,1370,2610,50,70,0,1780E
R280,1373,2614,50,70,0,1780E
R281,1375,2617,50,70,0,1740E
R282,1378,2620,50,70,0,1740E
R283,1381,2621,50,70,0,1740E
R284,1383,2622,50,70,0,1730E
R285,1386,2623,50,70,0,1730E
R286,1388,2623,50,70,0,1730E
R287,1391,2624,50,70,0,1710E
R288,1394,2625,50,70,0,1710E
R289,1396,2627,50,70,0,1710E
R290,1399,2629,50,70,0,1700E
R291,1402,2630,50,70,0,1700E
R292,1404,2632,50,66,0,1700E
R293,1407,2635,50,63,0,1690E
R294,1410,2637,50,61,0,1690E
R295,1412,2639,50,60,0,1690E
R296,1414,2640,50,60,0,1650E
R297,1417,2640,50,60,0,1650E
R298,1420,2640,50,60,0,1650E
R299,1422,2641,50,60,0,1650E
R300,1425,2642,50,60,0,1650E
R301,1428,2642,50,60,0,1650E
R302,1430,2642,50,60,0,1640E
R303,1433,2640,50,60,0,1640E
R304,1436,2639,50,60,0,1640E
R305,1438,2638,50,60,0,1640E
R306,1441,2636,50,60,0,1640E
R307,1443,2636,50,60,0,1640E
R308,1445,2635,50,60,0,1610E
R309,1448,2634,50,60,0,1610E
R310,1450,2632,50,60,0,1610E
R311,1453,2630,50,60,0,1610E
R312,1455,2629,50,60,0,1610E
R313,1457,2629,50,60,0,1610E
R314,1460,2629,50,60,0,1590E
R315,1462,2630,50,60,0,1590E
R316,1465,2630,50,60,0,1590E
R317,1467,2632,50,60,0,1570E
R318,1469,2633,50,60,0,1570E
R319,1471,2634,50,60,0,1570E
R320,1474,2635,50,60,0,1550E
R321,1476,2635,50,60,0,1550E
R322,1478,2635,50,60,0,1550E
R323,1481,2636,50,60,0,1530E
R324,1483,2637,50,60,0,1530E
R325,1485,2639,50,60,0,1530E
R326,1488,2641,50,60,0,1510E
R327,1490,2642,50,60,0,1510E
R328,1493,2643,50,60,0,1510E
R329,1495,2644,50,60,0,1500E
R330,1498,2644,50,60,0,1500E
R331,1500,2645,50,60,0,1500E
R332,1502,2645,50,60,0,1490E
R333,1505,2644,50,60,0,1490E
R334,1507,2642,50,60,0,1490E
R335,1509,2642,50,60,0,1470E
R336,1512,2642,50,60,0,1470E
R337,1514,2642,50,60,0,1470E
R338,1516,2643,50,60,0,1470E
R339,1519,2645,50,60,0,1470E
R340,1521,2646,50,60,0,1470E
R341,1523,2647,50,60,0,1460E
R342,1525,2648,50,60,0,1460E
R343,1527,2650,50,60,0,1460E
R344,1529,2653,50,60,0,1430E
R345,1531,2656,50,60,0,1430E
R346,1534,2659,50,60,0,1430E
R347,1536,2661,50,60,0,1430E
R348,1538,2663,50,60,0,1430E
R349,1540,2664,50,60,0,1430E
R350,1542,2665,50,60,0,1400E
R351,1544,2667,50,60,0,1400E
R352,1547,2669,50,60,0,1400E
R353,1549,2670,50,60,0,1400E
R354,1550,2672,50,60,0,1400E
R355,1553,2673,50,60,0,1400E
R356,1554,2673,50,60,0,1360E
R357,1556,2674,50,60,0,1360E
R358,1558,2675,50,60,0,1360E
R359,1560,2677,50,60,0,1340E
R360,1562,2678,50,60,0,1340E
R361,1564,2680,50,60,0,1340E
R362,1566,2681,50,60,0,1320E
R363,1568,2684,50,60,0,1320E
R364,1570,2687,50,60,0,1320E
R365,1572,2689,50,60,0,1300E
R366,1574,2692,50,60,0,1300E
R367,1576,2694,50,60,0,1300E
R368,1579,2696,50,60,0,1310E
R369,1581,2697,50,60,0,1310E
R370,1583,2697,50,60,0,1310E
R371,1585,2697,50,60,0,1300E
R372,1587,2697,50,60,0,1300E
R373,1589,2698,50,60,0,1300E
R374,1590,2698,50,60,0,1260E
R375,1593,2699,50,60,0,1260E
R376,1595,2701,50,60,0,1260E
R377,1597,2703,50,58,0,1280E
R378,1599,2706,50,57,0,1280E
R379,1601,2709,50,56,0,1280E
R380,1603,2712,50,55,0,1270E
R381,1606,2714,50,55,0,1270E
R382,1608,2715,50,55,0,1270E
R383,1609,2715,50,55,0,1260E
R384,1611,2715,50,55,0,1260E
R385,1613,2715,50,55,0,1260E
R386,1615,2715,50,55,0,1250E
R387,1617,2715,50,55,0,1250E
R388,1620,2715,50,55,0,1250E
R389,1622,2715,50,55,0,1270E
R390,1623,2715,50,55,0,1270E
R391,1626,2715,50,55,0,1270E
R392,1628,2715,50,55,0,1260E
R393,1629,2716,50,55,0,1260E
R394,1631,2717,50,55,0,1260E
R395,1633,2719,50,55,0,1230E
R396,1635,2720,50,55,0,1230E
R397,1637,2721,50,55,0,1230E
R398,1640,2722,50,55,0,1250E
R399,1642,2722,50,55,0,1250E
R400,1644,2722,50,55,0,1250E
R401,1646,2722,50,55,0,1240E
R402,1647,2722,50,55,0,1240E
R403,1649,2723,50,55,0,1240E
R404,1651,2724,50,55,0,1220E
R405,1653,2725,50,55,0,1220E
R406,1655,2725,50,55,0,1220E
R407,1657,2726,50,55,0,1210E
R408,1659,2727,50,55,0,1210E
R409,1661,2729,50,55,0,1210E
R410,1662,2731,50,55,0,1190E
R411,1665,2734,50,55,0,1190E
R412,1666,2736,50,55,0,1190E
R413,1668,2737,50,55,0,1190E
R414,1670,2738,50,55,0,1190E
R415,1672,2739,50,55,0,1190E
R416,1673,2740,50,55,0,1170E
R417,1676,2741,50,55,0,1170E
R418,1678,2741,50,55,0,1170E
R419,1680,2741,50,55,0,1190E
R420,1682,2741,50,55,0,1190E
R421,1684,2742,50,55,0,1190E
R422,1686,2743,50,55,0,1190E
R423,1687,2745,50,55,0,1190E
R424,1689,2746,50,54,0,1190E
R425,1691,2747,50,51,0,1170E
R426,1693,2748,50,50,0,1170E
R427,1695,2748,50,50,0,1170E
R428,1697,2748,50,50,0,1170E
R429,1698,2749,50,50,0,1170E
R430,1700,2749,50,50,0,1170E
R431,1702,2749,50,50,0,1160E
R432,1704,2748,50,50,0,1160E
R433,1706,2747,50,50,0,1160E
R434,1708,2745,50,50,0,1160E
R435,1710,2743,50,50,0,1160E
R436,1712,2741,50,50,0,1160E
R437,1714,2739,50,50,0,1160E
R438,1716,2738,50,50,0,1160E
R439,1717,2738,50,50,0,1160E
R440,1719,2738,50,50,0,1150E
R441,1721,2737,50,50,0,1150E
R442,1723,2736,50,50,0,1150E
R443,1725,2735,50,47,0,1150E
R444,1727,2735,50,45,0,1150E
R445,1729,2735,50,45,0,1150E
R446,1730,2735,50,45,0,1140E
R447,1733,2733,50,45,0,1140E
R448,1735,2733,50,45,0,1140E
R449,1737,2732,50,45,0,1160E
R450,1739,2733,50,45,0,1160E
R451,1740,2733,50,45,0,1160E
R452,1742,2733,50,45,0,1140E
R453,1744,2733,50,45,0,1140E
R454,1746,2733,50,45,0,1140E
R455,1748,2733,50,45,0,1150E
R456,1750,2733,50,45,0,1150E
R457,1752,2732,50,45,0,1150E
R458,1753,2732,50,45,0,1130E
R459,1755,2731,50,45,0,1130E
R460,1756,2731,50,45,0,1130E
R461,1758,2730,50,45,0,1120E
R462,1760,2730,50,45,0,1120E
R463,1762,2730,49,45,0,1120E
R464,1763,2731,51,45,0,1100E
R465,1765,2732,55,45,0,1100E
R466,1766,2733,55,45,0,1100E
R467,1768,2734,55,45,0,1090E
R468,1770,2735,55,45,0,1090E
R469,1771,2735,55,45,0,1090E
R470,1773,2735,55,45,0,1060E
R471,1774,2735,55,45,0,1060E
R472,1775,2735,55,45,0,1060E
R473,1777,2733,55,45,0,1050E
R474,1779,2731,55,45,0,1050E
R475,1781,2729,55,45,0,1050E
R476,1782,2728,55,45,0,1040E
R477,1784,2727,55,45,0,1040E
R478,1785,2728,55,45,0,1040E
R479,1788,2730,55,45,0,1060E
R480,1789,2730,55,45,0,1060E
R481,1791,2730,55,45,0,1060E
R482,1792,2730,55,45,0,1030E
R483,1794,2730,55,45,0,1030E
R484,1796,2730,55,45,0,1030E
R485,1797,2730,55,45,0,1030E
R486,1799,2731,55,45,0,1030E
R487,1801,2731,55,45,0,1030E
R488,1802,2731,55,45,0,1020E
R489,1804,2733,55,45,0,1020E
R490,1806,2734,55,45,0,1020E
R491,1808,2735,55,45,0,1040E
R492,1809,2737,55,45,0,1040E
R493,1811,2738,55,45,0,1040E
R494,1813,2738,55,45,0,1010E
R495,1815,2739,55,45,0,1010E
R496,1817,2739,55,45,0,1010E
R497,1818,2739,55,45,0,1040E
R498,1819,2739,55,45,0,1040E
R499,1821,2739,55,45,0,1040E
R500,1823,2739,55,45,0,1030E
R501,1824,2739,55,45,0,1030E
R502,1826,2740,55,45,0,1030E
R503,1828,2740,55,45,0,1000E
R504,1829,2741,55,45,0,1000E
R505,1831,2743,55,45,0,1000E
R506,1833,2745,55,45,0,1030E
R507,1835,2747,55,45,0,1030E
R508,1836,2749,55,45,0,1030E
R509,1838,2750,55,45,0,1000E
R510,1839,2752,55,45,0,1000E
R511,1841,2752,55,45,0,1000E
R512,1842,2752,55,45,0,1000E
R513,1844,2752,55,45,0,1000E
R514,1846,2752,55,45,0,1000E
R515,1848,2752,55,45,0,1020E
R516,1849,2752,55,45,0,1020E
R517,1851,2752,55,45,0,1020E
R518,1852,2752,55,45,0,990E
R519,1854,2752,55,45,0,990E
R520,1856,2753,55,45,0,990E
R521,1857,2753,55,45,0,990E
R522,1858,2753,55,45,0,990E
R523,1860,2753,55,45,0,990E
R524,1862,2753,55,45,0,990E
R525,1863,2753,55,45,0,990E
R526,1865,2753,55,45,0,990E
R527,1866,2753,55,45,0,970E
R528,1868,2753,55,45,0,970E
R529,1869,2753,55,45,0,970E
R530,1871,2753,55,45,0,970E
R531,1873,2754,55,45,0,970E
R532,1875,2756,55,45,0,970E
R533,1876,2758,55,45,0,980E
R534,1878,2761,55,45,0,980E
R535,1881,2764,55,45,0,980E
R536,1883,2767,55,45,0,1020E
R537,1884,2769,55,45,0,1020E
R538,1886,2771,55,45,0,1020E
R539,1888,2771,55,45,0,1010E
R540,1889,2771,55,45,0,1010E
R541,1891,2771,55,44,0,1010E
R542,1892,2772,55,41,0,990E
R543,1894,2773,55,40,0,990E
R544,1896,2773,55,40,0,990E
R545,1897,2773,55,40,0,990E
R546,1899,2773,55,40,0,990E
R547,1901,2773,55,40,0,990E
R548,1902,2773,55,40,0,990E
R549,1904,2775,55,40,0,990E
R550,1906,2776,55,40,0,990E
R551,1907,2777,55,40,0,990E
R552,1909,2779,55,40,0,990E
R553,1911,2781,55,40,0,990E
R554,1912,2781,55,40,0,990E
R555,1914,2781,55,40,0,990E
R556,1915,2780,55,40,0,990E
R557,1917,2779,55,40,0,990E
R558,1919,2778,55,40,0,990E
R559,1920,2778,55,40,0,990E
R560,1922,2776,55,40,0,990E
R561,1924,2776,55,40,0,990E
R562,1926,2776,55,39,0,990E
R563,1927,2776,55,38,0,990E
R564,1929,2776,55,35,0,990E
R565,1931,2775,55,35,0,990E
R566,1933,2775,55,35,0,1010E
R567,1935,2774,55,35,0,1010E
R568,1936,2774,55,35,0,1010E
R569,1938,2774,55,35,0,1010E
R570,1939,2774,55,35,0,1010E
R571,1941,2773,55,35,0,1010E
R572,1942,2771,55,35,0,990E
R573,1944,2771,55,35,0,990E
R574,1946,2771,55,35,0,990E
R575,1947,2771,55,35,0,990E
R576,1949,2770,55,35,0,990E
R577,1951,2768,55,35,0,990E
R578,1952,2766,55,35,0,990E
R579,1954,2764,55,35,0,990E
R580,1956,2761,55,30,0,990E
R581,1958,2760,55,30,0,1000E
R582,1959,2759,55,30,0,1000E
R583,1961,2758,55,30,0,1000E
R584,1963,2756,55,30,0,990E
R585,1964,2755,55,30,0,990E
R586,1966,2753,55,30,0,990E
R587,1968,2751,55,30,0,1010E
R588,1970,2748,55,30,0,1010E
R589,1971,2746,55,30,0,1010E
R590,1973,2742,55,30,0,1010E
R591,1975,2739,55,27,0,1010E
R592,1977,2736,55,26,0,1010E
R593,1979,2734,55,25,0,1020E
R594,1981,2732,55,25,0,1020E
R595,1983,2729,55,25,0,1020E
R596,1984,2726,55,25,0,1020E
R597,1986,2722,55,25,0,1020E
R598,1988,2718,55,22,0,1020E
R599,1989,2714,55,21,0,1020E
R600,1991,2710,55,20,0,1020E
R601,1993,2706,55,20,0,1020E
R602,1994,2703,55,20,0,1020E
R603,1995,2700,55,20,0,1020E
R604,1996,2695,55,20,0,1020E
R605,1998,2691,55,20,0,1000E
R606,2000,2687,55,20,0,1000E
R607,2002,2682,55,20,0,1000E
R608,2003,2679,55,20,0,1000E
R609,2005,2676,55,20,0,1000E
R610,2007,2672,55,20,0,1000E
R611,2009,2668,55,20,0,1010E
R612,2010,2665,55,20,0,1010E
R613,2011,2662,55,20,0,1010E
R614,2013,2659,55,20,0,990E
R615,2014,2656,55,20,0,990E
R616,2015,2654,55,20,0,990E
R617,2016,2652,55,20,0,960E
R618,2018,2650,55,20,0,960E
R619,2019,2648,55,20,0,960E
R620,2020,2646,55,20,0,940E
R621,2022,2644,55,20,0,940E
R622,2023,2641,55,20,0,940E
R623,2024,2640,55,20,0,920E
R624,2025,2639,55,20,0,920E
R625,2026,2637,55,20,0,920E
R626,2028,2636,55,20,0,910E
R627,2029,2635,55,20,0,910E
R628,2029,2634,55,20,0,910E
R629,2030,2634,55,20,0,840E
R630,2031,2633,55,20,0,840E
R631,2032,2632,55,20,0,840E
R632,2034,2630,55,20,0,840E
R633,2035,2629,55,20,0,840E
R634,2036,2629,55,20,0,840E
R635,2037,2628,55,20,0,800E
R636,2039,2627,55,20,0,800E
R637,2040,2625,55,20,0,800E
R638,2040,2625,55,20,0,770E
R639,2042,2625,55,20,0,770E
R640,2043,2625,55,20,0,770E
R641,2044,2625,55,20,0,780E
R642,2044,2625,55,20,0,780E
R643,2045,2625,55,20,0,780E
R644,2046,2625,55,20,0,730E
R645,2048,2625,55,20,0,730E
R646,2049,2626,55,20,0,730E
R647,2050,2626,55,20,0,740E
R648,2051,2626,55,20,0,740E
R649,2052,2627,55,20,0,740E
R650,2054,2628,55,20,0,740E
R651,2055,2629,55,20,0,740E
R652,2056,2629,55,20,0,740E
R653,2057,2629,55,20,0,730E
R654,2058,2629,55,20,0,730E
R655,2059,2630,55,20,0,730E
R656,2060,2630,55,20,0,710E
R657,2061,2631,55,20,0,710E
R658,2062,2631,55,20,0,710E
R659,2063,2631,55,20,0,690E
R660,2064,2630,55,20,0,690E
R661,2065,2629,55,20,0,690E
R662,2066,2629,55,20,0,680E
R663,2067,2628,55,20,0,680E
R664,2068,2628,55,15,0,680E
R665,2070,2628,55,14,0,690E
R666,2071,2628,55,15,0,690E
R667,2072,2628,55,15,0,690E
R668,2073,2627,55,15,0,680E
R669,2074,2626,55,16,0,680E
R670,2075,2624,55,16,0,680E
R671,2076,2622,55,15,0,670E
R672,2077,2619,55,15,0,670E
R673,2078,2617,55,15,0,670E
R674,2078,2616,55,16,0,640E
R675,2079,2613,55,16,0,640E
R676,2080,2611,55,16,0,640E
R677,2081,2609,55,16,0,640E
R678,2083,2607,55,16,0,640E
R679,2083,2604,55,16,0,640E
R680,2084,2601,55,16,0,630E
R681,2085,2600,55,16,0,630E
R682,2086,2598,55,16,0,630E
R683,2087,2596,55,15,0,610E
R684,2087,2595,55,15,0,610E
R685,2088,2594,55,15,0,610E
R686,2089,2593,55,16,0,600E
R687,2090,2592,55,16,0,600E
R688,2091,2590,55,16,0,600E
R689,2092,2589,55,16,0,600E
R690,2092,2588,55,16,0,600E
R691,2093,2587,55,16,0,600E
R692,2094,2587,55,16,0,580E
R693,2094,2587,55,16,0,580E
R694,2095,2587,55,16,0,580E
R695,2097,2587,55,16,0,580E
R696,2098,2587,55,16,0,580E
R697,2099,2586,55,16,0,580E
R698,2100,2586,55,16,0,590E
R699,2101,2586,55,16,0,590E
R700,2102,2586,55,16,0,590E
R701,2102,2586,55,16,0,570E
R702,2103,2587,55,16,0,570E
R703,2103,2587,55,16,0,570E
R704,2104,2587,55,16,0,550E
R705,2106,2587,55,16,0,550E
R706,2106,2587,55,15,0,550E
R707,2107,2586,55,15,0,560E
R708,2107,2586,55,15,0,560E
R709,2109,2586,55,15,0,560E
R710,2110,2586,55,15,0,560E
R711,2111,2585,55,15,0,560E
R712,2112,2584,55,15,0,560E
R713,2113,2584,55,15,0,560E
R714,2114,2583,55,15,0,560E
R715,2115,2582,55,15,0,560E
R716,2116,2580,55,15,0,570E
R717,2117,2578,55,15,0,570E
R718,2118,2576,55,15,0,570E
R719,2119,2575,55,15,0,550E
R720,2120,2574,55,15,0,550E
R721,2121,2573,55,15,0,550E
R722,2121,2572,55,15,0,560E
R723,2122,2572,55,15,0,560E
R724,2123,2572,55,15,0,560E
R725,2124,2572,55,15,0,560E
R726,2125,2572,59,15,0,560E
R727,2126,2572,59,15,0,560E
R728,2126,2573,60,15,0,550E
R729,2127,2573,60,15,0,550E
R730,2127,2573,60,15,0,550E
R731,2128,2573,60,15,0,530E
R732,2129,2573,60,15,0,530E
R733,2130,2573,60,15,0,530E
R734,2131,2573,60,15,0,540E
R735,2132,2573,60,15,0,540E
R736,2133,2573,60,15,0,540E
R737,2134,2573,60,15,0,540E
R738,2135,2572,60,15,0,540E
R739,2136,2572,60,15,0,540E
R740,2137,2571,60,15,0,550E
R741,2138,2571,60,15,0,550E
R742,2139,2570,60,15,0,550E
R743,2140,2570,60,15,0,550E
R744,2141,2570,60,15,0,550E
R745,2142,2570,60,15,0,550E
R746,2143,2570,60,15,0,560E
R747,2144,2570,60,15,0,560E
R748,2144,2570,60,15,0,560E
R749,2145,2570,60,15,0,540E
R750,2145,2570,60,13,0,540E
R751,2147,2571,60,13,0,540E
R752,2148,2572,60,12,0,550E
R753,2148,2572,60,12,0,550E
R754,2149,2573,60,12,0,550E
R755,2150,2574,60,12,0,540E
R756,2151,2574,60,12,0,540E
R757,2152,2574,60,12,0,540E
R758,2153,2571,60,12,0,540E
R759,2154,2568,60,12,0,540E
R760,2155,2564,60,12,0,540E
R761,2156,2561,60,12,0,540E
R762,2157,2560,60,12,0,540E
R763,2158,2559,60,12,0,540E
R764,2159,2559,60,12,0,550E
R765,2160,2559,60,12,0,550E
R766,2161,2559,60,12,0,550E
R767,2162,2559,60,10,0,550E
R768,2163,2559,60,9,0,550E
R769,2165,2559,60,9,0,550E
R770,2165,2559,60,9,0,560E
R771,2167,2559,60,9,0,560E
R772,2168,2559,60,9,0,560E
R773,2169,2559,60,9,0,570E
R774,2170,2558,60,9,0,570E
R775,2172,2556,60,9,0,570E
R776,2172,2552,60,9,0,570E
R777,2174,2549,60,9,0,570E
R778,2174,2546,60,9,0,570E
P1692,744,76,1600,378,2000,605,222,173,2174,778E
