R1,1843,2541,55,35,0,3780E
R2,1847,2547,55,35,0,3780E
R3,1850,2554,55,35,0,3390E
R4,1850,2554,55,35,0,3390E
R5,1827,2543,55,35,0,3390E
R6,1800,2498,55,35,0,-2200E
R7,1754,2457,55,35,0,-2200E
R8,1708,2393,55,35,0,-2200E
R9,1653,2328,55,35,0,-9500E
R10,1597,2283,55,35,0,-9500E
R11,1541,2198,55,35,0,-9500E
R12,1497,2149,55,35,0,-9500E
R13,1455,2093,55,35,0,-9500E
R14,1412,2052,55,35,0,-9500E
R15,1387,2005,55,35,0,-9500E
R16,1346,1966,55,35,0,-9500E
R17,1315,1940,55,35,0,-9500E
R18,1272,1895,55,35,0,-9500E
R19,1246,1874,55,35,0,-9500E
R20,1201,1842,55,35,0,-9500E
R21,1178,1830,55,35,0,-9500E
R22,1153,1807,55,35,0,-9500E
R23,1128,1785,55,35,0,-9500E
R24,1100,1776,55,35,0,-9500E
R25,1075,1763,55,35,0,-9500E
R26,1047,1749,55,35,0,-9500E
R27,1035,1737,55,35,0,-9500E
R28,1012,1723,55,35,0,-9500E
R29,985,1712,55,35,0,-9500E
R30,974,1703,55,35,0,-9500E
R31,944,1692,55,35,0,-9500E
R32,934,1682,55,35,0,-9500E
R33,913,1674,55,35,0,-9500E
R34,902,1668,55,35,0,-9500E
R35,889,1661,55,38,0,-9500E
R36,869,1654,55,47,0,-9500E
R37,859,1650,55,50,0,-9500E
R38,849,1644,55,50,0,-9500E
R39,834,1641,55,50,0,-8220E
R40,824,1639,55,50,0,-8220E
R41,813,1639,55,50,0,-8220E
R42,800,1640,55,50,0,-7160E
R43,789,1643,55,50,0,-7160E
R44,780,1647,55,50,0,-7160E
R45,770,1651,55,50,0,-6410E
R46,761,1656,55,50,0,-6410E
R47,754,1660,55,50,0,-6410E
R48,746,1666,55,50,0,-5470E
R49,738,1670,55,50,0,-5470E
R50,731,1676,55,50,0,-5470E
R51,726,1682,55,50,0,-4580E
R52,718,1689,55,50,0,-4580E
R53,712,1695,55,50,0,-4580E
R54,708,1699,55,50,0,-3990E
R55,702,1706,55,50,0,-3990E
R56,698,1710,55,50,0,-3990E
R57,693,1715,55,50,0,-3450E
R58,689,1720,55,50,0,-3450E
R59,686,1724,55,50,0,-3450E
R60,682,1728,55,50,0,-2800E
R61,680,1731,55,52,0,-2800E
R62,677,1736,55,68,0,-2800E
R63,674,1741,55,75,0,-2150E
R64,672,1746,55,78,0,-2150E
R65,670,1750,55,79,0,-2150E
R66,667,1757,55,80,0,-1740E
R67,666,1763,55,80,0,-1740E
R68,664,1772,55,80,0,-1740E
R69,663,1784,55,80,0,-1280E
R70,662,1793,55,80,0,-1280E
R71,661,1805,55,80,0,-1280E
R72,660,1817,55,80,0,-950E
R73,660,1829,55,80,0,-950E
R74,660,1840,55,80,0,-950E
R75,660,1849,55,80,0,-520E
R76,660,1861,55,80,0,-520E
R77,660,1871,55,80,0,-520E
R78,660,1881,55,80,0,-270E
R79,660,1895,55,80,0,-270E
R80,661,1906,55,80,0,-270E
R81,662,1915,55,80,0,0E
R82,662,1925,55,80,0,0E
R83,664,1934,55,80,0,0E
R84,665,1942,55,80,0,240E
R85,666,1949,55,80,0,240E
R86,668,1958,55,80,0,240E
R87,669,1965,55,80,0,460E
R88,671,1972,55,80,0,460E
R89,673,1980,55,80,0,460E
R90,674,1989,55,80,0,670E
R91,677,1995,55,80,0,670E
R92,679,2000,55,80,0,670E
R93,681,2007,55,80,0,930E
R94,683,2011,55,80,0,930E
R95,685,2015,55,80,0,930E
R96,687,2020,55,80,0,1040E
R97,690,2022,55,80,0,1040E
R98,693,2025,55,80,0,1040E
R99,695,2028,55,80,0,1220E
R100,698,2032,55,80,0,1220E
R101,701,2038,55,80,0,1220E
R102,704,2043,55,80,0,1410E
R103,706,2050,55,80,0,1410E
R104,711,2056,55,80,0,1410E
R105,714,2061,55,80,0,1620E
R106,717,2068,55,80,0,1620E
R107,720,2074,55,80,0,1620E
R108,723,2079,55,80,0,1680E
R109,726,2084,55,80,0,1680E
R110,729,2090,55,80,0,1680E
R111,732,2094,55,80,0,1710E
R112,735,2098,55,80,0,1710E
R113,739,2103,55,80,0,1710E
R114,742,2107,55,80,0,1780E
R115,746,2112,55,80,0,1780E
R116,749,2118,55,80,0,1780E
R117,753,2123,55,80,0,1880E
R118,755,2126,55,80,0,1880E
R119,759,2129,55,80,0,1880E
R120,762,2132,55,80,0,1860E
R121,766,2135,55,80,0,1860E
R122,769,2137,55,80,0,1860E
R123,773,2140,55,80,0,1930E
R124,776,2144,55,80,0,1930E
R125,780,2146,55,80,0,1930E
R126,783,2149,55,80,0,1950E
R127,787,2154,55,80,0,1950E
R128,790,2158,55,80,0,1950E
R129,794,2162,55,80,0,1990E
R130,798,2166,55,80,0,1990E
R131,801,2169,55,80,0,1990E
R132,804,2172,55,80,0,1990E
R133,808,2175,55,80,0,1990E
R134,811,2177,55,80,0,1990E
R135,814,2178,55,80,0,1990E
R136,818,2180,55,80,0,1990E
R137,822,2183,55,80,0,1990E
R138,825,2185,55,80,0,2020E
R139,829,2188,55,80,0,2020E
R140,833,2190,55,80,0,2020E
R141,836,2193,55,80,0,2050E
R142,839,2195,55,80,0,2050E
R143,843,2198,55,80,0,2050E
R144,846,2201,55,80,0,2040E
R145,850,2204,55,80,0,2040E
R146,854,2206,55,80,0,2040E
R147,857,2210,55,80,0,2060E
R148,861,2212,55,80,0,2060E
R149,864,2215,55,80,0,2060E
R150,868,2217,55,80,0,2080E
R151,872,2220,55,80,0,2080E
R152,875,2221,55,80,0,2080E
R153,879,2223,55,80,0,2090E
R154,882,2225,55,80,0,2090E
R155,885,2228,55,80,0,2090E
R156,890,2230,55,80,0,2080E
R157,893,2232,55,80,0,2080E
R158,896,2235,55,80,0,2080E
R159,900,2236,55,80,0,2090E
R160,904,2239,55,80,0,2090E
R161,907,2243,55,80,0,2090E
R162,911,2246,55,80,0,2080E
R163,913,2248,55,80,0,2080E
R164,917,2252,55,80,0,2080E
R165,920,2256,55,80,0,2070E
R166,923,2259,55,80,0,2070E
R167,926,2262,55,80,0,2070E
R168,929,2266,55,80,0,2040E
R169,933,2269,55,80,0,2040E
R170,936,2271,55,80,0,2040E
R171,939,2273,55,80,0,2040E
R172,943,2275,55,80,0,2040E
R173,946,2275,55,80,0,2040E
R174,949,2276,55,80,0,2030E
R175,953,2277,55,80,0,2030E
R176,956,2278,55,80,0,2030E
R177,959,2279,55,80,0,2030E
R178,962,2280,55,80,0,2030E
R179,965,2281,55,80,0,2030E
R180,968,2281,55,80,0,2000E
R181,972,2281,55,80,0,2000E
R182,975,2281,55,80,0,2000E
R183,978,2281,55,80,0,2000E
R184,981,2282,55,80,0,2000E
R185,986,2284,55,80,0,2000E
R186,989,2286,55,80,0,2020E
R187,991,2288,55,80,0,2020E
R188,995,2291,55,80,0,2020E
R189,998,2294,55,80,0,2000E
R190,1001,2295,55,80,0,2000E
R191,1005,2298,55,80,0,2000E
R192,1008,2300,55,80,0,2000E
R193,1011,2302,55,80,0,2000E
R194,1014,2304,55,80,0,2000E
R195,1017,2307,55,80,0,1980E
R196,1020,2310,55,80,0,1980E
R197,1023,2313,55,80,0,1980E
R198,1026,2315,55,80,0,1960E
R199,1029,2318,55,80,0,1960E
R200,1032,2319,55,80,0,1960E
R201,1036,2321,55,80,0,1940E
R202,1038,2325,55,80,0,1940E
R203,1042,2329,55,80,0,1940E
R204,1045,2333,55,80,0,1940E
R205,1048,2336,55,80,0,1940E
R206,1051,2339,55,80,0,1940E
R207,1054,2342,55,80,0,1930E
R208,1058,2345,55,80,0,1930E
R209,1060,2348,55,80,0,1930E
R210,1063,2349,55,80,0,1910E
R211,1066,2349,55,80,0,1910E
R212,1069,2349,55,80,0,1910E
R213,1072,2349,55,80,0,1900E
R214,1075,2350,55,80,0,1900E
R215,1078,2351,55,80,0,1900E
R216,1080,2354,55,80,0,1860E
R217,1084,2356,55,78,0,1860E
R218,1087,2358,55,76,0,1860E
R219,1089,2361,55,75,0,1860E
R220,1092,2362,55,75,0,1860E
R221,1095,2362,55,75,0,1860E
R222,1098,2363,55,75,0,1850E
R223,1101,2364,55,75,0,1850E
R224,1104,2365,55,75,0,1850E
R225,1106,2367,55,75,0,1820E
R226,1109,2368,55,75,0,1820E
R227,1112,2368,55,75,0,1820E
R228,1114,2368,55,75,0,1790E
R229,1117,2369,55,75,0,1790E
R230,1120,2370,55,75,0,1790E
R231,1122,2372,55,75,0,1770E
R232,1125,2373,55,75,0,1770E
R233,1127,2375,55,75,0,1770E
R234,1130,2375,55,75,0,1740E
R235,1133,2376,55,75,0,1740E
R236,1135,2376,55,75,0,1740E
R237,1138,2377,55,75,0,1720E
R238,1141,2378,55,75,0,1720E
R239,1143,2379,55,75,0,1720E
R240,1145,2380,55,75,0,1680E
R241,1148,2380,55,75,0,1680E
R242,1150,2381,55,75,0,1680E
R243,1153,2383,55,75,0,1660E
R244,1156,2386,55,75,0,1660E
R245,1158,2388,55,75,0,1660E
R246,1160,2390,55,75,0,1630E
R247,1163,2392,55,75,0,1630E
R248,1166,2393,55,75,0,1630E
R249,1168,2395,55,75,0,1620E
R250,1171,2398,55,75,0,1620E
R251,1174,2400,55,75,0,1620E
R252,1176,2402,55,75,0,1620E
R253,1179,2406,55,75,0,1620E
R254,1181,2408,55,75,0,1620E
R255,1184,2408,55,75,0,1620E
R256,1187,2408,55,75,0,1620E
R257,1189,2408,55,75,0,1620E
R258,1191,2409,55,75,0,1590E
R259,1194,2410,55,75,0,1590E
R260,1196,2412,55,75,0,1590E
R261,1199,2412,55,75,0,1590E
R262,1201,2412,55,75,0,1590E
R263,1203,2412,55,75,0,1590E
R264,1206,2412,55,75,0,1550E
R265,1208,2413,55,75,0,1550E
R266,1210,2414,55,75,0,1550E
R267,1212,2415,55,75,0,1530E
R268,1215,2415,55,75,0,1530E
R269,1217,2415,55,75,0,1530E
R270,1220,2417,55,75,0,1540E
R271,1222,2419,55,75,0,1540E
R272,1224,2422,55,75,0,1540E
R273,1227,2424,55,75,0,1520E
R274,1230,2427,55,75,0,1520E
R275,1232,2430,55,75,0,1520E
R276,1235,2431,55,75,0,1530E
R277,1237,2435,55,75,0,1530E
R278,1240,2437,55,75,0,1530E
R279,1242,2439,55,75,0,1510E
R280,1244,2442,55,75,0,1510E
R281,1246,2444,55,75,0,1510E
R282,1248,2446,55,75,0,1480E
R283,1251,2449,55,75,0,1480E
R284,1253,2453,55,75,0,1480E
R285,1255,2455,55,75,0,1470E
R286,1258,2457,55,75,0,1470E
R287,1260,2459,55,75,0,1470E
R288,1262,2459,55,75,0,1460E
R289,1265,2459,55,75,0,1460E
R290,1267,2459,55,75,0,1460E
R291,1269,2459,55,75,0,1450E
R292,1271,2461,55,75,0,1450E
R293,1273,2462,55,75,0,1450E
R294,1276,2465,55,75,0,1440E
R295,1278,2469,55,75,0,1440E
R296,1280,2471,55,75,0,1440E
R297,1283,2474,55,75,0,1440E
R298,1285,2474,55,75,0,1440E
R299,1288,2476,55,75,0,1440E
R300,1290,2477,55,75,0,1430E
R301,1292,2480,55,75,0,1430E
R302,1295,2482,55,75,0,1430E
R303,1298,2484,55,75,0,1430E
R304,1300,2486,55,75,0,1430E
R305,1302,2486,55,75,0,1430E
R306,1304,2486,55,75,0,1430E
R307,1306,2486,55,75,0,1430E
R308,1308,2487,55,75,0,1430E
R309,1311,2487,55,75,0,1410E
R310,1313,2488,55,75,0,1410E
R311,1314,2489,55,75,0,1410E
R312,1317,2489,55,75,0,1410E
R313,1319,2489,55,75,0,1410E
R314,1321,2489,55,75,0,1410E
R315,1324,2490,55,75,0,1410E
R316,1326,2492,55,75,0,1410E
R317,1328,2493,55,75,0,1410E
R318,1330,2496,55,75,0,1390E
R319,1333,2499,55,75,0,1390E
R320,1334,2500,55,75,0,1390E
R321,1336,2502,55,75,0,1370E
R322,1339,2504,55,75,0,1370E
R323,1340,2506,55,75,0,1370E
R324,1342,2509,55,75,0,1350E
R325,1345,2511,55,75,0,1350E
R326,1347,2513,55,75,0,1350E
R327,1348,2516,55,75,0,1340E
R328,1350,2520,55,75,0,1340E
R329,1352,2522,55,75,0,1340E
R330,1354,2523,55,75,0,1320E
R331,1357,2524,55,75,0,1320E
R332,1359,2525,55,75,0,1320E
R333,1361,2526,55,75,0,1330E
R334,1364,2528,55,75,0,1330E
R335,1366,2529,55,75,0,1330E
R336,1368,2531,55,75,0,1340E
R337,1369,2532,55,75,0,1340E
R338,1372,2533,55,75,0,1340E
R339,1374,2535,55,75,0,1320E
R340,1376,2537,55,75,0,1320E
R341,1378,2539,55,75,0,1320E
R342,1380,2541,55,75,0,1310E
R343,1382,2542,55,75,0,1310E
R344,1384,2543,55,75,0,1310E
R345,1386,2544,55,75,0,1300E
R346,1388,2545,55,75,0,1300E
R347,1390,2547,55,75,0,1300E
R348,1392,2548,55,75,0,1290E
R349,1394,2550,55,75,0,1290E
R350,1396,2550,55,75,0,1290E
R351,1399,2550,55,75,0,1300E
R352,1401,2551,55,75,0,1300E
R353,1403,2553,55,75,0,1300E
R354,1406,2554,55,75,0,1310E
R355,1408,2557,55,75,0,1310E
R356,1410,2560,55,75,0,1310E
R357,1413,2562,55,75,0,1320E
R358,1415,2565,55,75,0,1320E
R359,1417,2567,55,75,0,1320E
R360,1419,2568,55,75,0,1310E
R361,1421,2569,55,75,0,1310E
R362,1423,2571,55,75,0,1310E
R363,1425,2572,55,75,0,1270E
R364,1427,2574,55,75,0,1270E
R365,1429,2576,55,75,0,1270E
R366,1430,2579,55,75,0,1270E
R367,1433,2582,55,75,0,1270E
R368,1435,2584,55,75,0,1270E
R369,1437,2587,55,75,0,1280E
R370,1440,2589,55,75,0,1280E
R371,1442,2590,55,75,0,1280E
R372,1444,2592,55,75,0,1290E
R373,1446,2593,55,75,0,1290E
R374,1448,2595,55,75,0,1290E
R375,1450,2597,55,75,0,1280E
R376,1452,2601,55,75,0,1280E
R377,1455,2603,55,75,0,1280E
R378,1457,2605,55,75,0,1290E
R379,1459,2607,55,75,0,1290E
R380,1461,2607,55,75,0,1290E
R381,1464,2608,55,75,0,1300E
R382,1465,2609,55,75,0,1300E
R383,1467,2611,55,75,0,1300E
R384,1469,2613,55,75,0,1270E
R385,1471,2615,55,75,0,1270E
R386,1473,2618,55,75,0,1270E
R387,1475,2620,55,75,0,1260E
R388,1477,2622,55,75,0,1260E
R389,1479,2623,55,75,0,1260E
R390,1481,2624,55,75,0,1250E
R391,1483,2624,55,75,0,1250E
R392,1485,2624,55,75,0,1250E
R393,1487,2624,55,75,0,1250E
R394,1490,2624,55,75,0,1250E
R395,1491,2626,55,75,0,1250E
R396,1493,2627,55,75,0,1240E
R397,1496,2628,55,75,0,1240E
R398,1498,2629,55,75,0,1240E
R399,1500,2630,55,75,0,1260E
R400,1502,2631,55,75,0,1260E
R401,1504,2632,55,75,0,1260E
R402,1506,2632,55,75,0,1250E
R403,1508,2634,55,75,0,1250E
R404,1510,2635,55,75,0,1250E
R405,1512,2636,55,75,0,1250E
R406,1514,2637,55,75,0,1250E
R407,1516,2637,55,75,0,1250E
R408,1518,2638,55,75,0,1240E
R409,1520,2639,55,75,0,1240E
R410,1522,2642,55,75,0,1240E
R411,1524,2644,55,75,0,1240E
R412,1525,2647,55,75,0,1240E
R413,1527,2650,55,75,0,1240E
R414,1529,2652,55,75,0,1220E
R415,1531,2654,55,75,0,1220E
R416,1533,2655,55,75,0,1220E
R417,1535,2656,55,75,0,1210E
R418,1537,2658,55,75,0,1210E
R419,1539,2660,55,75,0,1210E
R420,1541,2661,55,75,0,1210E
R421,1542,2662,55,75,0,1210E
R422,1544,2663,55,75,0,1210E
R423,1546,2665,55,75,0,1190E
R424,1548,2667,55,75,0,1190E
R425,1549,2669,55,75,0,1190E
R426,1552,2671,55,75,0,1190E
R427,1553,2673,55,75,0,1190E
R428,1555,2674,55,75,0,1190E
R429,1557,2675,55,75,0,1180E
R430,1559,2676,55,75,0,1180E
R431,1561,2678,55,75,0,1180E
R432,1563,2680,55,75,0,1180E
R433,1565,2682,55,75,0,1180E
R434,1567,2683,55,75,0,1180E
R435,1568,2684,55,75,0,1160E
R436,1570,2684,55,75,0,1160E
R437,1572,2686,55,75,0,1160E
R438,1574,2687,55,75,0,1170E
R439,1576,2688,55,75,0,1170E
R440,1578,2690,55,75,0,1170E
R441,1580,2690,55,75,0,1170E
R442,1582,2690,55,75,0,1170E
R443,1584,2690,55,75,0,1170E
R444,1587,2690,55,75,0,1170E
R445,1589,2690,55,75,0,1170E
R446,1591,2691,55,75,0,1170E
R447,1593,2692,55,75,0,1190E
R448,1595,2695,55,75,0,1190E
R449,1597,2698,55,75,0,1190E
R450,1599,2700,55,75,0,1190E
R451,1600,2703,55,75,0,1190E
R452,1603,2704,55,75,0,1190E
R453,1605,2706,55,75,0,1190E
R454,1607,2707,55,75,0,1190E
R455,1608,2708,55,70,0,1190E
R456,1610,2709,55,70,0,1170E
R457,1611,2710,55,70,0,1170E
R458,1613,2710,55,70,0,1170E
R459,1616,2710,55,70,0,1180E
R460,1618,2710,55,70,0,1180E
R461,1619,2712,55,70,0,1180E
R462,1621,2713,55,70,0,1160E
R463,1623,2713,55,70,0,1160E
R464,1625,2713,55,70,0,1160E
R465,1627,2714,55,70,0,1170E
R466,1628,2715,55,70,0,1170E
R467,1630,2716,55,70,0,1170E
R468,1632,2718,55,70,0,1150E
R469,1635,2718,55,70,0,1150E
R470,1636,2719,55,70,0,1150E
R471,1638,2721,55,70,0,1160E
R472,1640,2723,55,70,0,1160E
R473,1642,2724,55,70,0,1160E
R474,1644,2727,55,70,0,1160E
R475,1646,2730,55,70,0,1160E
R476,1648,2731,55,70,0,1160E
R477,1649,2732,55,70,0,1150E
R478,1652,2734,55,70,0,1150E
R479,1654,2735,55,70,0,1150E
R480,1655,2736,55,70,0,1150E
R481,1658,2737,55,70,0,1150E
R482,1659,2738,55,70,0,1150E
R483,1661,2738,55,70,0,1150E
R484,1663,2740,55,70,0,1150E
R485,1665,2742,55,70,0,1150E
R486,1667,2744,55,70,0,1160E
R487,1669,2745,55,70,0,1160E
R488,1671,2747,55,70,0,1160E
R489,1673,2748,55,70,0,1160E
R490,1674,2749,55,70,0,1160E
R491,1677,2750,55,70,0,1160E
R492,1679,2751,55,70,0,1160E
R493,1681,2752,55,70,0,1160E
R494,1683,2753,55,70,0,1160E
R495,1685,2753,55,70,0,1160E
R496,1687,2753,55,70,0,1160E
R497,1688,2753,55,70,0,1160E
R498,1691,2753,55,70,0,1170E
R499,1692,2753,55,70,0,1170E
R500,1693,2753,55,70,0,1170E
R501,1695,2753,55,70,0,1140E
R502,1697,2754,55,70,0,1140E
R503,1699,2755,55,70,0,1140E
R504,1701,2757,55,70,0,1150E
R505,1703,2759,55,70,0,1150E
R506,1704,2761,55,70,0,1150E
R507,1706,2764,55,70,0,1130E
R508,1708,2766,55,70,0,1130E
R509,1710,2770,55,70,0,1130E
R510,1711,2772,55,70,0,1120E
R511,1713,2772,55,70,0,1120E
R512,1715,2772,55,70,0,1120E
R513,1716,2772,55,70,0,1110E
R514,1719,2772,55,70,0,1110E
R515,1720,2773,55,70,0,1110E
R516,1722,2774,55,70,0,1100E
R517,1723,2777,55,70,0,1100E
R518,1725,2779,55,70,0,1100E
R519,1726,2781,55,70,0,1090E
R520,1728,2782,55,70,0,1090E
R521,1730,2783,55,70,0,1090E
R522,1731,2784,55,70,0,1080E
R523,1733,2786,55,70,0,1080E
R524,1735,2788,55,70,0,1080E
R525,1737,2790,55,70,0,1090E
R526,1738,2791,55,70,0,1090E
R527,1740,2791,55,70,0,1090E
R528,1742,2792,55,70,0,1080E
R529,1743,2792,55,70,0,1080E
R530,1745,2793,55,70,0,1080E
R531,1747,2795,55,70,0,1080E
R532,1748,2797,55,70,0,1080E
R533,1750,2797,55,70,0,1080E
R534,1752,2797,55,70,0,1050E
R535,1753,2797,55,70,0,1050E
R536,1755,2797,55,70,0,1050E
R537,1757,2796,55,70,0,1070E
R538,1758,2795,55,70,0,1070E
R539,1760,2795,55,70,0,1070E
R540,1762,2795,55,70,0,1060E
R541,1763,2797,55,70,0,1060E
R542,1765,2798,55,70,0,1060E
R543,1766,2800,55,70,0,1030E
R544,1768,2801,55,70,0,1030E
R545,1769,2802,55,70,0,1030E
R546,1770,2802,55,70,0,1000E
R547,1772,2802,55,70,0,1000E
R548,1773,2801,55,70,0,1000E
R549,1775,2801,55,70,0,1000E
R550,1777,2801,55,70,0,1000E
R551,1778,2803,55,70,0,1000E
R552,1780,2804,55,70,0,1000E
R553,1782,2806,55,70,0,1000E
R554,1784,2807,55,70,0,1000E
R555,1786,2808,55,70,0,1000E
R556,1787,2809,55,70,0,1000E
R557,1789,2810,55,70,0,1000E
R558,1791,2810,55,70,0,1020E
R559,1792,2811,55,70,0,1020E
R560,1794,2813,55,70,0,1020E
R561,1797,2815,55,70,0,1020E
R562,1798,2817,55,70,0,1020E
R563,1800,2820,55,70,0,1020E
R564,1801,2821,55,70,0,1010E
R565,1803,2822,55,70,0,1010E
R566,1805,2823,55,70,0,1010E
R567,1806,2823,55,70,0,1010E
R568,1808,2823,55,70,0,1010E
R569,1809,2823,55,70,0,1010E
R570,1811,2824,55,70,0,1010E
R571,1812,2824,55,70,0,1010E
R572,1814,2824,55,70,0,1010E
R573,1816,2824,55,70,0,1010E
R574,1817,2824,55,70,0,1010E
R575,1818,2824,55,70,0,1010E
R576,1820,2824,55,70,0,1000E
R577,1821,2824,55,70,0,1000E
R578,1822,2824,55,70,0,1000E
R579,1824,2826,55,70,0,980E
R580,1825,2829,55,70,0,980E
R581,1827,2830,55,70,0,980E
R582,1829,2830,55,70,0,980E
R583,1830,2830,55,70,0,980E
R584,1832,2830,55,70,0,980E
R585,1834,2831,55,70,0,980E
R586,1836,2831,55,70,0,980E
R587,1837,2833,55,70,0,980E
R588,1839,2834,55,70,0,980E
R589,1841,2835,55,70,0,980E
R590,1842,2836,55,70,0,980E
R591,1844,2838,55,70,0,980E
R592,1846,2839,55,70,0,980E
R593,1848,2840,55,70,0,980E
R594,1849,2842,55,70,0,980E
R595,1851,2843,55,70,0,980E
R596,1852,2843,55,70,0,980E
R597,1853,2844,55,70,0,970E
R598,1855,2846,55,65,0,970E
R599,1857,2846,55,61,0,970E
R600,1858,2847,55,60,0,970E
R601,1860,2847,55,60,0,970E
R602,1861,2847,55,60,0,970E
R603,1863,2847,55,60,0,980E
R604,1865,2845,55,60,0,980E
R605,1867,2844,55,60,0,980E
R606,1868,2842,55,60,0,980E
R607,1870,2841,55,60,0,980E
R608,1871,2841,55,60,0,980E
R609,1872,2840,55,60,0,970E
R610,1873,2839,55,60,0,970E
R611,1874,2838,55,60,0,970E
R612,1876,2837,55,60,0,950E
R613,1877,2836,55,60,0,950E
R614,1878,2835,55,60,0,950E
R615,1880,2834,55,60,0,940E
R616,1882,2832,55,60,0,940E
R617,1884,2831,55,60,0,940E
R618,1886,2830,55,60,0,960E
R619,1888,2829,55,60,0,960E
R620,1889,2829,55,60,0,960E
R621,1890,2829,55,60,0,950E
R622,1892,2829,55,60,0,950E
R623,1893,2828,55,52,0,950E
R624,1894,2828,55,49,0,930E
R625,1896,2827,55,45,0,930E
R626,1897,2826,55,45,0,930E
R627,1898,2824,55,45,0,920E
R628,1900,2821,55,45,0,920E
R629,1901,2818,55,45,0,920E
R630,1902,2813,55,45,0,910E
R631,1903,2807,55,45,0,910E
R632,1904,2802,55,45,0,910E
R633,1905,2798,55,45,0,870E
R634,1906,2794,55,45,0,870E
R635,1907,2790,55,45,0,870E
R636,1908,2787,55,45,0,840E
R637,1909,2784,55,45,0,840E
R638,1910,2779,55,45,0,840E
R639,1911,2774,55,45,0,810E
R640,1912,2770,55,45,0,810E
R641,1913,2766,55,45,0,810E
R642,1914,2762,55,45,0,780E
R643,1915,2759,55,45,0,780E
R644,1916,2757,55,45,0,780E
R645,1918,2754,55,45,0,780E
R646,1918,2751,55,45,0,780E
R647,1919,2750,55,45,0,780E
R648,1920,2749,55,45,0,730E
R649,1921,2749,55,45,0,730E
R650,1922,2747,55,45,0,730E
R651,1923,2746,55,45,0,710E
R652,1924,2745,55,45,0,710E
R653,1924,2744,55,45,0,710E
R654,1926,2743,55,45,0,690E
R655,1926,2742,55,45,0,690E
R656,1927,2741,55,45,0,690E
R657,1928,2740,55,45,0,650E
R658,1929,2740,55,45,0,650E
R659,1931,2738,55,45,0,650E
R660,1931,2738,55,51,0,640E
R661,1932,2738,55,51,0,640E
R662,1933,2738,55,49,0,640E
R663,1934,2738,55,49,0,640E
R664,1935,2739,55,49,0,640E
R665,1936,2741,55,49,0,640E
R666,1937,2743,55,49,0,630E
R667,1938,2744,55,49,0,630E
R668,1939,2744,55,49,0,630E
R669,1940,2746,55,49,0,630E
R670,1941,2748,55,49,0,630E
R671,1942,2749,55,49,0,630E
R672,1943,2751,55,49,0,620E
R673,1944,2753,55,49,0,620E
R674,1946,2754,55,49,0,620E
R675,1947,2755,55,49,0,640E
R676,1948,2756,55,49,0,640E
R677,1950,2757,55,49,0,640E
R678,1951,2758,55,49,0,660E
R679,1952,2759,55,49,0,660E
R680,1953,2760,55,49,0,660E
R681,1954,2761,55,49,0,650E
R682,1955,2761,55,49,0,650E
R683,1956,2763,55,49,0,650E
R684,1957,2765,55,49,0,640E
R685,1958,2767,55,49,0,640E
R686,1959,2769,55,49,0,640E
R687,1961,2770,55,49,0,660E
R688,1962,2771,55,49,0,660E
R689,1963,2773,55,49,0,660E
R690,1964,2774,55,49,0,650E
R691,1965,2775,55,49,0,650E
R692,1966,2777,55,49,0,650E
R693,1968,2779,55,49,0,670E
R694,1969,2780,55,49,0,670E
R695,1971,2780,55,49,0,670E
R696,1973,2782,55,49,0,700E
R697,1973,2784,55,49,0,700E
R698,1974,2785,55,49,0,700E
R699,1975,2787,55,49,0,660E
R700,1977,2789,55,49,0,660E
R701,1979,2791,55,49,0,660E
R702,1980,2791,55,49,0,710E
R703,1982,2793,55,49,0,710E
R704,1983,2794,55,49,0,710E
R705,1984,2795,55,49,0,720E
R706,1985,2796,55,49,0,720E
R707,1987,2798,55,49,0,720E
R708,1989,2798,55,49,0,730E
R709,1990,2799,55,49,0,730E
R710,1992,2800,55,49,0,730E
R711,1994,2800,55,49,0,790E
R712,1995,2801,55,48,0,790E
R713,1997,2801,55,45,0,790E
R714,1998,2802,55,45,0,790E
R715,1999,2804,55,40,0,790E
R716,2001,2805,55,40,0,790E
R717,2002,2806,55,40,0,790E
R718,2004,2806,55,40,0,790E
R719,2005,2806,55,40,0,790E
R720,2007,2804,55,40,0,820E
R721,2008,2803,55,40,0,820E
R722,2009,2802,55,40,0,820E
R723,2011,2800,55,40,0,810E
R724,2012,2797,55,39,0,810E
R725,2014,2796,55,36,0,810E
R726,2015,2795,55,32,0,810E
R727,2016,2792,55,31,0,810E
R728,2017,2791,55,30,0,810E
R729,2019,2789,55,30,0,810E
R730,2021,2785,58,30,0,810E
R731,2023,2782,59,30,0,810E
R732,2024,2779,60,30,0,830E
R733,2026,2776,60,30,0,830E
R734,2028,2772,60,30,0,830E
R735,2029,2768,60,30,0,850E
R736,2030,2765,60,30,0,850E
R737,2032,2761,60,30,0,850E
R738,2033,2758,60,30,0,840E
R739,2035,2755,60,30,0,840E
R740,2036,2753,60,30,0,840E
R741,2038,2751,60,30,0,860E
R742,2040,2749,60,30,0,860E
R743,2041,2747,60,30,0,860E
R744,2042,2745,60,30,0,850E
R745,2044,2744,60,26,0,850E
R746,2045,2742,60,23,0,850E
R747,2046,2740,60,21,0,840E
R748,2047,2737,60,20,0,840E
R749,2048,2735,60,20,0,840E
R750,2049,2731,60,20,0,820E
R751,2050,2727,60,20,0,820E
R752,2052,2723,60,20,0,820E
R753,2053,2718,60,20,0,820E
R754,2054,2714,60,20,0,820E
R755,2056,2709,60,20,0,820E
R756,2056,2705,60,20,0,800E
R757,2057,2701,60,20,0,800E
R758,2058,2697,60,20,0,800E
R759,2060,2693,60,20,0,770E
R760,2061,2691,60,20,0,770E
R761,2062,2687,60,20,0,770E
R762,2063,2686,60,20,0,780E
R763,2064,2684,60,20,0,780E
R764,2066,2682,60,20,0,780E
R765,2067,2680,60,20,0,780E
R766,2068,2677,60,20,0,780E
R767,2069,2675,60,20,0,780E
R768,2071,2672,60,17,0,760E
R769,2072,2670,60,16,0,760E
R770,2073,2668,60,15,0,760E
R771,2074,2666,60,15,0,760E
R772,2075,2664,60,15,0,760E
R773,2077,2662,60,15,0,760E
R774,2078,2659,60,15,0,770E
R775,2080,2656,60,15,0,770E
R776,2081,2654,60,15,0,770E
R777,2083,2651,60,15,0,790E
R778,2084,2648,60,15,0,790E
R779,2085,2646,60,15,0,790E
R780,2086,2644,60,15,0,770E
R781,2087,2642,60,15,0,770E
R782,2088,2640,60,15,0,770E
R783,2089,2638,60,15,0,750E
R784,2091,2636,60,15,0,750E
R785,2091,2633,60,15,0,750E
R786,2093,2632,60,10,0,760E
R787,2094,2631,60,10,0,760E
R788,2095,2629,60,10,0,760E
R789,2096,2628,60,10,0,740E
R790,2096,2626,60,10,0,740E
R791,2097,2624,60,10,0,740E
R792,2099,2620,60,10,0,720E
R793,2100,2617,60,10,0,720E
R794,2101,2614,60,10,0,720E
R795,2102,2611,60,10,0,710E
R796,2103,2608,60,10,0,710E
R797,2104,2605,60,10,0,710E
R798,2105,2602,60,10,0,700E
R799,2106,2599,60,10,0,700E
R800,2107,2596,60,10,0,700E
R801,2109,2593,60,10,0,710E
R802,2110,2590,60,10,0,710E
R803,2112,2588,60,5,0,710E
R804,2112,2586,60,5,0,700E
R805,2113,2584,60,5,0,700E
R806,2114,2582,60,5,0,700E
R807,2115,2581,60,5,0,680E
R808,2116,2579,60,5,0,680E
R809,2117,2577,61,5,0,680E
R810,2118,2575,63,5,0,680E
R811,2119,2572,64,5,0,680E
R812,2120,2569,65,5,0,680E
R813,2122,2566,65,5,0,690E
R814,2123,2564,65,5,0,690E
R815,2124,2560,65,5,0,690E
R816,2125,2557,65,5,0,680E
R817,2126,2555,65,2,0,680E
R818,2127,2552,65,1,0,680E
R819,2128,2550,65,1,0,670E
R820,2130,2549,65,1,0,670E
R821,2132,2547,65,1,0,670E
R822,2132,2546,65,1,0,680E
R823,2133,2544,65,1,0,680E
R824,2134,2543,65,1,0,680E
R825,2135,2541,65,1,0,670E
R826,2137,2538,65,1,0,670E
R827,2137,2536,65,1,0,670E
R828,2138,2534,65,1,0,670E
R829,2139,2529,65,1,0,670E
R830,2140,2525,65,1,0,670E
R831,2141,2522,65,1,0,660E
R832,2142,2519,65,1,0,660E
R833,2143,2518,65,1,0,660E
R834,2144,2516,65,1,0,650E
R835,2145,2514,65,1,0,650E
R836,2146,2513,65,1,0,650E
R837,2147,2512,65,1,0,650E
R838,2148,2511,65,1,0,650E
R839,2149,2511,65,1,0,650E
R840,2150,2510,65,1,0,640E
R841,2151,2509,65,1,0,640E
R842,2152,2508,65,1,0,640E
R843,2153,2508,65,1,0,640E
R844,2155,2507,65,1,0,640E
R845,2156,2506,65,1,0,640E
R846,2157,2506,65,1,0,650E
R847,2158,2505,65,1,0,650E
R848,2159,2504,65,1,0,650E
R849,2160,2504,65,1,0,650E
R850,2161,2503,65,1,0,650E
R851,2162,2502,65,1,0,650E
R852,2163,2500,65,1,0,640E
R853,2163,2497,65,1,0,640E
R854,2163,2493,65,1,0,640E
R855,2164,2490,65,1,0,610E
R856,2166,2488,65,1,0,610E
R857,2167,2486,65,1,0,610E
R858,2168,2485,65,1,0,630E
R859,2170,2484,65,1,0,630E
R860,2172,2484,65,1,0,630E
R861,2173,2483,65,1,0,670E
R862,2175,2482,65,1,0,670E
R863,2176,2482,65,1,0,670E
R864,2178,2481,65,1,0,710E
R865,2179,2480,65,1,0,710E
R866,2180,2480,65,1,0,710E
R867,2181,2480,65,1,0,690E
R868,2183,2479,67,1,0,690E
R869,2184,2479,70,1,0,690E
R870,2185,2479,70,1,0,710E
R871,2187,2479,70,1,0,710E
R872,2188,2478,70,1,0,710E
R873,2189,2478,70,1,0,720E
R874,2190,2477,70,1,0,720E
R875,2192,2477,70,1,0,720E
R876,2193,2476,70,1,0,730E
R877,2195,2474,70,1,0,730E
R878,2196,2472,70,1,0,730E
R879,2197,2470,70,1,0,740E
R880,2198,2468,70,1,0,740E
R881,2199,2467,70,1,0,740E
R882,2200,2466,70,1,0,720E
R883,2201,2466,70,1,0,720E
R884,2203,2467,70,1,0,720E
R885,2203,2467,70,1,0,710E
R886,2205,2467,70,1,0,710E
R887,2206,2467,70,1,0,710E
R888,2207,2465,70,1,0,720E
R889,2209,2462,70,1,0,720E
R890,2210,2460,70,1,0,720E
R891,2211,2460,70,1,0,730E
R892,2212,2460,70,1,0,730E
R893,2214,2460,70,1,0,730E
R894,2214,2460,70,1,0,710E
R895,2216,2460,70,1,0,710E
R896,2217,2460,70,1,0,710E
R897,2218,2460,70,1,0,720E
R898,2220,2460,70,1,0,720E
R899,2221,2460,70,1,0,720E
R900,2222,2460,70,1,0,730E
R901,2224,2460,70,1,0,730E
R902,2226,2460,70,1,0,730E
R903,2227,2460,70,1,0,730E
R904,2228,2460,70,1,0,730E
R905,2229,2460,70,1,0,730E
R906,2230,2458,70,1,0,740E
R907,2231,2456,70,1,0,740E
R908,2233,2453,70,1,0,740E
P1841,660,79,1600,450,2000,715,212,193,2233,908E
