R1,1996,2582,50,86,0,5100E
R2,2005,2608,50,86,0,5100E
R3,2014,2633,50,86,0,5100E
R4,2020,2640,50,86,0,5130E
R5,2012,2641,50,86,0,5130E
R6,1957,2617,50,86,0,5130E
R7,1912,2578,50,86,0,-1330E
R8,1853,2537,50,86,0,-1330E
R9,1787,2473,50,86,0,-1330E
R10,1726,2435,50,86,0,-9500E
R11,1684,2374,50,86,0,-9500E
R12,1626,2346,50,86,0,-9500E
R13,1581,2290,50,86,0,-9500E
R14,1534,2263,50,86,0,-9500E
R15,1494,2222,50,86,0,-9500E
R16,1453,2198,50,86,0,-9500E
R17,1414,2173,50,86,0,-9500E
R18,1388,2149,50,86,0,-9500E
R19,1347,2123,50,86,0,-9500E
R20,1306,2101,50,86,0,-9500E
R21,1281,2091,50,86,0,-9500E
R22,1256,2075,50,86,0,-9500E
R23,1221,2061,50,86,0,-9500E
R24,1196,2049,50,86,0,-9500E
R25,1168,2036,50,86,0,-9500E
R26,1146,2024,50,86,0,-9500E
R27,1117,2015,50,86,0,-9500E
R28,1107,2006,50,86,0,-9500E
R29,1083,1996,50,86,0,-9500E
R30,1059,1987,50,86,0,-9500E
R31,1048,1979,50,86,0,-9500E
R32,1028,1972,50,86,0,-9500E
R33,1016,1966,50,86,0,-9500E
R34,1003,1962,50,86,0,-9500E
R35,981,1959,50,86,0,-9500E
R36,972,1956,50,86,0,-9500E
R37,957,1954,50,86,0,-8940E
R38,943,1952,50,86,0,-8940E
R39,932,1950,50,86,0,-8940E
R40,921,1948,50,86,0,-8210E
R41,908,1947,50,86,0,-8210E
R42,898,1946,50,86,0,-8210E
R43,889,1945,50,86,0,-7160E
R44,878,1944,50,86,0,-7160E
R45,869,1944,50,86,0,-7160E
R46,862,1946,50,86,0,-6070E
R47,854,1947,50,86,0,-6070E
R48,846,1947,50,86,0,-6070E
R49,839,1948,50,86,0,-5140E
R50,833,1949,50,86,0,-5140E
R51,826,1950,50,86,0,-5140E
R52,822,1951,50,86,0,-4080E
R53,817,1952,50,86,0,-4080E
R54,813,1954,50,86,0,-4080E
R55,809,1955,50,86,0,-3150E
R56,805,1956,50,86,0,-3150E
R57,801,1957,50,86,0,-3150E
R58,798,1959,50,86,0,-2570E
R59,795,1961,50,86,0,-2570E
R60,792,1964,50,86,0,-2570E
R61,789,1967,50,86,0,-2040E
R62,787,1969,50,86,0,-2040E
R63,786,1973,50,86,0,-2040E
R64,784,1975,50,86,0,-1600E
R65,783,1978,50,86,0,-1600E
R66,782,1982,50,86,0,-1600E
R67,781,1985,50,86,0,-1110E
R68,780,1988,50,86,0,-1110E
R69,780,1990,50,86,0,-1110E
R70,780,1992,50,86,0,-660E
R71,780,1995,50,86,0,-660E
R72,780,1998,50,86,0,-660E
R73,780,2002,50,86,0,-330E
R74,781,2005,50,86,0,-330E
R75,782,2008,50,86,0,-330E
R76,783,2011,50,86,0,80E
R77,784,2015,50,86,0,80E
R78,785,2019,50,86,0,80E
R79,786,2020,50,86,0,320E
R80,788,2022,50,86,0,320E
R81,789,2023,50,86,0,320E
R82,791,2024,50,86,0,600E
R83,793,2026,50,86,0,600E
R84,794,2028,50,86,0,600E
R85,796,2030,50,86,0,760E
R86,798,2032,50,86,0,760E
R87,801,2035,50,86,0,760E
R88,802,2036,50,86,0,920E
R89,804,2039,50,86,0,920E
R90,807,2041,50,86,0,920E
R91,810,2044,50,86,0,1150E
R92,812,2047,50,86,0,1150E
R93,815,2051,50,86,0,1150E
R94,818,2055,50,86,0,1310E
R95,821,2057,50,86,0,1310E
R96,824,2060,50,86,0,1310E
R97,827,2063,50,86,0,1480E
R98,829,2066,50,86,0,1480E
R99,832,2068,50,86,0,1480E
R100,835,2070,50,86,0,1520E
R101,838,2072,50,86,0,1520E
R102,840,2073,50,86,0,1520E
R103,844,2075,50,86,0,1590E
R104,847,2078,50,86,0,1590E
R105,850,2081,50,86,0,1590E
R106,854,2084,50,86,0,1700E
R107,857,2087,50,86,0,1700E
R108,860,2091,50,86,0,1700E
R109,863,2094,50,86,0,1720E
R110,867,2096,50,86,0,1720E
R111,870,2100,50,86,0,1720E
R112,874,2104,50,86,0,1830E
R113,877,2107,50,86,0,1830E
R114,880,2109,50,86,0,1830E
R115,882,2112,50,86,0,1770E
R116,886,2114,50,86,0,1770E
R117,890,2116,50,86,0,1770E
R118,893,2119,50,86,0,1870E
R119,897,2121,50,86,0,1870E
R120,901,2123,50,86,0,1870E
R121,904,2125,50,86,0,1950E
R122,909,2127,50,86,0,1950E
R123,912,2127,50,86,0,1950E
R124,915,2128,50,86,0,2010E
R125,919,2128,50,86,0,2010E
R126,923,2129,50,86,0,2010E
R127,926,2130,50,86,0,2060E
R128,929,2132,50,86,0,2060E
R129,933,2134,50,86,0,2060E
R130,935,2136,50,86,0,2000E
R131,939,2138,50,86,0,2000E
R132,943,2142,50,86,0,2000E
R133,946,2146,50,86,0,2040E
R134,949,2149,50,86,0,2040E
R135,954,2153,50,86,0,2040E
R136,957,2155,50,86,0,2070E
R137,960,2157,50,86,0,2070E
R138,964,2159,50,86,0,2070E
R139,969,2163,50,86,0,2130E
R140,972,2166,50,86,0,2130E
R141,976,2170,50,86,0,2130E
R142,980,2175,50,86,0,2150E
R143,984,2178,50,86,0,2150E
R144,987,2181,50,86,0,2150E
R145,991,2183,50,86,0,2160E
R146,995,2185,50,86,0,2160E
R147,998,2187,50,86,0,2160E
R148,1002,2191,50,86,0,2160E
R149,1005,2194,50,86,0,2160E
R150,1008,2197,50,86,0,2160E
R151,1012,2200,50,86,0,2140E
R152,1015,2203,50,86,0,2140E
R153,1019,2207,50,86,0,2140E
R154,1022,2210,50,86,0,2120E
R155,1026,2213,50,86,0,2120E
R156,1029,2217,50,86,0,2120E
R157,1032,2218,50,86,0,2100E
R158,1037,2220,50,86,0,2100E
R159,1040,2222,50,86,0,2100E
R160,1043,2224,50,86,0,2110E
R161,1047,2226,50,86,0,2110E
R162,1050,2229,50,86,0,2110E
R163,1053,2230,50,86,0,2100E
R164,1057,2230,50,86,0,2100E
R165,1060,2231,50,86,0,2100E
R166,1063,2232,50,86,0,2090E
R167,1067,2233,50,86,0,2090E
R168,1071,2234,50,86,0,2090E
R169,1074,2235,50,86,0,2100E
R170,1077,2237,50,86,0,2100E
R171,1081,2238,50,86,0,2100E
R172,1084,2240,50,86,0,2090E
R173,1087,2243,50,86,0,2090E
R174,1091,2246,50,86,0,2090E
R175,1094,2248,50,86,0,2080E
R176,1097,2251,50,86,0,2080E
R177,1101,2253,50,86,0,2080E
R178,1104,2254,50,86,0,2070E
R179,1107,2255,50,86,0,2070E
R180,1110,2255,50,86,0,2070E
R181,1113,2257,50,86,0,2040E
R182,1116,2258,50,86,0,2040E
R183,1119,2261,50,86,0,2040E
R184,1123,2262,50,86,0,2030E
R185,1126,2262,50,86,0,2030E
R186,1129,2262,50,86,0,2030E
R187,1133,2263,50,86,0,2030E
R188,1136,2265,50,86,0,2030E
R189,1139,2267,50,86,0,2030E
R190,1142,2270,50,86,0,2000E
R191,1146,2274,50,86,0,2000E
R192,1149,2276,50,86,0,2000E
R193,1151,2278,50,86,0,1980E
R194,1155,2280,50,86,0,1980E
R195,1157,2281,50,86,0,1980E
R196,1160,2283,50,86,0,1960E
R197,1163,2286,50,86,0,1960E
R198,1166,2289,50,86,0,1960E
R199,1169,2292,50,86,0,1940E
R200,1173,2296,50,86,0,1940E
R201,1175,2298,50,86,0,1940E
R202,1178,2300,50,86,0,1920E
R203,1181,2301,50,86,0,1920E
R204,1184,2302,50,86,0,1920E
R205,1187,2302,50,86,0,1900E
R206,1190,2303,50,86,0,1900E
R207,1193,2304,50,86,0,1900E
R208,1196,2306,50,86,0,1890E
R209,1198,2307,50,86,0,1890E
R210,1201,2308,50,86,0,1890E
R211,1204,2309,50,86,0,1850E
R212,1206,2310,50,86,0,1850E
R213,1210,2312,50,86,0,1850E
R214,1212,2315,50,86,0,1820E
R215,1215,2317,50,86,0,1820E
R216,1218,2319,50,86,0,1820E
R217,1220,2320,50,86,0,1790E
R218,1223,2322,50,86,0,1790E
R219,1226,2323,50,86,0,1790E
R220,1230,2325,50,86,0,1820E
R221,1233,2328,50,86,0,1820E
R222,1236,2330,50,86,0,1820E
R223,1240,2332,50,86,0,1850E
R224,1242,2335,50,86,0,1850E
R225,1245,2337,50,86,0,1850E
R226,1248,2339,50,86,0,1810E
R227,1251,2342,50,81,0,1810E
R228,1254,2345,50,79,0,1810E
R229,1256,2347,50,76,0,1770E
R230,1259,2349,50,76,0,1770E
R231,1262,2353,50,76,0,1770E
R232,1264,2355,50,76,0,1740E
R233,1267,2357,50,76,0,1740E
R234,1270,2358,50,76,0,1740E
R235,1272,2359,50,76,0,1720E
R236,1275,2359,50,76,0,1720E
R237,1278,2359,50,76,0,1720E
R238,1280,2360,50,76,0,1700E
R239,1283,2361,50,76,0,1700E
R240,1286,2363,50,76,0,1700E
R241,1288,2365,50,76,0,1680E
R242,1291,2366,50,76,0,1680E
R243,1294,2367,50,76,0,1680E
R244,1297,2369,50,76,0,1700E
R245,1300,2370,50,76,0,1700E
R246,1303,2372,50,76,0,1700E
R247,1306,2374,50,76,0,1710E
R248,1308,2377,50,76,0,1710E
R249,1311,2380,50,76,0,1710E
R250,1314,2383,50,76,0,1700E
R251,1316,2385,50,76,0,1700E
R252,1319,2388,50,76,0,1700E
R253,1322,2392,50,76,0,1680E
R254,1324,2394,50,76,0,1680E
R255,1327,2398,50,76,0,1680E
R256,1331,2401,50,76,0,1670E
R257,1332,2402,50,76,0,1670E
R258,1335,2403,50,76,0,1670E
R259,1338,2403,50,76,0,1640E
R260,1340,2404,50,76,0,1640E
R261,1342,2405,50,76,0,1640E
R262,1345,2405,50,76,0,1630E
R263,1348,2407,50,76,0,1630E
R264,1350,2408,50,76,0,1630E
R265,1353,2409,50,76,0,1630E
R266,1356,2410,50,76,0,1630E
R267,1358,2412,50,76,0,1630E
R268,1360,2414,50,67,0,1600E
R269,1363,2416,50,65,0,1600E
R270,1365,2419,50,65,0,1600E
R271,1367,2421,50,65,0,1580E
R272,1370,2423,50,65,0,1580E
R273,1373,2424,50,65,0,1580E
R274,1375,2425,50,65,0,1580E
R275,1378,2425,50,65,0,1580E
R276,1380,2425,50,65,0,1580E
R277,1382,2425,50,65,0,1560E
R278,1385,2425,50,65,0,1560E
R279,1388,2425,50,65,0,1560E
R280,1390,2425,50,65,0,1560E
R281,1392,2426,50,65,0,1560E
R282,1395,2428,50,65,0,1560E
R283,1397,2430,50,65,0,1550E
R284,1399,2432,50,65,0,1550E
R285,1402,2434,50,65,0,1550E
R286,1404,2434,50,65,0,1530E
R287,1406,2434,50,65,0,1530E
R288,1408,2434,50,65,0,1530E
R289,1410,2434,50,65,0,1490E
R290,1413,2434,50,65,0,1490E
R291,1415,2434,50,65,0,1490E
R292,1417,2435,50,65,0,1480E
R293,1420,2436,50,65,0,1480E
R294,1422,2436,50,65,0,1480E
R295,1425,2436,50,65,0,1490E
R296,1428,2436,50,65,0,1490E
R297,1430,2436,50,65,0,1490E
R298,1432,2437,50,65,0,1480E
R299,1434,2438,50,65,0,1480E
R300,1436,2438,50,65,0,1480E
R301,1439,2439,50,65,0,1470E
R302,1441,2441,50,65,0,1470E
R303,1444,2444,50,65,0,1470E
R304,1446,2446,50,65,0,1460E
R305,1449,2448,50,65,0,1460E
R306,1451,2451,50,65,0,1460E
R307,1453,2453,50,65,0,1450E
R308,1456,2454,50,65,0,1450E
R309,1458,2455,50,65,0,1450E
R310,1460,2457,50,65,0,1450E
R311,1463,2458,50,65,0,1450E
R312,1465,2458,50,65,0,1450E
R313,1467,2458,50,65,0,1440E
R314,1470,2458,50,65,0,1440E
R315,1472,2458,50,65,0,1440E
R316,1475,2460,50,65,0,1440E
R317,1477,2461,50,65,0,1440E
R318,1479,2463,50,65,0,1440E
R319,1481,2464,50,65,0,1430E
R320,1483,2465,50,65,0,1430E
R321,1485,2467,50,65,0,1430E
R322,1487,2468,50,65,0,1410E
R323,1489,2470,50,65,0,1410E
R324,1491,2472,50,65,0,1410E
R325,1493,2474,50,65,0,1390E
R326,1495,2476,50,65,0,1390E
R327,1497,2478,50,65,0,1390E
R328,1500,2479,50,65,0,1370E
R329,1502,2479,50,65,0,1370E
R330,1504,2480,50,65,0,1370E
R331,1507,2481,50,65,0,1400E
R332,1509,2482,50,65,0,1400E
R333,1511,2484,50,65,0,1400E
R334,1514,2485,50,65,0,1370E
R335,1516,2487,50,65,0,1370E
R336,1518,2489,50,65,0,1370E
R337,1521,2492,50,65,0,1400E
R338,1523,2496,50,65,0,1400E
R339,1525,2498,50,65,0,1400E
R340,1527,2500,50,65,0,1370E
R341,1529,2501,50,65,0,1370E
R342,1531,2502,50,65,0,1370E
R343,1533,2504,50,65,0,1350E
R344,1536,2505,50,65,0,1350E
R345,1538,2507,50,65,0,1350E
R346,1539,2509,50,65,0,1330E
R347,1543,2512,50,58,0,1330E
R348,1545,2513,50,57,0,1330E
R349,1546,2513,50,55,0,1340E
R350,1548,2514,50,55,0,1340E
R351,1550,2515,50,55,0,1340E
R352,1552,2515,50,55,0,1320E
R353,1554,2515,50,55,0,1320E
R354,1557,2515,50,55,0,1320E
R355,1558,2516,50,55,0,1300E
R356,1561,2517,50,55,0,1300E
R357,1563,2518,50,55,0,1300E
R358,1565,2519,50,55,0,1310E
R359,1567,2520,50,55,0,1310E
R360,1569,2521,50,55,0,1310E
R361,1571,2521,50,55,0,1300E
R362,1573,2521,50,55,0,1300E
R363,1575,2521,50,55,0,1300E
R364,1577,2523,50,55,0,1290E
R365,1580,2525,50,55,0,1290E
R366,1582,2527,50,55,0,1290E
R367,1584,2527,50,55,0,1300E
R368,1586,2527,50,55,0,1300E
R369,1587,2528,50,55,0,1300E
R370,1590,2530,50,55,0,1290E
R371,1591,2532,50,55,0,1290E
R372,1594,2534,50,55,0,1290E
R373,1596,2536,50,55,0,1280E
R374,1599,2538,50,55,0,1280E
R375,1600,2540,50,55,0,1280E
R376,1602,2541,50,55,0,1270E
R377,1604,2543,50,55,0,1270E
R378,1606,2544,50,55,0,1270E
R379,1608,2544,50,55,0,1260E
R380,1610,2544,50,55,0,1260E
R381,1612,2544,50,55,0,1260E
R382,1613,2544,50,55,0,1230E
R383,1616,2544,50,55,0,1230E
R384,1618,2545,50,55,0,1230E
R385,1619,2546,50,55,0,1230E
R386,1622,2547,50,55,0,1230E
R387,1624,2549,50,55,0,1230E
R388,1626,2551,50,55,0,1250E
R389,1627,2551,50,55,0,1250E
R390,1629,2550,50,55,0,1250E
R391,1631,2550,50,55,0,1220E
R392,1632,2550,50,55,0,1220E
R393,1634,2550,50,55,0,1220E
R394,1636,2552,50,55,0,1190E
R395,1638,2554,50,55,0,1190E
R396,1640,2556,50,55,0,1190E
R397,1642,2557,50,55,0,1190E
R398,1644,2557,50,55,0,1190E
R399,1647,2557,50,55,0,1190E
R400,1649,2557,50,55,0,1220E
R401,1651,2558,50,55,0,1220E
R402,1653,2559,50,55,0,1220E
R403,1654,2560,50,55,0,1190E
R404,1656,2561,50,55,0,1190E
R405,1658,2563,50,55,0,1190E
R406,1661,2565,50,55,0,1220E
R407,1662,2567,50,55,0,1220E
R408,1664,2569,50,54,0,1220E
R409,1667,2571,50,52,0,1210E
R410,1668,2571,50,51,0,1210E
R411,1670,2572,50,51,0,1210E
R412,1672,2572,50,50,0,1190E
R413,1674,2573,50,50,0,1190E
R414,1675,2573,50,50,0,1190E
R415,1678,2574,50,50,0,1190E
R416,1680,2574,50,50,0,1190E
R417,1682,2574,50,50,0,1190E
R418,1684,2574,50,50,0,1190E
R419,1686,2574,50,50,0,1190E
R420,1688,2575,50,50,0,1190E
R421,1690,2577,50,50,0,1190E
R422,1692,2579,50,50,0,1190E
R423,1694,2581,50,50,0,1190E
R424,1696,2582,50,48,0,1190E
R425,1697,2583,50,47,0,1190E
R426,1699,2585,50,46,0,1190E
R427,1701,2586,50,45,0,1160E
R428,1702,2587,50,45,0,1160E
R429,1705,2587,50,45,0,1160E
R430,1707,2587,50,45,0,1180E
R431,1708,2587,50,45,0,1180E
R432,1711,2587,50,45,0,1180E
R433,1713,2587,50,45,0,1180E
R434,1714,2587,50,45,0,1180E
R435,1716,2587,50,45,0,1180E
R436,1717,2587,50,45,0,1140E
R437,1719,2587,50,45,0,1140E
R438,1721,2586,50,45,0,1140E
R439,1722,2586,50,44,0,1120E
R440,1724,2585,50,42,0,1120E
R441,1725,2585,50,41,0,1120E
R442,1727,2585,50,41,0,1110E
R443,1729,2586,50,41,0,1110E
R444,1730,2587,50,40,0,1110E
R445,1733,2587,50,40,0,1120E
R446,1735,2587,50,40,0,1120E
R447,1736,2587,50,40,0,1120E
R448,1739,2587,50,40,0,1100E
R449,1740,2587,50,40,0,1100E
R450,1742,2586,50,40,0,1100E
R451,1744,2585,50,40,0,1110E
R452,1746,2583,50,40,0,1110E
R453,1748,2582,50,40,0,1110E
R454,1750,2582,50,40,0,1120E
R455,1751,2582,50,40,0,1120E
R456,1753,2582,50,40,0,1120E
R457,1755,2582,50,40,0,1110E
R458,1756,2581,50,40,0,1110E
R459,1758,2581,50,40,0,1110E
R460,1759,2580,50,40,0,1070E
R461,1761,2580,50,40,0,1070E
R462,1762,2580,50,40,0,1070E
R463,1764,2580,50,40,0,1060E
R464,1765,2581,50,40,0,1060E
R465,1767,2583,50,40,0,1060E
R466,1769,2584,50,40,0,1060E
R467,1770,2585,50,40,0,1060E
R468,1772,2585,50,40,0,1060E
R469,1774,2585,50,40,0,1050E
R470,1775,2586,50,40,0,1050E
R471,1777,2586,50,40,0,1050E
R472,1779,2586,50,40,0,1040E
R473,1780,2587,50,40,0,1040E
R474,1782,2588,50,40,0,1040E
R475,1784,2589,50,40,0,1040E
R476,1786,2589,50,40,0,1040E
R477,1787,2589,50,40,0,1040E
R478,1789,2589,50,40,0,1030E
R479,1790,2590,50,40,0,1030E
R480,1792,2590,50,40,0,1030E
R481,1794,2591,50,40,0,1030E
R482,1796,2593,50,40,0,1030E
R483,1797,2593,50,40,0,1030E
R484,1800,2593,50,40,0,1040E
R485,1801,2593,50,40,0,1040E
R486,1803,2593,50,40,0,1040E
R487,1805,2593,50,40,0,1040E
R488,1806,2593,50,40,0,1040E
R489,1808,2594,50,38,0,1040E
R490,1809,2595,50,35,0,1020E
R491,1811,2595,50,35,0,1020E
R492,1813,2595,50,35,0,1020E
R493,1814,2595,50,35,0,1020E
R494,1816,2595,50,35,0,1020E
R495,1818,2595,50,35,0,1020E
R496,1819,2594,50,35,0,1010E
R497,1821,2594,50,35,0,1010E
R498,1823,2593,50,35,0,1010E
R499,1824,2592,50,35,0,1000E
R500,1825,2591,50,35,0,1000E
R501,1827,2590,50,32,0,1000E
R502,1829,2590,50,31,0,1010E
R503,1830,2590,50,30,0,1010E
R504,1832,2588,50,30,0,1010E
R505,1833,2587,50,30,0,990E
R506,1834,2586,50,30,0,990E
R507,1836,2586,50,30,0,990E
R508,1838,2584,50,30,0,990E
R509,1840,2583,50,30,0,990E
R510,1842,2581,50,30,0,990E
R511,1844,2580,50,30,0,1010E
R512,1845,2579,50,30,0,1010E
R513,1847,2578,50,30,0,1010E
R514,1848,2578,50,30,0,990E
R515,1849,2578,50,30,0,990E
R516,1851,2578,50,30,0,990E
R517,1853,2578,50,30,0,970E
R518,1854,2578,50,30,0,970E
R519,1856,2578,50,30,0,970E
R520,1857,2578,50,30,0,970E
R521,1859,2578,50,30,0,970E
R522,1860,2579,50,30,0,970E
R523,1861,2579,50,30,0,950E
R524,1863,2579,50,30,0,950E
R525,1864,2579,50,30,0,950E
R526,1865,2578,50,30,0,930E
R527,1867,2578,50,30,0,930E
R528,1868,2578,50,30,0,930E
R529,1870,2578,50,30,0,940E
R530,1871,2578,50,30,0,940E
R531,1873,2578,50,30,0,940E
R532,1874,2578,50,30,0,920E
R533,1876,2578,50,30,0,920E
R534,1877,2578,50,30,0,920E
R535,1879,2578,50,30,0,930E
R536,1881,2578,50,30,0,930E
R537,1882,2578,50,30,0,930E
R538,1883,2578,50,30,0,920E
R539,1885,2578,50,30,0,920E
R540,1886,2577,50,30,0,920E
R541,1887,2577,50,30,0,900E
R542,1889,2577,50,30,0,900E
R543,1890,2576,50,30,0,900E
R544,1892,2576,50,30,0,910E
R545,1893,2576,50,27,0,910E
R546,1895,2576,50,25,0,910E
R547,1896,2576,50,25,0,900E
R548,1898,2576,50,25,0,900E
R549,1899,2576,50,25,0,900E
R550,1900,2576,50,25,0,890E
R551,1902,2575,50,25,0,890E
R552,1903,2573,50,25,0,890E
R553,1905,2572,50,25,0,900E
R554,1906,2571,50,25,0,900E
R555,1908,2569,50,25,0,900E
R556,1910,2568,50,25,0,910E
R557,1911,2567,50,24,0,910E
R558,1912,2565,50,21,0,910E
R559,1914,2564,50,20,0,900E
R560,1916,2563,50,20,0,900E
R561,1917,2563,50,20,0,900E
R562,1918,2563,50,20,0,890E
R563,1920,2562,50,20,0,890E
R564,1921,2561,50,20,0,890E
R565,1922,2559,50,20,0,880E
R566,1924,2558,53,20,0,880E
R567,1925,2556,54,20,0,880E
R568,1927,2554,55,20,0,870E
R569,1928,2551,55,20,0,870E
R570,1929,2549,55,20,0,870E
R571,1930,2548,55,20,0,860E
R572,1932,2546,55,20,0,860E
R573,1933,2545,55,20,0,860E
R574,1934,2545,55,20,0,860E
R575,1936,2544,55,20,0,860E
R576,1937,2544,55,20,0,860E
R577,1938,2543,55,20,0,850E
R578,1939,2543,55,20,0,850E
R579,1940,2543,55,20,0,850E
R580,1941,2544,55,20,0,830E
R581,1942,2544,55,20,0,830E
R582,1944,2544,55,20,0,830E
R583,1945,2544,55,20,0,820E
R584,1946,2543,55,19,0,820E
R585,1948,2543,55,18,0,820E
R586,1949,2542,55,17,0,820E
R587,1950,2541,55,16,0,820E
R588,1952,2541,55,16,0,820E
R589,1953,2541,55,15,0,820E
R590,1955,2540,55,15,0,820E
R591,1955,2539,55,15,0,820E
R592,1957,2537,55,15,0,820E
R593,1958,2536,55,15,0,820E
R594,1959,2534,55,15,0,820E
R595,1961,2532,55,15,0,820E
R596,1962,2529,55,15,0,820E
R597,1963,2527,55,15,0,820E
R598,1965,2526,55,15,0,810E
R599,1966,2524,55,15,0,810E
R600,1967,2522,55,15,0,810E
R601,1968,2519,55,15,0,800E
R602,1970,2517,55,15,0,800E
R603,1971,2515,55,15,0,800E
R604,1972,2513,55,15,0,800E
R605,1973,2512,55,15,0,800E
R606,1974,2510,55,14,0,800E
R607,1975,2508,55,12,0,780E
R608,1977,2507,55,12,0,780E
R609,1978,2507,55,12,0,780E
R610,1979,2506,55,12,0,770E
R611,1980,2505,55,12,0,770E
R612,1981,2504,55,12,0,770E
R613,1982,2502,55,12,0,770E
R614,1983,2500,55,12,0,770E
R615,1984,2498,55,12,0,770E
R616,1985,2496,55,12,0,760E
R617,1986,2493,55,12,0,760E
R618,1987,2491,55,12,0,760E
R619,1988,2488,55,12,0,740E
R620,1989,2487,55,12,0,740E
R621,1989,2486,55,12,0,740E
R622,1991,2486,55,12,0,730E
R623,1992,2486,55,12,0,730E
R624,1993,2485,55,12,0,730E
R625,1994,2484,55,12,0,710E
R626,1995,2483,55,12,0,710E
R627,1996,2482,55,12,0,710E
R628,1997,2482,55,12,0,700E
R629,1998,2481,55,12,0,700E
R630,1999,2481,55,12,0,700E
R631,2000,2481,55,12,0,690E
R632,2001,2480,55,12,0,690E
R633,2002,2480,55,12,0,690E
R634,2003,2480,55,12,0,680E
R635,2004,2480,55,12,0,680E
R636,2005,2480,55,12,0,680E
R637,2006,2480,55,13,0,670E
R638,2007,2480,55,14,0,670E
R639,2008,2480,55,14,0,670E
R640,2008,2480,55,14,0,650E
R641,2010,2480,55,14,0,650E
R642,2011,2480,55,14,0,650E
R643,2012,2480,55,14,0,660E
R644,2013,2479,55,14,0,660E
R645,2014,2479,55,14,0,660E
R646,2014,2478,55,14,0,630E
R647,2015,2478,55,14,0,630E
R648,2016,2477,55,14,0,630E
R649,2017,2477,55,14,0,630E
R650,2018,2476,55,14,0,630E
R651,2019,2476,55,14,0,630E
R652,2020,2476,55,14,0,620E
R653,2020,2476,55,14,0,620E
R654,2021,2476,55,14,0,620E
R655,2022,2476,55,14,0,600E
R656,2023,2476,55,14,0,600E
R657,2024,2476,55,14,0,600E
R658,2025,2476,55,14,0,600E
R659,2025,2476,55,14,0,600E
R660,2026,2476,55,14,0,600E
R661,2027,2476,55,14,0,580E
R662,2029,2476,55,14,0,580E
R663,2030,2476,55,14,0,580E
R664,2031,2477,55,14,0,600E
R665,2032,2478,55,14,0,600E
R666,2033,2478,55,14,0,600E
R667,2034,2478,55,14,0,600E
R668,2036,2478,55,14,0,600E
R669,2036,2479,55,14,0,600E
R670,2038,2479,55,14,0,620E
R671,2039,2479,55,14,0,620E
R672,2040,2479,55,14,0,620E
R673,2042,2479,55,14,0,640E
R674,2042,2479,55,14,0,640E
R675,2043,2480,55,14,0,640E
R676,2044,2481,55,12,0,610E
R677,2044,2482,55,12,0,610E
R678,2045,2483,55,12,0,610E
R679,2047,2483,55,12,0,610E
R680,2048,2483,55,12,0,610E
R681,2049,2483,55,12,0,610E
R682,2049,2484,55,12,0,590E
R683,2051,2484,55,12,0,590E
R684,2052,2485,55,12,0,590E
R685,2052,2486,55,12,0,590E
R686,2053,2487,55,12,0,590E
R687,2054,2488,55,12,0,590E
R688,2055,2489,55,12,0,590E
R689,2056,2489,55,12,0,590E
R690,2057,2489,55,12,0,590E
R691,2058,2489,55,12,0,590E
R692,2059,2489,55,12,0,590E
R693,2060,2489,55,12,0,590E
R694,2061,2490,55,12,0,590E
R695,2062,2490,55,12,0,590E
R696,2063,2490,55,12,0,590E
R697,2064,2491,55,12,0,590E
R698,2065,2491,55,12,0,590E
R699,2066,2491,55,12,0,590E
R700,2068,2491,55,12,0,610E
R701,2069,2491,55,12,0,610E
R702,2070,2492,55,12,0,610E
R703,2071,2493,55,12,0,600E
R704,2072,2493,55,12,0,600E
R705,2073,2493,55,12,0,600E
R706,2074,2493,55,12,0,600E
R707,2076,2493,55,12,0,600E
R708,2076,2495,55,12,0,600E
R709,2077,2496,55,12,0,600E
R710,2078,2496,55,10,0,600E
R711,2079,2496,55,10,0,600E
R712,2080,2496,55,10,0,600E
R713,2081,2497,55,10,0,600E
R714,2082,2497,55,10,0,600E
R715,2083,2498,55,10,0,600E
R716,2083,2498,55,10,0,600E
R717,2085,2498,55,10,0,600E
R718,2085,2498,55,10,0,590E
R719,2086,2498,55,10,0,590E
R720,2087,2497,55,10,0,590E
R721,2088,2497,55,10,0,590E
R722,2090,2497,55,10,0,590E
R723,2091,2497,55,10,0,590E
R724,2092,2497,55,10,0,600E
R725,2094,2497,55,10,0,600E
R726,2095,2497,55,10,0,600E
R727,2096,2497,55,10,0,620E
R728,2097,2497,55,10,0,620E
R729,2098,2497,55,10,0,620E
R730,2099,2497,55,10,0,620E
R731,2101,2496,55,10,0,620E
R732,2102,2494,55,7,0,620E
R733,2103,2494,55,6,0,630E
R734,2103,2493,55,5,0,630E
R735,2104,2493,55,5,0,630E
R736,2105,2493,55,5,0,610E
R737,2107,2493,55,5,0,610E
R738,2108,2492,55,5,0,610E
R739,2110,2491,55,5,0,650E
R740,2111,2490,55,5,0,650E
R741,2112,2488,55,5,0,650E
R742,2113,2487,55,5,0,640E
R743,2114,2485,55,5,0,640E
R744,2115,2484,55,5,0,640E
R745,2116,2483,55,5,0,630E
R746,2117,2481,55,5,0,630E
R747,2118,2479,55,5,0,630E
R748,2119,2478,55,5,0,630E
R749,2120,2476,55,5,0,630E
R750,2121,2474,55,5,0,630E
R751,2122,2473,55,5,0,630E
R752,2123,2472,55,5,0,630E
R753,2124,2470,55,4,0,630E
R754,2125,2468,55,1,0,620E
R755,2126,2467,55,1,0,620E
R756,2127,2465,55,2,0,620E
R757,2128,2464,55,3,0,620E
R758,2129,2462,55,3,0,620E
R759,2130,2461,55,3,0,620E
R760,2131,2460,55,3,0,620E
R761,2131,2459,55,3,0,620E
R762,2132,2458,55,3,0,620E
R763,2133,2457,55,3,0,600E
R764,2134,2457,55,3,0,600E
R765,2135,2456,55,3,0,600E
R766,2136,2456,55,3,0,600E
R767,2137,2456,55,3,0,600E
R768,2138,2455,55,3,0,600E
R769,2140,2454,55,3,0,620E
R770,2140,2453,55,3,0,620E
R771,2141,2452,55,3,0,620E
R772,2142,2451,55,3,0,600E
R773,2143,2451,55,3,0,600E
R774,2145,2450,55,3,0,600E
R775,2146,2450,55,3,0,620E
R776,2146,2450,55,3,0,620E
R777,2147,2450,55,3,0,620E
R778,2149,2450,55,3,0,610E
R779,2150,2450,55,3,0,610E
R780,2151,2449,55,3,0,610E
R781,2151,2449,55,3,0,590E
R782,2152,2449,55,3,0,590E
R783,2153,2449,60,3,0,590E
R784,2155,2449,61,3,0,610E
R785,2155,2449,63,3,0,610E
R786,2156,2449,64,3,0,610E
R787,2157,2449,65,3,0,590E
R788,2158,2449,65,3,0,590E
R789,2158,2449,65,3,0,590E
R790,2160,2449,65,3,0,590E
R791,2160,2449,65,3,0,590E
R792,2161,2449,65,3,0,590E
R793,2162,2449,65,3,0,570E
R794,2163,2449,65,3,0,570E
R795,2164,2449,65,3,0,570E
R796,2165,2449,65,3,0,570E
R797,2166,2449,65,3,0,570E
R798,2167,2449,65,3,0,570E
R799,2168,2449,65,3,0,580E
R800,2169,2449,65,3,0,580E
R801,2170,2449,65,3,0,580E
R802,2171,2449,65,3,0,580E
R803,2172,2449,65,3,0,580E
R804,2173,2449,65,3,0,580E
R805,2174,2449,65,3,0,580E
R806,2175,2450,65,3,0,580E
R807,2176,2450,65,3,0,580E
R808,2177,2450,67,3,0,580E
R809,2178,2450,68,3,0,580E
R810,2179,2450,69,3,0,580E
R811,2180,2450,70,3,0,580E
R812,2181,2450,70,3,0,580E
R813,2181,2450,70,3,0,580E
R814,2182,2450,70,3,0,570E
R815,2183,2450,70,3,0,570E
R816,2184,2450,70,3,0,570E
R817,2185,2451,70,3,0,570E
R818,2186,2451,70,3,0,570E
R819,2187,2451,70,3,0,570E
R820,2189,2452,70,3,0,590E
R821,2189,2452,70,3,0,590E
R822,2190,2453,70,3,0,590E
R823,2192,2453,70,3,0,590E
R824,2193,2453,70,3,0,590E
R825,2194,2453,70,3,0,590E
R826,2196,2453,70,3,0,600E
R827,2197,2453,70,3,0,600E
R828,2198,2453,70,3,0,600E
R829,2199,2453,70,3,0,600E
P1991,780,73,1600,374,1950,586,293,243,2200,829E
