R1,1602,1918,61,60,0,5610E
R2,1612,1944,61,60,0,5880E
R3,1620,1954,61,60,0,5880E
R4,1620,1961,61,60,0,5880E
R5,1595,1961,61,60,0,1950E
R6,1556,1951,61,60,0,1950E
R7,1514,1928,61,60,0,1950E
R8,1474,1899,61,60,0,-9500E
R9,1443,1886,61,60,0,-9500E
R10,1417,1861,61,60,0,-9500E
R11,1370,1836,61,60,0,-9500E
R12,1343,1819,61,60,0,-9500E
R13,1318,1795,61,60,0,-9500E
R14,1276,1784,61,60,0,-9500E
R15,1256,1771,61,60,0,-9500E
R16,1228,1755,61,60,0,-9500E
R17,1202,1746,61,60,0,-9500E
R18,1178,1740,61,60,0,-9500E
R19,1150,1734,61,60,0,-9500E
R20,1138,1731,61,60,0,-9500E
R21,1116,1730,61,60,0,-9500E
R22,1091,1730,61,60,0,-9500E
R23,1081,1731,61,60,0,-9500E
R24,1059,1733,61,60,0,-9500E
R25,1047,1735,61,60,0,-9500E
R26,1019,1737,60,60,0,-9500E
R27,1011,1739,61,60,0,-9500E
R28,1001,1741,41,60,0,-9500E
R29,989,1743,40,60,0,-9110E
R30,972,1746,43,60,0,-9110E
R31,961,1748,44,60,0,-9110E
R32,948,1751,44,60,0,-8390E
R33,938,1755,44,60,0,-8390E
R34,925,1757,43,60,0,-8390E
R35,917,1759,45,60,0,-7070E
R36,908,1762,45,60,0,-7070E
R37,897,1765,45,60,0,-7070E
R38,889,1768,45,60,0,-6100E
R39,882,1770,45,60,0,-6100E
R40,873,1774,45,60,0,-6100E
R41,866,1778,45,60,0,-5170E
R42,860,1781,45,60,0,-5170E
R43,853,1786,45,63,0,-5170E
R44,846,1790,45,72,0,-4450E
R45,841,1795,45,76,0,-4450E
R46,836,1799,45,78,0,-4450E
R47,830,1804,45,80,0,-3740E
R48,827,1809,45,80,0,-3740E
R49,822,1814,45,80,0,-3740E
R50,818,1822,45,80,0,-2980E
R51,814,1829,45,80,0,-2980E
R52,811,1838,45,80,0,-2980E
R53,808,1846,45,80,0,-2420E
R54,805,1856,45,80,0,-2420E
R55,803,1862,45,80,0,-2420E
R56,800,1871,45,80,0,-1980E
R57,798,1881,45,80,0,-1980E
R58,797,1888,45,80,0,-1980E
R59,795,1895,45,80,0,-1500E
R60,794,1902,45,80,0,-1500E
R61,793,1909,45,80,0,-1500E
R62,792,1916,45,80,0,-1050E
R63,791,1921,45,80,0,-1050E
R64,791,1929,45,80,0,-1050E
R65,791,1935,45,80,0,-640E
R66,791,1942,45,80,0,-640E
R67,791,1949,45,80,0,-640E
R68,791,1957,45,80,0,-330E
R69,791,1965,45,80,0,-330E
R70,791,1970,45,80,0,-330E
R71,792,1979,45,80,0,-100E
R72,793,1986,45,80,0,-100E
R73,795,1993,45,80,0,-100E
R74,796,2001,45,80,0,260E
R75,797,2008,45,80,0,260E
R76,798,2015,45,80,0,260E
R77,800,2021,45,80,0,490E
R78,801,2028,45,80,0,490E
R79,803,2033,45,80,0,490E
R80,805,2038,45,80,0,690E
R81,807,2044,45,80,0,690E
R82,809,2050,45,80,0,690E
R83,811,2054,45,80,0,880E
R84,814,2059,45,80,0,880E
R85,816,2065,45,80,0,880E
R86,819,2069,45,80,0,1140E
R87,822,2074,45,80,0,1140E
R88,824,2079,45,80,0,1140E
R89,826,2083,45,76,0,1240E
R90,829,2087,45,72,0,1240E
R91,832,2091,45,70,0,1240E
R92,834,2097,45,70,0,1350E
R93,838,2103,45,70,0,1350E
R94,840,2106,45,70,0,1350E
R95,843,2111,45,70,0,1490E
R96,847,2115,45,70,0,1490E
R97,850,2118,45,70,0,1490E
R98,853,2120,45,70,0,1640E
R99,856,2123,45,70,0,1640E
R100,859,2126,45,70,0,1640E
R101,862,2128,45,70,0,1690E
R102,866,2129,45,70,0,1690E
R103,869,2130,45,70,0,1690E
R104,873,2131,45,70,0,1830E
R105,876,2133,45,70,0,1830E
R106,880,2135,45,70,0,1830E
R107,883,2138,45,70,0,1870E
R108,886,2140,45,70,0,1870E
R109,890,2143,45,70,0,1870E
R110,893,2145,45,70,0,1900E
R111,896,2148,45,70,0,1900E
R112,900,2152,45,70,0,1900E
R113,904,2155,45,70,0,1970E
R114,907,2157,45,70,0,1970E
R115,911,2160,45,70,0,1970E
R116,915,2164,45,70,0,2020E
R117,918,2168,45,70,0,2020E
R118,922,2171,45,70,0,2020E
R119,926,2175,45,70,0,2060E
R120,929,2176,45,70,0,2060E
R121,933,2178,45,70,0,2060E
R122,936,2181,45,70,0,2040E
R123,940,2183,45,70,0,2040E
R124,944,2186,45,70,0,2040E
R125,948,2188,45,70,0,2110E
R126,952,2192,45,70,0,2110E
R127,956,2195,45,70,0,2110E
R128,959,2198,45,70,0,2120E
R129,964,2202,45,70,0,2120E
R130,968,2205,45,70,0,2120E
R131,971,2207,45,70,0,2170E
R132,974,2209,45,70,0,2170E
R133,979,2212,45,70,0,2170E
R134,983,2215,45,70,0,2210E
R135,986,2218,45,70,0,2210E
R136,991,2220,45,70,0,2210E
R137,994,2223,45,70,0,2210E
R138,998,2225,45,70,0,2210E
R139,1002,2227,45,70,0,2210E
R140,1005,2230,45,70,0,2210E
R141,1009,2233,45,70,0,2210E
R142,1012,2236,45,70,0,2210E
R143,1017,2238,45,70,0,2230E
R144,1020,2241,45,70,0,2230E
R145,1024,2243,45,70,0,2230E
R146,1028,2245,45,70,0,2230E
R147,1031,2246,45,70,0,2230E
R148,1035,2248,45,70,0,2230E
R149,1039,2249,45,70,0,2220E
R150,1042,2252,45,70,0,2220E
R151,1046,2256,45,70,0,2220E
R152,1050,2258,45,70,0,2220E
R153,1054,2260,45,70,0,2220E
R154,1057,2262,45,70,0,2220E
R155,1061,2264,45,70,0,2220E
R156,1065,2266,45,70,0,2220E
R157,1069,2268,45,70,0,2220E
R158,1072,2271,45,70,0,2190E
R159,1076,2273,45,70,0,2190E
R160,1080,2277,45,70,0,2190E
R161,1083,2280,45,70,0,2220E
R162,1087,2283,45,70,0,2220E
R163,1091,2286,45,70,0,2220E
R164,1094,2289,45,70,0,2210E
R165,1098,2292,45,70,0,2210E
R166,1103,2294,45,70,0,2210E
R167,1106,2295,45,70,0,2210E
R168,1109,2297,45,70,0,2210E
R169,1114,2298,45,70,0,2210E
R170,1117,2300,45,70,0,2230E
R171,1121,2303,45,70,0,2230E
R172,1125,2306,45,70,0,2230E
R173,1128,2309,45,70,0,2230E
R174,1132,2312,45,70,0,2230E
R175,1135,2315,45,70,0,2230E
R176,1139,2318,45,70,0,2220E
R177,1143,2320,45,70,0,2220E
R178,1146,2322,45,70,0,2220E
R179,1151,2324,45,70,0,2240E
R180,1154,2326,45,70,0,2240E
R181,1157,2329,45,70,0,2240E
R182,1161,2332,45,70,0,2220E
R183,1164,2335,45,70,0,2220E
R184,1167,2338,45,70,0,2220E
R185,1172,2341,45,70,0,2210E
R186,1175,2344,45,70,0,2210E
R187,1179,2346,45,70,0,2210E
R188,1182,2348,45,70,0,2190E
R189,1187,2349,45,70,0,2190E
R190,1190,2350,45,70,0,2190E
R191,1194,2352,45,70,0,2210E
R192,1198,2354,45,70,0,2210E
R193,1201,2355,45,70,0,2210E
R194,1204,2356,45,70,0,2190E
R195,1208,2358,45,70,0,2190E
R196,1211,2359,45,70,0,2190E
R197,1214,2361,45,70,0,2170E
R198,1218,2363,45,70,0,2170E
R199,1221,2367,45,70,0,2170E
R200,1225,2370,45,70,0,2170E
R201,1229,2372,45,70,0,2170E
R202,1233,2376,45,70,0,2170E
R203,1237,2380,45,70,0,2200E
R204,1240,2382,45,70,0,2200E
R205,1244,2385,45,70,0,2200E
R206,1247,2388,45,70,0,2170E
R207,1251,2391,45,70,0,2170E
R208,1254,2393,45,70,0,2170E
R209,1258,2395,45,70,0,2170E
R210,1261,2397,45,70,0,2170E
R211,1265,2398,45,70,0,2170E
R212,1268,2400,45,70,0,2150E
R213,1271,2402,45,70,0,2150E
R214,1274,2405,45,70,0,2150E
R215,1278,2408,45,70,0,2130E
R216,1281,2411,45,70,0,2130E
R217,1285,2414,45,70,0,2130E
R218,1289,2416,45,70,0,2120E
R219,1292,2417,45,70,0,2120E
R220,1295,2417,45,70,0,2120E
R221,1298,2419,45,70,0,2100E
R222,1302,2420,45,70,0,2100E
R223,1305,2423,45,70,0,2100E
R224,1308,2424,45,70,0,2090E
R225,1312,2426,45,70,0,2090E
R226,1315,2428,45,70,0,2090E
R227,1317,2431,45,70,0,2050E
R228,1321,2434,45,70,0,2050E
R229,1324,2438,45,67,0,2050E
R230,1326,2443,45,64,0,2020E
R231,1331,2446,45,61,0,2020E
R232,1334,2449,45,59,0,2020E
R233,1337,2451,45,59,0,2040E
R234,1340,2453,45,59,0,2040E
R235,1344,2453,45,59,0,2040E
R236,1346,2453,45,59,0,2010E
R237,1349,2453,45,59,0,2010E
R238,1353,2453,45,59,0,2010E
R239,1356,2452,45,59,0,2010E
R240,1359,2452,45,59,0,2010E
R241,1362,2452,45,59,0,2010E
R242,1366,2452,45,59,0,2010E
R243,1368,2452,45,59,0,2010E
R244,1372,2453,45,59,0,2010E
R245,1374,2453,45,59,0,1960E
R246,1377,2454,45,59,0,1960E
R247,1380,2455,45,59,0,1960E
R248,1383,2457,45,59,0,1930E
R249,1386,2458,45,59,0,1930E
R250,1388,2460,45,59,0,1930E
R251,1391,2461,45,59,0,1880E
R252,1394,2461,45,59,0,1880E
R253,1397,2461,45,59,0,1880E
R254,1400,2461,45,59,0,1870E
R255,1403,2461,45,59,0,1870E
R256,1406,2461,45,59,0,1870E
R257,1409,2461,45,59,0,1860E
R258,1411,2461,45,59,0,1860E
R259,1414,2462,45,59,0,1860E
R260,1417,2463,45,59,0,1820E
R261,1420,2464,45,59,0,1820E
R262,1422,2465,45,59,0,1820E
R263,1424,2465,45,59,0,1760E
R264,1427,2465,45,59,0,1760E
R265,1429,2465,45,59,0,1760E
R266,1432,2465,45,59,0,1730E
R267,1435,2465,45,59,0,1730E
R268,1437,2465,45,59,0,1730E
R269,1440,2466,45,59,0,1710E
R270,1443,2467,45,59,0,1710E
R271,1446,2467,45,59,0,1710E
R272,1448,2468,45,52,0,1690E
R273,1450,2469,45,49,0,1690E
R274,1453,2470,45,49,0,1690E
R275,1455,2470,45,49,0,1640E
R276,1458,2470,45,49,0,1640E
R277,1461,2470,45,49,0,1640E
R278,1463,2471,45,49,0,1640E
R279,1465,2471,45,49,0,1640E
R280,1468,2471,45,49,0,1640E
R281,1471,2471,45,49,0,1600E
R282,1473,2470,45,49,0,1600E
R283,1475,2469,45,49,0,1600E
R284,1478,2468,45,49,0,1600E
R285,1480,2466,45,49,0,1600E
R286,1483,2465,45,49,0,1600E
R287,1485,2464,45,49,0,1570E
R288,1488,2464,45,49,0,1570E
R289,1490,2463,45,49,0,1570E
R290,1493,2462,45,49,0,1580E
R291,1495,2461,45,49,0,1580E
R292,1498,2461,45,49,0,1580E
R293,1500,2460,45,49,0,1550E
R294,1503,2460,45,49,0,1550E
R295,1505,2460,45,49,0,1550E
R296,1507,2462,45,49,0,1530E
R297,1510,2462,45,49,0,1530E
R298,1512,2463,45,49,0,1530E
R299,1514,2465,45,49,0,1510E
R300,1517,2466,45,49,0,1510E
R301,1519,2467,45,49,0,1510E
R302,1522,2467,45,49,0,1500E
R303,1524,2468,45,49,0,1500E
R304,1526,2468,45,49,0,1500E
R305,1528,2468,45,49,0,1490E
R306,1531,2468,45,49,0,1490E
R307,1533,2468,45,49,0,1490E
R308,1535,2468,45,49,0,1480E
R309,1537,2469,45,49,0,1480E
R310,1540,2470,45,49,0,1480E
R311,1542,2471,45,49,0,1470E
R312,1544,2472,45,49,0,1470E
R313,1546,2472,45,49,0,1470E
R314,1548,2473,45,49,0,1440E
R315,1550,2473,45,49,0,1440E
R316,1553,2475,45,49,0,1440E
R317,1555,2476,45,49,0,1430E
R318,1557,2477,45,49,0,1430E
R319,1559,2479,45,49,0,1430E
R320,1561,2481,45,49,0,1400E
R321,1563,2482,45,49,0,1400E
R322,1565,2483,45,49,0,1400E
R323,1567,2484,45,49,0,1380E
R324,1569,2485,45,49,0,1380E
R325,1571,2486,45,49,0,1380E
R326,1573,2487,45,49,0,1350E
R327,1575,2488,45,49,0,1350E
R328,1577,2488,45,49,0,1350E
R329,1579,2489,45,49,0,1330E
R330,1581,2490,45,49,0,1330E
R331,1584,2491,45,49,0,1330E
R332,1586,2492,45,49,0,1340E
R333,1588,2494,45,49,0,1340E
R334,1590,2494,45,49,0,1340E
R335,1592,2494,45,49,0,1320E
R336,1594,2494,45,49,0,1320E
R337,1596,2494,45,49,0,1320E
R338,1598,2494,45,49,0,1310E
R339,1601,2494,45,49,0,1310E
R340,1603,2494,45,49,0,1310E
R341,1605,2494,45,49,0,1290E
R342,1607,2494,45,49,0,1290E
R343,1609,2495,45,49,0,1290E
R344,1611,2496,45,49,0,1310E
R345,1613,2496,45,49,0,1310E
R346,1615,2497,45,49,0,1310E
R347,1618,2499,45,49,0,1290E
R348,1619,2501,45,49,0,1290E
R349,1622,2502,45,46,0,1290E
R350,1623,2503,45,45,0,1280E
R351,1625,2505,45,45,0,1280E
R352,1627,2506,45,45,0,1280E
R353,1629,2507,45,45,0,1270E
R354,1631,2509,45,45,0,1270E
R355,1633,2510,45,45,0,1270E
R356,1635,2511,45,45,0,1260E
R357,1637,2512,45,45,0,1260E
R358,1639,2512,45,45,0,1260E
R359,1642,2512,45,45,0,1280E
R360,1644,2512,45,45,0,1280E
R361,1646,2513,45,45,0,1280E
R362,1648,2514,45,45,0,1270E
R363,1650,2514,45,45,0,1270E
R364,1651,2514,45,45,0,1270E
R365,1654,2514,45,45,0,1260E
R366,1656,2514,45,45,0,1260E
R367,1658,2514,45,45,0,1260E
R368,1660,2514,45,45,0,1250E
R369,1662,2514,45,45,0,1250E
R370,1664,2514,45,45,0,1250E
R371,1666,2516,45,45,0,1250E
R372,1668,2517,45,45,0,1250E
R373,1670,2517,45,45,0,1250E
R374,1672,2517,45,45,0,1230E
R375,1674,2517,45,45,0,1230E
R376,1675,2517,45,45,0,1230E
R377,1678,2517,45,45,0,1240E
R378,1680,2517,45,45,0,1240E
R379,1682,2518,45,45,0,1240E
R380,1684,2520,45,45,0,1240E
R381,1686,2521,45,45,0,1240E
R382,1687,2522,45,45,0,1240E
R383,1689,2523,45,45,0,1210E
R384,1691,2523,45,45,0,1210E
R385,1693,2523,45,45,0,1210E
R386,1695,2523,45,45,0,1210E
R387,1696,2523,45,45,0,1210E
R388,1699,2524,45,42,0,1210E
R389,1700,2526,45,40,0,1190E
R390,1702,2528,45,40,0,1190E
R391,1704,2529,45,40,0,1190E
R392,1706,2530,45,40,0,1170E
R393,1707,2530,45,40,0,1170E
R394,1709,2530,45,40,0,1170E
R395,1711,2530,45,40,0,1170E
R396,1713,2530,45,40,0,1170E
R397,1715,2529,45,40,0,1170E
R398,1717,2528,45,40,0,1170E
R399,1719,2526,45,40,0,1170E
R400,1721,2526,45,40,0,1170E
R401,1723,2526,45,40,0,1180E
R402,1725,2526,45,40,0,1180E
R403,1726,2525,45,40,0,1180E
R404,1728,2525,45,40,0,1160E
R405,1730,2525,45,40,0,1160E
R406,1732,2525,45,40,0,1160E
R407,1733,2525,45,40,0,1140E
R408,1736,2526,45,40,0,1140E
R409,1738,2527,45,40,0,1140E
R410,1739,2527,45,40,0,1150E
R411,1741,2528,45,40,0,1150E
R412,1743,2528,45,40,0,1150E
R413,1744,2530,45,40,0,1130E
R414,1747,2531,45,40,0,1130E
R415,1749,2532,45,40,0,1130E
R416,1750,2533,45,40,0,1140E
R417,1752,2533,45,40,0,1140E
R418,1754,2534,45,39,0,1140E
R419,1756,2535,45,34,0,1140E
R420,1757,2536,45,32,0,1140E
R421,1760,2536,45,30,0,1140E
R422,1761,2536,45,30,0,1130E
R423,1763,2537,45,30,0,1130E
R424,1765,2537,45,30,0,1130E
R425,1766,2536,45,30,0,1120E
R426,1767,2535,45,30,0,1120E
R427,1769,2531,45,30,0,1120E
R428,1771,2529,45,30,0,1110E
R429,1772,2527,45,30,0,1110E
R430,1774,2524,45,30,0,1110E
R431,1776,2521,45,30,0,1090E
R432,1778,2518,45,30,0,1090E
R433,1779,2516,45,30,0,1090E
R434,1781,2513,45,30,0,1080E
R435,1782,2512,45,30,0,1080E
R436,1783,2510,45,30,0,1080E
R437,1785,2509,45,30,0,1060E
R438,1787,2507,45,30,0,1060E
R439,1788,2506,45,30,0,1060E
R440,1790,2504,45,30,0,1050E
R441,1792,2503,45,30,0,1050E
R442,1793,2502,45,30,0,1050E
R443,1794,2501,45,30,0,1020E
R444,1796,2500,45,30,0,1020E
R445,1798,2499,45,30,0,1020E
R446,1799,2497,45,30,0,1020E
R447,1801,2496,45,30,0,1020E
R448,1803,2495,45,30,0,1020E
R449,1804,2494,45,30,0,1020E
R450,1806,2494,45,30,0,1020E
R451,1807,2492,45,30,0,1020E
R452,1808,2492,45,30,0,990E
R453,1810,2491,45,30,0,990E
R454,1812,2491,45,30,0,990E
R455,1813,2492,45,30,0,990E
R456,1815,2493,45,30,0,990E
R457,1816,2493,45,30,0,990E
R458,1818,2493,45,30,0,990E
R459,1819,2493,45,30,0,990E
R460,1821,2493,45,30,0,990E
R461,1823,2493,45,30,0,990E
R462,1824,2493,45,30,0,990E
R463,1826,2493,45,30,0,990E
R464,1828,2493,45,30,0,980E
R465,1829,2493,45,30,0,980E
R466,1830,2492,45,30,0,980E
R467,1832,2491,45,30,0,980E
R468,1833,2491,45,30,0,980E
R469,1835,2490,45,30,0,980E
R470,1836,2490,45,30,0,960E
R471,1837,2490,45,30,0,960E
R472,1839,2490,45,30,0,960E
R473,1841,2491,45,30,0,950E
R474,1842,2492,45,30,0,950E
R475,1844,2492,45,30,0,950E
R476,1845,2493,45,30,0,950E
R477,1847,2493,45,30,0,950E
R478,1848,2495,45,30,0,950E
R479,1849,2496,45,30,0,940E
R480,1851,2497,45,30,0,940E
R481,1853,2498,45,30,0,940E
R482,1854,2498,45,30,0,940E
R483,1855,2498,45,30,0,940E
R484,1857,2499,45,30,0,940E
R485,1858,2500,45,30,0,930E
R486,1860,2500,45,27,0,930E
R487,1861,2501,45,25,0,930E
R488,1863,2502,45,25,0,940E
R489,1865,2503,45,25,0,940E
R490,1867,2503,45,25,0,940E
R491,1868,2503,45,25,0,940E
R492,1869,2502,45,25,0,940E
R493,1871,2501,45,25,0,940E
R494,1873,2500,45,25,0,950E
R495,1874,2498,45,23,0,950E
R496,1876,2496,45,21,0,950E
R497,1877,2494,45,20,0,930E
R498,1878,2493,45,20,0,930E
R499,1880,2492,45,20,0,930E
R500,1881,2491,45,20,0,920E
R501,1883,2490,45,20,0,920E
R502,1884,2489,45,20,0,920E
R503,1886,2486,45,20,0,930E
R504,1887,2484,45,20,0,930E
R505,1888,2482,45,20,0,930E
R506,1890,2478,45,20,0,920E
R507,1891,2476,45,20,0,920E
R508,1892,2473,45,20,0,920E
R509,1893,2471,45,20,0,890E
R510,1895,2469,45,20,0,890E
R511,1896,2467,45,20,0,890E
R512,1897,2466,45,20,0,880E
R513,1899,2465,45,20,0,880E
R514,1900,2463,45,20,0,880E
R515,1901,2462,45,20,0,870E
R516,1903,2460,45,20,0,870E
R517,1904,2458,45,20,0,870E
R518,1905,2456,45,20,0,860E
R519,1907,2455,45,20,0,860E
R520,1908,2454,45,20,0,860E
R521,1909,2453,45,20,0,850E
R522,1911,2452,45,20,0,850E
R523,1912,2452,47,20,0,850E
R524,1913,2452,48,20,0,850E
R525,1915,2451,50,20,0,850E
R526,1916,2451,51,20,0,850E
R527,1918,2451,51,20,0,840E
R528,1919,2451,51,20,0,840E
R529,1920,2451,51,20,0,840E
R530,1922,2451,51,20,0,860E
R531,1923,2451,51,20,0,860E
R532,1925,2449,51,20,0,860E
R533,1926,2449,51,18,0,850E
R534,1927,2448,51,15,0,850E
R535,1929,2448,51,15,0,850E
R536,1930,2448,51,15,0,850E
R537,1932,2448,51,15,0,850E
R538,1933,2448,51,15,0,850E
R539,1934,2448,51,15,0,840E
R540,1936,2446,51,15,0,840E
R541,1937,2444,51,15,0,840E
R542,1939,2442,51,15,0,850E
R543,1940,2441,51,15,0,850E
R544,1941,2437,51,15,0,850E
R545,1942,2435,51,15,0,830E
R546,1943,2433,51,15,0,830E
R547,1945,2430,51,15,0,830E
R548,1946,2428,51,15,0,830E
R549,1947,2425,51,15,0,830E
R550,1949,2423,51,15,0,830E
R551,1950,2420,51,15,0,820E
R552,1951,2418,51,15,0,820E
R553,1952,2416,51,15,0,820E
R554,1954,2413,51,15,0,820E
R555,1955,2412,51,15,0,820E
R556,1957,2410,51,15,0,820E
R557,1958,2407,51,15,0,820E
R558,1959,2405,51,15,0,820E
R559,1961,2403,51,15,0,820E
R560,1962,2402,51,15,0,820E
R561,1963,2400,51,15,0,820E
R562,1964,2399,51,15,0,820E
R563,1965,2397,51,15,0,800E
R564,1966,2396,51,15,0,800E
R565,1967,2394,51,15,0,800E
R566,1969,2393,51,13,0,800E
R567,1970,2392,51,11,0,800E
R568,1971,2390,51,11,0,800E
R569,1973,2388,51,10,0,800E
R570,1974,2387,51,10,0,800E
R571,1975,2385,51,10,0,800E
R572,1977,2382,51,10,0,800E
R573,1978,2379,51,10,0,800E
R574,1979,2376,51,10,0,800E
R575,1981,2372,51,10,0,800E
R576,1982,2368,51,10,0,800E
R577,1983,2364,51,10,0,800E
R578,1984,2361,52,10,0,790E
R579,1985,2358,54,10,0,790E
R580,1986,2355,54,10,0,790E
R581,1987,2353,55,10,0,770E
R582,1989,2350,55,10,0,770E
R583,1989,2348,55,10,0,770E
R584,1991,2346,55,10,0,770E
R585,1992,2344,55,10,0,770E
R586,1993,2342,55,10,0,770E
R587,1994,2341,55,10,0,760E
R588,1995,2340,55,10,0,760E
R589,1996,2338,55,10,0,760E
R590,1997,2337,55,10,0,750E
R591,1998,2335,55,10,0,750E
R592,1999,2334,55,10,0,750E
R593,2001,2332,55,10,0,750E
R594,2002,2330,55,10,0,750E
R595,2003,2330,55,10,0,750E
R596,2004,2329,55,10,0,740E
R597,2005,2329,55,10,0,740E
R598,2006,2328,55,10,0,740E
R599,2007,2328,55,10,0,730E
R600,2007,2327,55,10,0,730E
R601,2009,2327,55,10,0,730E
R602,2010,2326,55,10,0,710E
R603,2011,2325,55,10,0,710E
R604,2012,2324,55,10,0,710E
R605,2013,2323,55,10,0,700E
R606,2014,2322,55,10,0,700E
R607,2015,2322,55,10,0,700E
R608,2016,2321,55,10,0,690E
R609,2017,2321,55,10,0,690E
R610,2018,2321,55,10,0,690E
R611,2019,2321,55,10,0,680E
R612,2020,2321,55,10,0,680E
R613,2021,2321,55,10,0,680E
R614,2022,2320,55,10,0,660E
R615,2022,2320,55,10,0,660E
R616,2023,2320,55,10,0,660E
R617,2024,2319,55,10,0,650E
R618,2025,2319,55,10,0,650E
R619,2026,2319,55,10,0,650E
R620,2027,2319,55,10,0,640E
R621,2028,2319,55,10,0,640E
R622,2029,2319,55,10,0,640E
R623,2029,2319,55,10,0,620E
R624,2030,2318,55,10,0,620E
R625,2031,2318,55,10,0,620E
R626,2032,2318,55,10,0,620E
R627,2032,2318,55,10,0,620E
R628,2033,2318,55,10,0,620E
R629,2034,2318,55,10,0,590E
R630,2034,2318,55,10,0,590E
R631,2035,2318,55,10,0,590E
R632,2036,2318,55,10,0,570E
R633,2037,2317,55,10,0,570E
R634,2037,2316,55,10,0,570E
R635,2038,2315,55,10,0,550E
R636,2038,2314,55,10,0,550E
R637,2039,2314,55,10,0,550E
R638,2040,2314,55,10,0,530E
R639,2040,2314,55,10,0,530E
R640,2041,2314,55,10,0,530E
R641,2042,2313,55,10,0,520E
R642,2043,2313,55,10,0,520E
R643,2043,2312,55,10,0,520E
R644,2044,2312,55,10,0,500E
R645,2044,2312,55,10,0,500E
R646,2044,2311,55,10,0,500E
R647,2045,2311,55,10,0,460E
R648,2045,2311,55,10,0,460E
R649,2046,2310,55,10,0,460E
R650,2046,2309,55,10,0,430E
R651,2047,2309,55,10,0,430E
R652,2048,2308,55,10,0,430E
R653,2049,2308,55,10,0,450E
R654,2049,2308,55,10,0,450E
R655,2050,2308,55,10,0,450E
R656,2051,2308,55,10,0,440E
R657,2051,2307,55,10,0,440E
R658,2051,2307,55,10,0,440E
R659,2052,2307,55,10,0,410E
R660,2052,2307,55,10,0,410E
R661,2053,2307,55,10,0,410E
R662,2053,2307,55,10,0,380E
R663,2054,2307,55,10,0,380E
R664,2055,2307,55,10,0,380E
R665,2056,2308,55,10,0,410E
R666,2056,2308,55,10,0,410E
R667,2057,2308,55,10,0,410E
R668,2057,2308,55,10,0,380E
R669,2058,2309,55,10,0,380E
R670,2059,2309,55,10,0,380E
R671,2059,2309,55,10,0,380E
R672,2060,2309,55,10,0,380E
P1590,791,70,1600,338,1970,566,157,106,2060,672E
