R1,1991,2742,55,50,0,2990E
R2,1997,2749,55,50,0,2990E
R3,2002,2754,55,50,0,2990E
R4,2007,2755,55,50,0,2990E
R5,2002,2730,55,50,0,2990E
R6,1964,2689,55,50,0,730E
R7,1932,2634,55,50,0,730E
R8,1892,2571,55,50,0,730E
R9,1832,2506,55,50,0,-9500E
R10,1783,2430,55,50,0,-9500E
R11,1736,2364,55,50,0,-9500E
R12,1693,2305,55,50,0,-9500E
R13,1652,2260,55,50,0,-9500E
R14,1613,2204,55,50,0,-9500E
R15,1587,2163,55,50,0,-9500E
R16,1543,2115,55,50,0,-9500E
R17,1513,2076,55,50,0,-9500E
R18,1486,2052,55,50,0,-9500E
R19,1458,2009,55,50,0,-9500E
R20,1420,1986,55,50,0,-9500E
R21,1396,1958,55,50,0,-9500E
R22,1369,1947,55,50,0,-9500E
R23,1343,1926,55,50,0,-9500E
R24,1306,1914,55,50,0,-9500E
R25,1295,1899,55,50,0,-9500E
R26,1270,1878,55,50,0,-9500E
R27,1242,1866,55,50,0,-9500E
R28,1227,1855,55,50,0,-9500E
R29,1202,1844,55,50,0,-9500E
R30,1179,1835,55,50,0,-9500E
R31,1168,1826,55,54,0,-9500E
R32,1146,1818,55,70,0,-9500E
R33,1126,1810,55,78,0,-9500E
R34,1116,1804,55,83,0,-9500E
R35,1100,1799,55,86,0,-9500E
R36,1081,1794,55,86,0,-9500E
R37,1072,1793,55,86,0,-9500E
R38,1059,1793,55,86,0,-9500E
R39,1048,1797,55,86,0,-7470E
R40,1035,1803,55,86,0,-7470E
R41,1024,1808,55,86,0,-7470E
R42,1012,1813,55,86,0,-7260E
R43,1002,1820,55,86,0,-7260E
R44,994,1826,55,86,0,-7260E
R45,983,1832,55,86,0,-6450E
R46,975,1838,55,86,0,-6450E
R47,967,1845,55,86,0,-6450E
R48,959,1849,55,86,0,-5630E
R49,952,1855,55,86,0,-5630E
R50,945,1862,55,86,0,-5630E
R51,939,1868,55,86,0,-4680E
R52,933,1875,55,86,0,-4680E
R53,928,1881,55,86,0,-4680E
R54,924,1887,55,86,0,-3660E
R55,917,1892,55,86,0,-3660E
R56,913,1896,55,86,0,-3660E
R57,910,1901,55,86,0,-3120E
R58,906,1905,55,86,0,-3120E
R59,903,1910,55,86,0,-3120E
R60,899,1917,55,86,0,-2520E
R61,897,1923,55,86,0,-2520E
R62,894,1930,55,86,0,-2520E
R63,892,1934,55,86,0,-2030E
R64,890,1940,55,86,0,-2030E
R65,888,1944,55,86,0,-2030E
R66,886,1948,55,86,0,-1610E
R67,885,1954,55,86,0,-1610E
R68,884,1960,55,86,0,-1610E
R69,884,1967,55,86,0,-1020E
R70,883,1972,55,86,0,-1020E
R71,883,1978,55,86,0,-1020E
R72,883,1982,55,86,0,-600E
R73,883,1985,55,86,0,-600E
R74,883,1989,55,86,0,-600E
R75,883,1993,55,86,0,-300E
R76,884,1997,55,86,0,-300E
R77,885,1999,55,86,0,-300E
R78,887,2002,55,86,0,170E
R79,888,2005,55,86,0,170E
R80,889,2008,55,86,0,170E
R81,891,2011,55,86,0,470E
R82,892,2015,55,86,0,470E
R83,894,2020,55,86,0,470E
R84,896,2025,55,86,0,700E
R85,898,2031,55,86,0,700E
R86,900,2037,55,86,0,700E
R87,903,2043,55,86,0,900E
R88,905,2048,55,86,0,900E
R89,908,2052,55,86,0,900E
R90,910,2057,55,86,0,1160E
R91,913,2062,55,86,0,1160E
R92,915,2067,55,86,0,1160E
R93,918,2071,55,86,0,1330E
R94,921,2075,55,86,0,1330E
R95,924,2080,55,86,0,1330E
R96,927,2082,55,86,0,1500E
R97,930,2084,55,86,0,1500E
R98,934,2087,55,86,0,1500E
R99,937,2091,55,86,0,1670E
R100,940,2094,55,86,0,1670E
R101,944,2097,55,86,0,1670E
R102,947,2102,55,86,0,1780E
R103,950,2107,55,86,0,1780E
R104,954,2111,55,86,0,1780E
R105,958,2116,55,86,0,1910E
R106,961,2120,55,86,0,1910E
R107,965,2123,55,86,0,1910E
R108,969,2127,55,86,0,2000E
R109,973,2131,55,86,0,2000E
R110,976,2135,55,86,0,2000E
R111,980,2138,55,86,0,2050E
R112,984,2141,55,86,0,2050E
R113,987,2143,55,86,0,2050E
R114,991,2145,55,86,0,2090E
R115,995,2148,55,86,0,2090E
R116,998,2152,55,86,0,2090E
R117,1002,2155,55,86,0,2110E
R118,1007,2158,55,86,0,2110E
R119,1010,2162,55,86,0,2110E
R120,1014,2165,55,86,0,2170E
R121,1018,2169,55,86,0,2170E
R122,1022,2173,55,86,0,2170E
R123,1026,2176,55,86,0,2170E
R124,1031,2178,55,86,0,2170E
R125,1034,2178,55,86,0,2170E
R126,1038,2180,55,86,0,2250E
R127,1042,2181,55,86,0,2250E
R128,1046,2184,55,86,0,2250E
R129,1050,2186,55,86,0,2280E
R130,1054,2191,55,86,0,2280E
R131,1059,2193,55,86,0,2280E
R132,1063,2196,55,86,0,2330E
R133,1067,2199,55,86,0,2330E
R134,1072,2202,55,86,0,2330E
R135,1076,2203,55,86,0,2390E
R136,1080,2205,55,86,0,2390E
R137,1084,2207,55,86,0,2390E
R138,1088,2209,55,86,0,2390E
R139,1092,2211,55,86,0,2390E
R140,1095,2214,55,86,0,2390E
R141,1100,2215,55,86,0,2390E
R142,1104,2216,55,86,0,2390E
R143,1108,2218,55,86,0,2390E
R144,1113,2221,55,86,0,2420E
R145,1117,2223,55,86,0,2420E
R146,1121,2225,55,86,0,2420E
R147,1126,2228,55,86,0,2410E
R148,1129,2231,55,86,0,2410E
R149,1133,2233,55,86,0,2410E
R150,1137,2235,55,86,0,2410E
R151,1142,2238,55,86,0,2410E
R152,1145,2240,55,86,0,2410E
R153,1149,2241,55,86,0,2410E
R154,1153,2241,55,86,0,2410E
R155,1157,2242,55,86,0,2410E
R156,1161,2243,55,86,0,2410E
R157,1166,2245,55,86,0,2410E
R158,1169,2246,55,86,0,2410E
R159,1172,2248,55,86,0,2390E
R160,1177,2249,55,86,0,2390E
R161,1181,2251,55,86,0,2390E
R162,1184,2251,55,86,0,2390E
R163,1188,2251,55,86,0,2390E
R164,1192,2252,55,86,0,2390E
R165,1195,2253,55,86,0,2370E
R166,1199,2253,55,86,0,2370E
R167,1203,2254,55,86,0,2370E
R168,1207,2255,55,86,0,2370E
R169,1210,2257,55,86,0,2370E
R170,1215,2258,55,86,0,2370E
R171,1219,2259,55,86,0,2360E
R172,1222,2261,55,86,0,2360E
R173,1226,2262,55,86,0,2360E
R174,1231,2262,55,86,0,2360E
R175,1234,2263,55,86,0,2360E
R176,1238,2264,55,86,0,2360E
R177,1242,2265,55,86,0,2360E
R178,1246,2267,55,86,0,2360E
R179,1249,2270,55,86,0,2360E
R180,1253,2274,55,86,0,2350E
R181,1257,2278,55,86,0,2350E
R182,1260,2281,55,86,0,2350E
R183,1264,2285,55,86,0,2330E
R184,1268,2288,55,86,0,2330E
R185,1271,2293,55,86,0,2330E
R186,1275,2296,55,86,0,2320E
R187,1279,2299,55,86,0,2320E
R188,1282,2301,55,86,0,2320E
R189,1286,2303,55,86,0,2310E
R190,1290,2304,55,86,0,2310E
R191,1293,2305,55,86,0,2310E
R192,1296,2306,55,86,0,2280E
R193,1300,2308,55,86,0,2280E
R194,1304,2309,55,86,0,2280E
R195,1307,2310,55,86,0,2270E
R196,1310,2312,55,86,0,2270E
R197,1314,2312,55,86,0,2270E
R198,1317,2314,55,86,0,2230E
R199,1320,2316,55,86,0,2230E
R200,1325,2317,55,86,0,2230E
R201,1328,2319,55,86,0,2230E
R202,1331,2321,55,86,0,2230E
R203,1336,2325,55,86,0,2230E
R204,1339,2328,55,86,0,2230E
R205,1342,2329,55,86,0,2230E
R206,1345,2332,55,86,0,2230E
R207,1348,2334,55,86,0,2180E
R208,1351,2336,55,86,0,2180E
R209,1355,2338,55,86,0,2180E
R210,1358,2341,55,86,0,2160E
R211,1362,2344,55,86,0,2160E
R212,1365,2346,55,86,0,2160E
R213,1369,2348,55,86,0,2160E
R214,1371,2351,55,86,0,2160E
R215,1375,2353,55,86,0,2160E
R216,1378,2355,55,86,0,2120E
R217,1382,2357,55,86,0,2120E
R218,1385,2359,55,86,0,2120E
R219,1389,2361,55,86,0,2130E
R220,1391,2364,55,86,0,2130E
R221,1395,2367,55,86,0,2130E
R222,1398,2370,55,86,0,2080E
R223,1401,2372,55,86,0,2080E
R224,1403,2375,55,86,0,2080E
R225,1406,2378,55,86,0,2010E
R226,1409,2381,55,86,0,2010E
R227,1412,2384,55,82,0,2010E
R228,1415,2386,55,76,0,1970E
R229,1419,2389,55,75,0,1970E
R230,1422,2392,55,75,0,1970E
R231,1425,2394,55,75,0,1970E
R232,1429,2396,55,75,0,1970E
R233,1432,2398,55,75,0,1970E
R234,1434,2400,55,75,0,1950E
R235,1438,2401,55,75,0,1950E
R236,1441,2403,55,75,0,1950E
R237,1444,2403,55,75,0,1950E
R238,1447,2403,55,75,0,1950E
R239,1450,2403,55,75,0,1950E
R240,1453,2403,55,75,0,1930E
R241,1457,2403,55,75,0,1930E
R242,1460,2404,55,75,0,1930E
R243,1463,2405,55,75,0,1940E
R244,1466,2407,55,75,0,1940E
R245,1469,2408,55,75,0,1940E
R246,1472,2410,55,75,0,1920E
R247,1475,2411,55,75,0,1920E
R248,1477,2413,55,75,0,1920E
R249,1481,2415,55,75,0,1900E
R250,1484,2416,55,75,0,1900E
R251,1486,2418,55,75,0,1900E
R252,1489,2418,55,75,0,1870E
R253,1492,2418,55,75,0,1870E
R254,1494,2419,55,75,0,1870E
R255,1498,2420,55,74,0,1860E
R256,1501,2421,55,72,0,1860E
R257,1504,2422,55,71,0,1860E
R258,1507,2424,55,70,0,1850E
R259,1510,2425,55,70,0,1850E
R260,1512,2427,55,70,0,1850E
R261,1515,2428,55,70,0,1820E
R262,1518,2430,55,70,0,1820E
R263,1520,2432,55,70,0,1820E
R264,1522,2434,55,70,0,1760E
R265,1526,2435,55,70,0,1760E
R266,1528,2436,55,70,0,1760E
R267,1530,2437,55,70,0,1730E
R268,1533,2437,55,70,0,1730E
R269,1536,2439,55,70,0,1730E
R270,1539,2440,55,70,0,1740E
R271,1541,2440,55,70,0,1740E
R272,1544,2441,55,70,0,1740E
R273,1546,2442,55,68,0,1690E
R274,1549,2442,55,65,0,1690E
R275,1552,2443,55,62,0,1690E
R276,1554,2444,55,61,0,1680E
R277,1556,2444,55,60,0,1680E
R278,1559,2445,55,60,0,1680E
R279,1561,2445,55,60,0,1630E
R280,1564,2444,55,60,0,1630E
R281,1566,2444,55,60,0,1630E
R282,1569,2444,55,60,0,1630E
R283,1572,2444,55,60,0,1630E
R284,1574,2444,55,60,0,1630E
R285,1577,2443,55,60,0,1620E
R286,1580,2443,55,60,0,1620E
R287,1582,2442,55,60,0,1620E
R288,1585,2442,55,60,0,1620E
R289,1587,2442,55,60,0,1620E
R290,1589,2442,55,60,0,1620E
R291,1591,2442,55,60,0,1570E
R292,1593,2442,55,60,0,1570E
R293,1595,2442,55,60,0,1570E
R294,1597,2443,55,60,0,1520E
R295,1600,2444,55,60,0,1520E
R296,1602,2446,55,60,0,1520E
R297,1604,2447,55,60,0,1500E
R298,1607,2447,55,60,0,1500E
R299,1609,2448,55,60,0,1500E
R300,1611,2448,55,60,0,1480E
R301,1614,2449,55,60,0,1480E
R302,1616,2450,55,60,0,1480E
R303,1618,2452,55,60,0,1470E
R304,1621,2454,55,60,0,1470E
R305,1623,2455,55,60,0,1470E
R306,1625,2455,55,60,0,1460E
R307,1627,2457,55,60,0,1460E
R308,1629,2458,55,60,0,1460E
R309,1631,2459,55,60,0,1420E
R310,1633,2459,55,60,0,1420E
R311,1636,2460,56,60,0,1420E
R312,1638,2461,62,60,0,1420E
R313,1640,2461,62,60,0,1420E
R314,1643,2463,63,60,0,1420E
R315,1645,2464,63,60,0,1420E
R316,1647,2466,63,60,0,1420E
R317,1649,2468,63,60,0,1420E
R318,1652,2470,63,60,0,1410E
R319,1653,2471,63,60,0,1410E
R320,1655,2472,64,60,0,1410E
R321,1658,2474,65,60,0,1390E
R322,1660,2476,65,60,0,1390E
R323,1662,2478,65,60,0,1390E
R324,1664,2480,65,60,0,1370E
R325,1666,2481,65,60,0,1370E
R326,1668,2483,65,60,0,1370E
R327,1671,2484,65,60,0,1370E
R328,1672,2486,65,60,0,1370E
R329,1675,2488,65,60,0,1370E
R330,1677,2489,65,60,0,1350E
R331,1680,2491,65,60,0,1350E
R332,1682,2492,65,60,0,1350E
R333,1684,2492,65,60,0,1360E
R334,1686,2493,65,55,0,1360E
R335,1688,2494,65,54,0,1360E
R336,1690,2495,65,50,0,1340E
R337,1692,2495,65,50,0,1340E
R338,1694,2497,65,50,0,1340E
R339,1696,2498,65,50,0,1320E
R340,1698,2499,65,50,0,1320E
R341,1700,2500,65,50,0,1320E
R342,1702,2500,65,50,0,1310E
R343,1704,2500,65,50,0,1310E
R344,1706,2499,65,50,0,1310E
R345,1708,2499,65,50,0,1300E
R346,1710,2498,65,50,0,1300E
R347,1712,2498,65,50,0,1300E
R348,1714,2497,65,50,0,1290E
R349,1715,2496,65,50,0,1290E
R350,1718,2495,65,50,0,1290E
R351,1719,2495,65,50,0,1250E
R352,1721,2495,65,50,0,1250E
R353,1723,2495,65,50,0,1250E
R354,1725,2495,65,50,0,1250E
R355,1727,2495,65,50,0,1250E
R356,1728,2495,65,50,0,1250E
R357,1731,2495,65,50,0,1240E
R358,1732,2495,65,50,0,1240E
R359,1734,2495,65,50,0,1240E
R360,1736,2496,65,50,0,1210E
R361,1737,2496,65,48,0,1210E
R362,1738,2496,65,45,0,1210E
R363,1741,2496,65,43,0,1190E
R364,1743,2496,65,41,0,1190E
R365,1744,2496,65,40,0,1190E
R366,1747,2496,65,40,0,1190E
R367,1749,2496,65,40,0,1190E
R368,1750,2496,65,40,0,1190E
R369,1752,2496,65,40,0,1170E
R370,1754,2496,65,40,0,1170E
R371,1755,2496,65,40,0,1170E
R372,1757,2494,65,40,0,1150E
R373,1759,2492,65,40,0,1150E
R374,1761,2490,65,40,0,1150E
R375,1762,2488,65,40,0,1130E
R376,1764,2486,65,40,0,1130E
R377,1766,2485,65,40,0,1130E
R378,1767,2484,65,40,0,1110E
R379,1769,2483,65,40,0,1110E
R380,1771,2482,65,40,0,1110E
R381,1772,2481,65,40,0,1100E
R382,1774,2480,65,40,0,1100E
R383,1776,2480,65,40,0,1100E
R384,1777,2479,65,40,0,1080E
R385,1779,2478,65,40,0,1080E
R386,1780,2477,65,40,0,1080E
R387,1782,2476,65,40,0,1070E
R388,1784,2475,65,40,0,1070E
R389,1785,2474,65,40,0,1070E
R390,1787,2474,65,40,0,1070E
R391,1789,2474,65,40,0,1070E
R392,1790,2475,65,40,0,1070E
R393,1792,2476,65,40,0,1060E
R394,1794,2477,65,38,0,1060E
R395,1795,2477,65,36,0,1060E
R396,1797,2477,65,35,0,1050E
R397,1798,2477,65,35,0,1050E
R398,1799,2477,65,35,0,1050E
R399,1802,2477,65,35,0,1050E
R400,1803,2476,65,35,0,1050E
R401,1805,2475,65,35,0,1050E
R402,1806,2474,65,35,0,1020E
R403,1808,2474,65,35,0,1020E
R404,1810,2473,65,35,0,1020E
R405,1811,2472,65,35,0,1020E
R406,1813,2471,65,35,0,1020E
R407,1815,2470,65,35,0,1020E
R408,1816,2470,65,35,0,1020E
R409,1818,2469,65,35,0,1020E
R410,1819,2468,65,35,0,1020E
R411,1820,2466,65,35,0,1000E
R412,1822,2466,65,35,0,1000E
R413,1823,2465,65,35,0,1000E
R414,1824,2465,65,35,0,980E
R415,1826,2465,65,35,0,980E
R416,1827,2465,65,33,0,980E
R417,1829,2465,65,31,0,980E
R418,1830,2465,65,31,0,980E
R419,1831,2465,65,30,0,980E
R420,1833,2465,65,30,0,960E
R421,1833,2464,65,30,0,960E
R422,1834,2462,65,30,0,960E
R423,1835,2461,65,30,0,900E
R424,1837,2460,65,30,0,900E
R425,1838,2458,65,30,0,900E
R426,1839,2456,65,30,0,890E
R427,1840,2454,65,30,0,890E
R428,1842,2453,65,30,0,890E
R429,1843,2453,65,30,0,870E
R430,1845,2453,65,30,0,870E
R431,1847,2453,65,30,0,870E
R432,1848,2453,65,30,0,890E
R433,1849,2453,65,30,0,890E
R434,1851,2453,65,30,0,890E
R435,1852,2453,65,30,0,880E
R436,1854,2453,65,30,0,880E
R437,1855,2452,65,30,0,880E
R438,1856,2451,65,30,0,870E
R439,1858,2451,65,30,0,870E
R440,1859,2451,65,30,0,870E
R441,1860,2450,65,30,0,860E
R442,1861,2450,65,30,0,860E
R443,1863,2450,65,30,0,860E
R444,1864,2450,65,30,0,850E
R445,1866,2450,65,30,0,850E
R446,1867,2451,65,30,0,850E
R447,1868,2451,65,30,0,850E
R448,1870,2452,65,30,0,850E
R449,1871,2453,65,30,0,850E
R450,1872,2454,65,30,0,840E
R451,1873,2454,65,30,0,840E
R452,1875,2454,65,30,0,840E
R453,1876,2455,65,30,0,840E
R454,1877,2455,65,30,0,840E
R455,1878,2455,65,30,0,840E
R456,1880,2456,65,30,0,830E
R457,1881,2456,65,30,0,830E
R458,1882,2457,65,30,0,830E
R459,1884,2457,65,30,0,810E
R460,1885,2458,65,30,0,810E
R461,1886,2459,65,30,0,810E
R462,1886,2459,65,30,0,790E
R463,1887,2459,65,30,0,790E
R464,1889,2460,65,30,0,790E
R465,1890,2460,65,30,0,790E
R466,1891,2460,65,30,0,790E
R467,1892,2460,65,30,0,790E
R468,1895,2460,65,30,0,810E
R469,1896,2460,65,30,0,810E
R470,1897,2460,65,30,0,810E
R471,1899,2460,65,30,0,810E
R472,1900,2460,65,30,0,810E
R473,1901,2460,65,30,0,810E
R474,1902,2460,65,30,0,790E
R475,1904,2460,65,27,0,790E
R476,1905,2460,65,26,0,790E
R477,1906,2460,65,25,0,790E
R478,1907,2460,65,25,0,790E
R479,1908,2460,66,25,0,790E
R480,1909,2461,68,25,0,770E
R481,1911,2462,69,25,0,770E
R482,1912,2462,70,25,0,770E
R483,1913,2463,70,25,0,770E
R484,1915,2464,70,25,0,770E
R485,1915,2464,70,25,0,770E
R486,1916,2465,70,25,0,760E
R487,1917,2466,70,25,0,760E
R488,1919,2467,70,25,0,760E
R489,1920,2467,70,25,0,760E
R490,1921,2467,70,25,0,760E
R491,1922,2467,70,25,0,760E
R492,1923,2467,70,25,0,750E
R493,1925,2466,70,25,0,750E
R494,1926,2465,70,25,0,750E
R495,1927,2465,70,25,0,750E
R496,1928,2465,70,25,0,750E
R497,1929,2465,70,25,0,750E
R498,1931,2465,70,25,0,750E
R499,1932,2465,70,25,0,750E
R500,1933,2465,70,25,0,750E
R501,1934,2465,70,25,0,740E
R502,1935,2466,70,25,0,740E
R503,1937,2467,70,25,0,740E
R504,1938,2467,70,25,0,750E
R505,1939,2467,70,25,0,750E
R506,1940,2468,70,25,0,750E
R507,1941,2468,70,25,0,730E
R508,1942,2469,70,25,0,730E
R509,1943,2469,70,25,0,730E
R510,1944,2470,70,25,0,720E
R511,1944,2470,70,25,0,720E
R512,1946,2470,70,25,0,720E
R513,1947,2470,70,25,0,710E
R514,1949,2470,70,25,0,710E
R515,1950,2470,70,25,0,710E
R516,1952,2470,70,25,0,740E
R517,1953,2471,70,25,0,740E
R518,1954,2472,70,25,0,740E
R519,1955,2472,70,25,0,720E
R520,1957,2473,70,25,0,720E
R521,1958,2473,70,25,0,720E
R522,1959,2473,70,25,0,730E
R523,1959,2473,70,25,0,730E
R524,1960,2473,70,25,0,730E
R525,1961,2473,70,25,0,690E
R526,1963,2473,70,25,0,690E
R527,1964,2473,70,25,0,690E
R528,1965,2473,70,25,0,700E
R529,1966,2474,70,25,0,700E
R530,1968,2475,70,25,0,700E
R531,1969,2475,70,25,0,720E
R532,1969,2476,70,25,0,720E
R533,1970,2476,70,25,0,720E
R534,1972,2476,70,25,0,700E
R535,1973,2476,70,25,0,700E
R536,1974,2477,70,25,0,700E
R537,1975,2477,70,25,0,690E
R538,1977,2478,70,25,0,690E
R539,1977,2478,70,25,0,690E
R540,1979,2479,70,25,0,700E
R541,1980,2479,70,25,0,700E
R542,1981,2480,70,25,0,700E
R543,1983,2480,70,25,0,710E
R544,1984,2480,70,25,0,710E
R545,1985,2480,70,25,0,710E
R546,1987,2480,70,25,0,720E
R547,1988,2481,70,25,0,720E
R548,1989,2482,70,25,0,720E
R549,1991,2482,70,25,0,730E
R550,1992,2483,70,25,0,730E
R551,1994,2483,70,25,0,730E
R552,1995,2483,70,25,0,740E
R553,1996,2483,70,25,0,740E
R554,1998,2483,70,25,0,740E
R555,1999,2484,70,21,0,740E
R556,2000,2484,70,21,0,740E
R557,2001,2484,70,20,0,740E
R558,2002,2484,70,20,0,730E
R559,2003,2484,70,20,0,730E
R560,2004,2484,70,20,0,730E
R561,2005,2484,70,20,0,710E
R562,2007,2484,70,20,0,710E
R563,2009,2483,70,20,0,710E
R564,2010,2483,70,20,0,740E
R565,2011,2483,70,20,0,740E
R566,2013,2482,70,20,0,740E
R567,2014,2482,70,20,0,750E
R568,2015,2482,70,20,0,750E
R569,2017,2481,70,20,0,750E
R570,2018,2480,70,20,0,750E
R571,2020,2480,70,20,0,750E
R572,2020,2479,70,20,0,750E
R573,2021,2479,70,19,0,740E
R574,2022,2478,70,18,0,740E
R575,2023,2478,70,17,0,740E
R576,2024,2478,70,15,0,720E
R577,2025,2478,70,14,0,720E
R578,2026,2478,70,14,0,720E
R579,2027,2478,70,14,0,710E
R580,2028,2478,70,14,0,710E
R581,2029,2477,70,14,0,710E
R582,2030,2476,70,14,0,700E
R583,2031,2475,70,14,0,700E
R584,2032,2474,70,14,0,700E
R585,2034,2472,70,14,0,710E
R586,2035,2471,70,14,0,710E
R587,2037,2470,70,14,0,710E
R588,2038,2469,70,14,0,720E
R589,2039,2467,70,14,0,720E
R590,2040,2467,70,14,0,720E
R591,2041,2467,70,14,0,700E
R592,2042,2466,70,12,0,700E
R593,2043,2466,70,9,0,700E
R594,2044,2465,70,10,0,690E
R595,2045,2464,70,10,0,690E
R596,2046,2463,70,10,0,690E
R597,2047,2462,70,10,0,680E
R598,2048,2461,70,10,0,680E
R599,2050,2459,70,10,0,680E
R600,2051,2457,70,10,0,690E
R601,2052,2456,70,10,0,690E
R602,2053,2454,70,10,0,690E
R603,2054,2452,70,10,0,680E
R604,2056,2451,70,10,0,680E
R605,2056,2450,70,10,0,680E
R606,2058,2449,70,10,0,700E
R607,2059,2448,70,10,0,700E
R608,2060,2447,70,10,0,700E
R609,2061,2446,70,10,0,690E
R610,2061,2446,70,10,0,690E
R611,2062,2445,70,10,0,690E
R612,2064,2445,70,10,0,680E
R613,2064,2445,70,10,0,680E
R614,2065,2445,70,9,0,680E
R615,2066,2444,70,8,0,650E
R616,2068,2444,70,6,0,650E
R617,2069,2443,70,6,0,650E
R618,2070,2443,70,6,0,670E
R619,2071,2442,70,6,0,670E
R620,2071,2441,70,6,0,670E
R621,2072,2440,70,6,0,630E
R622,2073,2439,70,6,0,630E
R623,2075,2438,70,6,0,630E
R624,2075,2436,70,6,0,630E
R625,2076,2436,70,6,0,630E
R626,2077,2434,70,6,0,630E
R627,2078,2433,70,6,0,630E
R628,2079,2432,70,6,0,630E
R629,2081,2432,70,6,0,630E
R630,2082,2431,70,6,0,640E
R631,2083,2431,70,6,0,640E
R632,2084,2430,70,6,0,640E
R633,2085,2430,70,6,0,640E
R634,2086,2429,70,5,0,640E
R635,2086,2428,70,4,0,640E
R636,2088,2428,70,4,0,630E
R637,2088,2427,70,2,0,630E
R638,2089,2427,70,2,0,630E
R639,2090,2426,70,2,0,610E
R640,2091,2426,70,2,0,610E
R641,2092,2426,70,2,0,610E
R642,2092,2425,72,2,0,590E
R643,2093,2425,72,2,0,590E
R644,2093,2424,73,2,0,590E
R645,2094,2424,73,2,0,560E
R646,2095,2423,73,2,0,560E
R647,2096,2422,73,2,0,560E
R648,2097,2421,74,2,0,570E
R649,2098,2420,75,2,0,570E
R650,2100,2420,75,2,0,570E
R651,2101,2420,75,2,0,590E
R652,2103,2419,75,2,0,590E
R653,2103,2419,75,2,0,590E
R654,2104,2418,75,2,0,590E
R655,2105,2418,75,2,0,590E
R656,2106,2418,75,2,0,590E
R657,2107,2417,75,2,0,590E
R658,2107,2417,75,2,0,590E
R659,2108,2417,75,2,0,590E
R660,2109,2415,75,2,0,570E
R661,2109,2414,75,2,0,570E
R662,2110,2414,75,2,0,570E
R663,2111,2413,75,2,0,560E
R664,2111,2412,75,2,0,560E
R665,2112,2412,75,2,0,560E
R666,2112,2412,75,2,0,520E
R667,2112,2412,75,2,0,520E
R668,2112,2411,75,2,0,520E
R669,2114,2411,75,2,0,500E
R670,2114,2411,75,2,0,500E
R671,2115,2411,75,2,0,500E
R672,2116,2411,75,2,0,490E
R673,2116,2411,75,2,0,490E
R674,2117,2411,75,2,0,490E
R675,2118,2411,75,2,0,480E
R676,2119,2411,75,2,0,480E
R677,2120,2410,75,2,0,480E
R678,2121,2407,75,2,0,490E
R679,2121,2405,75,2,0,490E
R680,2122,2404,75,2,0,490E
R681,2123,2404,75,2,0,480E
R682,2123,2404,75,2,0,480E
R683,2124,2404,75,2,0,480E
R684,2125,2405,75,2,0,470E
R685,2126,2406,75,2,0,470E
R686,2127,2406,75,2,0,470E
R687,2127,2407,75,2,0,460E
R688,2128,2407,75,2,0,460E
R689,2129,2408,75,2,0,460E
R690,2130,2408,75,2,0,480E
R691,2131,2409,75,2,0,480E
R692,2131,2409,75,2,0,480E
R693,2132,2409,75,2,0,470E
R694,2132,2410,75,2,0,470E
R695,2133,2410,75,2,0,470E
R696,2133,2410,75,2,0,440E
R697,2134,2411,75,2,0,440E
R698,2135,2411,75,2,0,440E
R699,2136,2412,75,2,0,460E
R700,2137,2412,75,2,0,460E
R701,2138,2412,75,2,0,460E
R702,2138,2413,75,2,0,450E
R703,2139,2413,75,2,0,450E
R704,2139,2413,75,2,0,450E
R705,2140,2411,75,2,0,440E
R706,2141,2410,75,2,0,440E
R707,2141,2407,75,2,0,440E
R708,2141,2407,75,2,0,420E
R709,2141,2407,75,2,0,420E
R710,2142,2407,75,2,0,420E
R711,2143,2408,75,2,0,410E
R712,2144,2409,75,2,0,410E
R713,2145,2409,75,2,0,410E
R714,2146,2410,75,2,0,430E
R715,2146,2411,75,2,0,430E
R716,2148,2412,75,2,0,430E
R717,2149,2413,75,2,0,450E
R718,2149,2413,75,2,0,450E
R719,2150,2414,75,2,0,450E
R720,2151,2415,75,2,0,450E
R721,2153,2415,75,2,0,450E
R722,2154,2416,75,2,0,450E
P1990,883,75,1600,295,2000,556,230,167,2154,723E
