R1,1691,1755,35,35,0,1360E
R2,1716,1829,35,35,0,1360E
R3,1723,1891,35,35,0,7240E
R4,1744,1967,35,35,0,7240E
R5,1745,2011,35,35,0,7240E
R6,1719,2051,35,35,0,440E
R7,1680,2057,35,35,0,440E
R8,1637,2065,35,35,0,440E
R9,1597,2065,35,35,0,-9500E
R10,1555,2060,35,35,0,-9500E
R11,1514,2052,35,35,0,-9500E
R12,1489,2044,35,35,0,-9500E
R13,1441,2037,35,35,0,-9500E
R14,1413,2031,35,35,0,-9500E
R15,1372,2029,35,35,0,-9500E
R16,1347,2029,35,35,0,-9500E
R17,1322,2030,35,35,0,-9500E
R18,1284,2035,35,35,0,-9500E
R19,1258,2040,35,35,0,-9500E
R20,1235,2044,35,35,0,-9500E
R21,1207,2051,35,35,0,-9500E
R22,1195,2058,35,35,0,-9500E
R23,1167,2064,35,35,0,-9500E
R24,1141,2070,35,35,0,-9500E
R25,1132,2078,35,35,0,-9500E
R26,1106,2086,35,35,0,-9500E
R27,1084,2092,35,35,0,-9500E
R28,1061,2101,35,35,0,-9500E
R29,1053,2108,35,35,0,-9500E
R30,1038,2115,35,35,0,-9500E
R31,1026,2122,35,35,0,-9500E
R32,1010,2129,35,35,0,-9500E
R33,990,2135,35,35,0,-9500E
R34,982,2141,35,35,0,-9500E
R35,970,2148,35,35,0,-9500E
R36,957,2153,35,35,0,-8260E
R37,947,2158,35,35,0,-8260E
R38,936,2163,35,35,0,-8260E
R39,924,2169,35,35,0,-7120E
R40,913,2177,35,35,0,-7120E
R41,904,2182,35,35,0,-7120E
R42,894,2190,35,35,0,-6390E
R43,886,2196,35,35,0,-6390E
R44,878,2202,35,35,0,-6390E
R45,869,2209,35,35,0,-5580E
R46,862,2215,35,35,0,-5580E
R47,856,2220,35,35,0,-5580E
R48,849,2225,35,35,0,-4660E
R49,843,2231,35,35,0,-4660E
R50,838,2236,35,35,0,-4660E
R51,831,2242,35,35,0,-3900E
R52,826,2247,35,35,0,-3900E
R53,821,2252,35,35,0,-3900E
R54,817,2257,35,35,0,-3380E
R55,812,2261,35,35,0,-3380E
R56,808,2266,35,35,0,-3380E
R57,805,2271,35,35,0,-2860E
R58,801,2275,35,35,0,-2860E
R59,798,2281,35,35,0,-2860E
R60,795,2286,35,35,0,-2320E
R61,793,2291,35,35,0,-2320E
R62,790,2295,35,35,0,-2320E
R63,789,2301,35,35,0,-1850E
R64,787,2306,35,35,0,-1850E
R65,784,2309,35,35,0,-1850E
R66,783,2314,35,35,0,-1520E
R67,782,2317,35,35,0,-1520E
R68,780,2321,35,35,0,-1520E
R69,780,2325,35,35,0,-1100E
R70,779,2329,35,35,0,-1100E
R71,779,2332,35,35,0,-1100E
R72,779,2335,35,35,0,-680E
R73,778,2339,35,35,0,-680E
R74,778,2342,35,35,0,-680E
R75,778,2344,35,35,0,-450E
R76,778,2348,35,35,0,-450E
R77,778,2350,35,35,0,-450E
R78,778,2352,35,35,0,-260E
R79,778,2354,35,35,0,-260E
R80,779,2357,35,35,0,-260E
R81,780,2358,35,35,0,-10E
R82,781,2360,35,35,0,-10E
R83,782,2363,35,35,0,-10E
R84,783,2365,35,35,0,210E
R85,784,2368,35,35,0,210E
R86,785,2371,35,35,0,210E
R87,787,2376,35,35,0,440E
R88,789,2379,35,35,0,440E
R89,790,2383,35,35,0,440E
R90,791,2388,35,35,0,570E
R91,794,2391,35,35,0,570E
R92,796,2393,35,35,0,570E
R93,797,2395,35,35,0,780E
R94,800,2397,35,35,0,780E
R95,802,2399,35,35,0,780E
R96,804,2401,35,35,0,1000E
R97,807,2406,35,35,0,1000E
R98,809,2409,35,35,0,1000E
R99,812,2413,35,35,0,1220E
R100,815,2416,35,35,0,1220E
R101,817,2418,35,35,0,1220E
R102,819,2419,35,35,0,1280E
R103,822,2421,35,35,0,1280E
R104,825,2422,35,35,0,1280E
R105,828,2424,35,35,0,1380E
R106,830,2425,35,35,0,1380E
R107,834,2427,35,35,0,1380E
R108,837,2431,35,35,0,1550E
R109,839,2434,35,35,0,1550E
R110,843,2437,35,35,0,1550E
R111,846,2440,35,35,0,1630E
R112,849,2441,35,35,0,1630E
R113,852,2442,35,35,0,1630E
R114,856,2443,35,35,0,1730E
R115,858,2445,35,35,0,1730E
R116,861,2447,35,35,0,1730E
R117,865,2450,35,35,0,1750E
R118,868,2454,35,35,0,1750E
R119,871,2455,35,35,0,1750E
R120,875,2458,35,35,0,1760E
R121,878,2460,35,35,0,1760E
R122,880,2462,35,35,0,1760E
R123,884,2465,35,35,0,1800E
R124,887,2468,35,35,0,1800E
R125,891,2469,35,35,0,1800E
R126,894,2471,35,35,0,1840E
R127,898,2471,35,35,0,1840E
R128,901,2473,35,35,0,1840E
R129,904,2474,35,35,0,1870E
R130,908,2476,35,35,0,1870E
R131,911,2478,35,35,0,1870E
R132,914,2480,35,35,0,1890E
R133,919,2481,35,35,0,1890E
R134,922,2483,35,35,0,1890E
R135,925,2486,35,35,0,1910E
R136,929,2488,35,35,0,1910E
R137,932,2492,35,35,0,1910E
R138,935,2496,35,35,0,1950E
R139,939,2498,35,35,0,1950E
R140,943,2500,35,35,0,1950E
R141,946,2503,35,35,0,1990E
R142,949,2505,35,35,0,1990E
R143,953,2507,35,35,0,1990E
R144,956,2510,35,35,0,1990E
R145,959,2511,35,35,0,1990E
R146,964,2512,35,35,0,1990E
R147,967,2513,35,35,0,2020E
R148,970,2513,35,35,0,2020E
R149,974,2514,35,35,0,2020E
R150,977,2515,35,35,0,2020E
R151,980,2516,35,35,0,2020E
R152,984,2519,35,35,0,2020E
R153,987,2521,35,35,0,2020E
R154,991,2523,35,35,0,2020E
R155,995,2525,35,35,0,2020E
R156,999,2526,35,35,0,2060E
R157,1002,2527,35,35,0,2060E
R158,1005,2528,35,35,0,2060E
R159,1009,2529,35,35,0,2050E
R160,1013,2531,35,35,0,2050E
R161,1016,2533,35,35,0,2050E
R162,1020,2534,35,35,0,2070E
R163,1023,2536,35,35,0,2070E
R164,1027,2538,35,35,0,2070E
R165,1031,2541,35,35,0,2090E
R166,1034,2544,35,35,0,2090E
R167,1037,2546,35,35,0,2090E
R168,1041,2548,35,35,0,2080E
R169,1044,2549,35,35,0,2080E
R170,1048,2550,35,35,0,2080E
R171,1051,2551,35,35,0,2070E
R172,1055,2552,35,35,0,2070E
R173,1059,2554,35,35,0,2070E
R174,1062,2555,35,35,0,2080E
R175,1066,2557,35,35,0,2080E
R176,1069,2559,35,35,0,2080E
R177,1072,2561,35,35,0,2070E
R178,1076,2563,35,35,0,2070E
R179,1080,2565,35,35,0,2070E
R180,1083,2567,35,35,0,2080E
R181,1087,2569,35,35,0,2080E
R182,1090,2570,35,35,0,2080E
R183,1094,2571,35,35,0,2100E
R184,1097,2573,35,35,0,2100E
R185,1100,2575,35,35,0,2100E
R186,1104,2577,35,35,0,2090E
R187,1107,2579,35,35,0,2090E
R188,1111,2581,35,35,0,2090E
R189,1115,2584,35,35,0,2080E
R190,1118,2584,35,35,0,2080E
R191,1122,2585,35,35,0,2080E
R192,1125,2586,35,35,0,2090E
R193,1129,2588,35,35,0,2090E
R194,1132,2589,35,35,0,2090E
R195,1136,2591,35,35,0,2080E
R196,1138,2593,35,35,0,2080E
R197,1141,2595,35,35,0,2080E
R198,1145,2596,35,35,0,2070E
R199,1147,2597,35,35,0,2070E
R200,1151,2598,35,35,0,2070E
R201,1154,2599,35,35,0,2040E
R202,1157,2601,35,35,0,2040E
R203,1160,2603,35,35,0,2040E
R204,1164,2605,35,35,0,2040E
R205,1167,2606,35,35,0,2040E
R206,1170,2606,35,35,0,2040E
R207,1173,2607,35,35,0,2010E
R208,1177,2607,35,35,0,2010E
R209,1180,2607,35,35,0,2010E
R210,1183,2608,35,35,0,2010E
R211,1187,2609,35,35,0,2010E
R212,1189,2609,35,35,0,2010E
R213,1192,2611,35,35,0,1990E
R214,1196,2612,35,35,0,1990E
R215,1199,2614,35,35,0,1990E
R216,1201,2615,35,35,0,1960E
R217,1205,2617,35,35,0,1960E
R218,1208,2618,35,35,0,1960E
R219,1211,2620,35,35,0,1940E
R220,1214,2622,35,35,0,1940E
R221,1218,2624,35,35,0,1940E
R222,1220,2625,35,35,0,1950E
R223,1223,2627,35,35,0,1950E
R224,1227,2629,35,35,0,1950E
R225,1230,2631,35,35,0,1960E
R226,1233,2633,35,35,0,1960E
R227,1236,2635,35,35,0,1960E
R228,1239,2637,35,35,0,1940E
R229,1242,2640,35,35,0,1940E
R230,1246,2643,35,35,0,1940E
R231,1249,2644,35,35,0,1940E
R232,1252,2645,35,35,0,1940E
R233,1255,2645,35,35,0,1940E
R234,1259,2646,35,35,0,1950E
R235,1261,2646,35,35,0,1950E
R236,1264,2647,35,35,0,1950E
R237,1267,2648,35,35,0,1910E
R238,1270,2649,35,35,0,1910E
R239,1273,2650,35,35,0,1910E
R240,1277,2652,35,35,0,1920E
R241,1280,2653,35,35,0,1920E
R242,1283,2655,35,35,0,1920E
R243,1285,2656,35,35,0,1890E
R244,1289,2657,35,35,0,1890E
R245,1292,2659,35,35,0,1890E
R246,1295,2660,35,35,0,1900E
R247,1299,2661,35,35,0,1900E
R248,1301,2663,35,35,0,1900E
R249,1304,2665,35,35,0,1890E
R250,1307,2668,35,35,0,1890E
R251,1310,2670,35,35,0,1890E
R252,1312,2671,35,35,0,1850E
R253,1315,2671,35,35,0,1850E
R254,1317,2673,35,35,0,1850E
R255,1320,2676,35,35,0,1820E
R256,1323,2678,35,35,0,1820E
R257,1326,2682,35,35,0,1820E
R258,1329,2685,35,35,0,1810E
R259,1331,2688,35,35,0,1810E
R260,1335,2689,35,35,0,1810E
R261,1337,2691,35,35,0,1780E
R262,1340,2693,35,35,0,1780E
R263,1343,2696,35,35,0,1780E
R264,1346,2699,35,35,0,1790E
R265,1348,2701,35,35,0,1790E
R266,1351,2702,35,35,0,1790E
R267,1353,2703,35,35,0,1740E
R268,1357,2703,35,35,0,1740E
R269,1360,2703,35,35,0,1740E
R270,1364,2704,35,35,0,1800E
R271,1366,2707,35,35,0,1800E
R272,1370,2709,35,35,0,1800E
R273,1373,2710,35,35,0,1800E
R274,1376,2712,35,35,0,1800E
R275,1378,2712,35,35,0,1800E
R276,1381,2713,35,35,0,1770E
R277,1384,2714,35,35,0,1770E
R278,1386,2717,35,35,0,1770E
R279,1389,2720,35,35,0,1740E
R280,1392,2722,35,35,0,1740E
R281,1394,2725,35,35,0,1740E
R282,1397,2728,35,35,0,1720E
R283,1400,2731,35,35,0,1720E
R284,1402,2734,35,35,0,1720E
R285,1405,2736,35,35,0,1700E
R286,1408,2737,35,35,0,1700E
R287,1411,2739,35,35,0,1700E
R288,1413,2741,35,35,0,1690E
R289,1417,2743,35,35,0,1690E
R290,1419,2743,35,35,0,1690E
R291,1421,2743,35,35,0,1670E
R292,1424,2743,35,35,0,1670E
R293,1427,2743,35,35,0,1670E
R294,1429,2743,35,35,0,1660E
R295,1432,2744,35,35,0,1660E
R296,1435,2745,35,35,0,1660E
R297,1437,2747,35,35,0,1660E
R298,1439,2750,35,35,0,1660E
R299,1443,2752,35,35,0,1660E
R300,1445,2753,35,35,0,1650E
R301,1447,2754,35,35,0,1650E
R302,1450,2756,35,35,0,1650E
R303,1453,2758,35,35,0,1640E
R304,1455,2759,35,35,0,1640E
R305,1458,2762,35,35,0,1640E
R306,1460,2763,35,35,0,1620E
R307,1463,2764,35,33,0,1620E
R308,1465,2764,35,32,0,1620E
R309,1468,2766,35,30,0,1610E
R310,1470,2767,35,30,0,1610E
R311,1472,2768,35,30,0,1610E
R312,1475,2770,35,30,0,1590E
R313,1478,2770,35,30,0,1590E
R314,1480,2770,36,30,0,1590E
R315,1483,2770,38,30,0,1590E
R316,1485,2770,39,30,0,1590E
R317,1487,2770,40,30,0,1590E
R318,1490,2770,38,30,0,1570E
R319,1493,2772,39,30,0,1570E
R320,1496,2774,34,30,0,1570E
R321,1498,2776,38,30,0,1570E
R322,1500,2777,38,30,0,1570E
R323,1503,2778,40,30,0,1570E
R324,1505,2778,40,30,0,1560E
R325,1508,2778,40,30,0,1560E
R326,1510,2778,40,30,0,1560E
R327,1513,2779,40,30,0,1560E
R328,1516,2779,40,30,0,1560E
R329,1519,2781,40,30,0,1560E
R330,1521,2781,40,30,0,1560E
R331,1524,2781,40,30,0,1560E
R332,1527,2782,40,30,0,1560E
R333,1529,2783,40,30,0,1570E
R334,1531,2785,40,30,0,1570E
R335,1534,2785,40,30,0,1570E
R336,1536,2787,40,30,0,1550E
R337,1539,2789,40,30,0,1550E
R338,1542,2789,40,30,0,1550E
R339,1545,2790,40,30,0,1570E
R340,1547,2791,40,30,0,1570E
R341,1550,2791,40,30,0,1570E
R342,1552,2791,40,30,0,1560E
R343,1555,2791,40,30,0,1560E
R344,1557,2791,40,30,0,1560E
R345,1560,2793,40,30,0,1560E
R346,1562,2794,40,30,0,1560E
R347,1565,2796,40,30,0,1560E
R348,1568,2799,40,30,0,1560E
R349,1571,2802,40,30,0,1560E
R350,1573,2804,40,30,0,1560E
R351,1576,2806,40,30,0,1570E
R352,1579,2808,40,30,0,1570E
R353,1581,2810,40,30,0,1570E
R354,1584,2810,40,30,0,1570E
R355,1586,2810,40,30,0,1570E
R356,1589,2811,40,30,0,1570E
R357,1591,2812,40,30,0,1550E
R358,1594,2813,40,30,0,1550E
R359,1596,2814,40,30,0,1550E
R360,1598,2814,40,30,0,1540E
R361,1601,2815,40,30,0,1540E
R362,1603,2815,40,30,0,1540E
R363,1605,2816,40,30,0,1530E
R364,1608,2817,40,30,0,1530E
R365,1610,2817,40,30,0,1530E
R366,1612,2819,40,30,0,1510E
R367,1615,2821,40,30,0,1510E
R368,1617,2822,40,30,0,1510E
R369,1619,2824,40,30,0,1500E
R370,1621,2826,40,30,0,1500E
R371,1624,2829,40,30,0,1500E
R372,1626,2831,40,30,0,1490E
R373,1628,2834,40,30,0,1490E
R374,1631,2835,40,30,0,1490E
R375,1633,2837,40,30,0,1480E
R376,1635,2840,40,30,0,1480E
R377,1639,2843,40,30,0,1480E
R378,1641,2845,40,30,0,1490E
R379,1644,2847,40,30,0,1490E
R380,1646,2849,40,30,0,1490E
R381,1649,2850,40,30,0,1500E
R382,1651,2851,40,30,0,1500E
R383,1653,2852,40,30,0,1500E
R384,1656,2854,40,30,0,1490E
R385,1659,2856,40,30,0,1490E
R386,1661,2857,40,30,0,1490E
R387,1664,2858,40,30,0,1480E
R388,1666,2859,40,30,0,1480E
R389,1668,2860,40,30,0,1480E
R390,1671,2862,40,30,0,1490E
R391,1673,2864,40,30,0,1490E
R392,1676,2866,40,30,0,1490E
R393,1679,2868,40,30,0,1500E
R394,1682,2871,40,30,0,1500E
R395,1685,2872,40,30,0,1500E
R396,1687,2872,40,30,0,1510E
R397,1689,2874,40,30,0,1510E
R398,1692,2875,40,30,0,1510E
R399,1694,2876,40,30,0,1500E
R400,1697,2877,40,30,0,1500E
R401,1699,2879,40,30,0,1500E
R402,1702,2880,40,30,0,1510E
R403,1704,2881,40,30,0,1510E
R404,1708,2883,40,20,0,1510E
R405,1710,2884,40,20,0,1520E
R406,1714,2885,40,20,0,1520E
R407,1717,2885,40,20,0,1520E
R408,1719,2885,40,20,0,1540E
R409,1721,2885,40,20,0,1540E
R410,1724,2884,40,20,0,1540E
R411,1726,2882,40,20,0,1530E
R412,1729,2880,40,20,0,1530E
R413,1732,2878,40,20,0,1530E
R414,1734,2875,40,20,0,1540E
R415,1736,2873,40,20,0,1540E
R416,1739,2869,40,20,0,1540E
R417,1742,2866,40,20,0,1540E
R418,1744,2863,40,20,0,1540E
R419,1746,2861,40,19,0,1540E
R420,1748,2860,40,19,0,1510E
R421,1750,2858,40,20,0,1510E
R422,1753,2856,40,20,0,1510E
R423,1755,2853,40,20,0,1490E
R424,1756,2851,40,19,0,1490E
R425,1758,2849,40,20,0,1490E
R426,1761,2846,40,20,0,1460E
R427,1763,2844,40,19,0,1460E
R428,1765,2843,40,16,0,1460E
R429,1767,2840,40,16,0,1420E
R430,1769,2839,40,14,0,1420E
R431,1772,2838,40,14,0,1420E
R432,1774,2837,40,15,0,1420E
R433,1777,2836,40,15,0,1420E
R434,1779,2834,40,15,0,1420E
R435,1780,2831,40,15,0,1390E
R436,1783,2827,40,15,0,1390E
R437,1784,2824,40,15,0,1390E
R438,1786,2821,40,15,0,1360E
R439,1789,2819,40,15,0,1360E
R440,1790,2816,40,15,0,1360E
R441,1792,2813,40,15,0,1340E
R442,1794,2810,40,15,0,1340E
R443,1796,2808,40,15,0,1340E
R444,1798,2806,40,15,0,1320E
R445,1800,2804,40,15,0,1320E
R446,1802,2803,40,15,0,1320E
R447,1804,2802,40,15,0,1300E
R448,1806,2800,40,15,0,1300E
R449,1809,2799,40,15,0,1300E
R450,1811,2798,40,15,0,1320E
R451,1813,2797,40,15,0,1320E
R452,1816,2796,40,15,0,1320E
R453,1818,2795,40,15,0,1330E
R454,1820,2794,40,15,0,1330E
R455,1822,2793,40,15,0,1330E
R456,1824,2793,40,15,0,1310E
R457,1827,2792,40,15,0,1310E
R458,1829,2791,40,15,0,1310E
R459,1831,2790,40,15,0,1320E
R460,1833,2788,40,15,0,1320E
R461,1835,2787,40,15,0,1320E
R462,1837,2786,40,15,0,1310E
R463,1839,2786,40,15,0,1310E
R464,1841,2786,40,15,0,1310E
R465,1844,2786,40,15,0,1320E
R466,1846,2786,40,15,0,1320E
R467,1848,2786,40,11,0,1320E
R468,1850,2786,40,10,0,1300E
R469,1852,2786,40,10,0,1300E
R470,1854,2786,40,10,0,1300E
R471,1856,2786,40,10,0,1290E
R472,1858,2786,40,10,0,1290E
R473,1860,2785,40,10,0,1290E
R474,1862,2784,40,10,0,1280E
R475,1864,2781,40,10,0,1280E
R476,1866,2778,40,10,0,1280E
R477,1868,2776,40,10,0,1270E
R478,1871,2774,40,10,0,1270E
R479,1873,2771,40,10,0,1270E
R480,1876,2770,40,10,0,1300E
R481,1877,2768,40,10,0,1300E
R482,1880,2766,40,10,0,1300E
R483,1881,2765,40,10,0,1270E
R484,1882,2763,40,10,0,1270E
R485,1884,2762,40,10,0,1270E
R486,1886,2760,40,10,0,1230E
R487,1887,2758,40,10,0,1230E
R488,1889,2757,42,10,0,1230E
R489,1891,2755,44,10,0,1190E
R490,1893,2753,43,10,0,1190E
R491,1895,2751,44,10,0,1190E
R492,1897,2750,44,10,0,1190E
R493,1899,2748,44,10,0,1190E
R494,1901,2747,44,10,0,1190E
R495,1903,2746,45,10,0,1190E
R496,1905,2746,45,10,0,1190E
R497,1906,2746,45,10,0,1190E
R498,1908,2745,45,10,0,1170E
R499,1910,2745,45,10,0,1170E
R500,1911,2745,45,10,0,1170E
R501,1913,2745,45,10,0,1150E
R502,1915,2745,45,10,0,1150E
R503,1916,2745,45,10,0,1150E
R504,1918,2745,45,10,0,1130E
R505,1920,2745,45,10,0,1130E
R506,1922,2745,45,10,0,1130E
R507,1923,2744,45,10,0,1110E
R508,1925,2744,45,10,0,1110E
R509,1927,2742,45,10,0,1110E
R510,1928,2742,45,10,0,1100E
R511,1931,2741,45,10,0,1100E
R512,1933,2741,45,10,0,1100E
R513,1934,2741,45,10,0,1110E
R514,1937,2740,45,10,0,1110E
R515,1938,2740,45,10,0,1110E
R516,1940,2740,45,10,0,1120E
R517,1943,2740,45,10,0,1120E
R518,1944,2740,45,10,0,1120E
R519,1946,2740,45,10,0,1130E
R520,1948,2741,45,10,0,1130E
R521,1951,2742,45,10,0,1130E
R522,1953,2742,45,10,0,1160E
R523,1955,2744,45,10,0,1160E
R524,1957,2744,45,10,0,1160E
R525,1959,2745,45,10,0,1160E
R526,1961,2745,45,10,0,1160E
R527,1962,2745,45,10,0,1160E
R528,1965,2744,45,10,0,1140E
R529,1966,2744,45,10,0,1140E
R530,1969,2744,45,10,0,1140E
R531,1971,2744,45,10,0,1170E
R532,1972,2744,45,10,0,1170E
R533,1974,2744,45,10,0,1170E
R534,1977,2744,45,10,0,1180E
R535,1979,2744,45,10,0,1180E
R536,1981,2744,45,10,0,1180E
R537,1983,2745,45,10,0,1180E
R538,1986,2746,45,10,0,1180E
R539,1987,2747,45,10,0,1180E
R540,1989,2748,45,10,0,1180E
R541,1991,2748,45,10,0,1180E
R542,1993,2749,45,10,0,1180E
R543,1994,2750,45,10,0,1160E
R544,1997,2750,45,10,0,1160E
R545,1999,2750,45,10,0,1160E
R546,2001,2750,45,10,0,1190E
R547,2003,2750,45,10,0,1190E
R548,2005,2752,45,10,0,1190E
R549,2007,2753,45,10,0,1190E
R550,2010,2753,45,10,0,1190E
R551,2012,2753,45,10,0,1190E
R552,2014,2753,45,10,0,1210E
R553,2017,2753,45,10,0,1210E
R554,2019,2754,45,10,0,1210E
R555,2020,2755,45,10,0,1210E
R556,2022,2755,45,10,0,1210E
R557,2025,2755,45,10,0,1210E
R558,2027,2756,45,10,0,1230E
R559,2029,2756,45,10,0,1230E
R560,2031,2756,45,10,0,1230E
R561,2033,2756,45,10,0,1220E
R562,2034,2756,45,10,0,1220E
R563,2037,2756,45,10,0,1220E
R564,2038,2756,45,10,0,1200E
R565,2040,2756,45,10,0,1200E
R566,2042,2756,45,10,0,1200E
R567,2044,2756,45,10,0,1200E
R568,2046,2757,45,10,0,1200E
R569,2048,2758,45,10,0,1200E
R570,2050,2758,45,5,0,1200E
R571,2053,2758,45,5,0,1200E
R572,2055,2759,45,5,0,1200E
R573,2057,2759,45,5,0,1220E
R574,2059,2759,45,5,0,1220E
R575,2060,2759,45,5,0,1220E
R576,2063,2757,45,5,0,1210E
R577,2065,2754,45,5,0,1210E
R578,2066,2749,45,5,0,1210E
R579,2069,2744,45,5,0,1190E
R580,2070,2739,45,5,0,1190E
R581,2072,2733,45,5,0,1190E
R582,2074,2728,45,5,0,1190E
R583,2076,2724,45,5,0,1190E
R584,2078,2719,45,5,0,1190E
R585,2079,2714,45,5,0,1180E
R586,2082,2710,45,5,0,1180E
R587,2084,2705,45,5,0,1180E
R588,2086,2699,45,5,0,1200E
R589,2088,2694,45,5,0,1200E
R590,2090,2690,45,5,0,1200E
R591,2092,2685,45,5,0,1200E
R592,2094,2681,45,5,0,1200E
R593,2096,2677,45,5,0,1200E
R594,2097,2673,45,5,0,1180E
R595,2099,2669,45,5,0,1180E
R596,2101,2665,45,5,0,1180E
R597,2102,2661,45,5,0,1160E
R598,2104,2657,45,5,0,1160E
R599,2105,2654,45,5,0,1160E
R600,2107,2650,45,5,0,1140E
R601,2109,2647,45,5,0,1140E
R602,2110,2645,45,5,0,1140E
R603,2112,2642,45,5,0,1120E
R604,2113,2640,45,5,0,1120E
R605,2114,2638,45,5,0,1120E
R606,2115,2636,45,5,0,1060E
R607,2116,2635,45,5,0,1060E
R608,2117,2633,45,5,0,1060E
R609,2119,2631,45,5,0,1020E
R610,2119,2630,45,5,0,1020E
R611,2121,2629,45,5,0,1020E
R612,2122,2627,45,5,0,960E
R613,2123,2626,45,5,0,960E
R614,2125,2625,45,5,0,960E
R615,2126,2624,45,5,0,930E
R616,2128,2623,45,5,0,930E
R617,2129,2622,45,5,0,930E
R618,2130,2622,45,5,0,900E
R619,2131,2621,45,5,0,900E
R620,2133,2620,45,5,0,900E
R621,2134,2619,45,5,0,880E
R622,2135,2617,45,5,0,880E
R623,2136,2616,45,5,0,880E
R624,2137,2615,45,5,0,840E
R625,2139,2615,45,5,0,840E
R626,2139,2614,45,5,0,840E
R627,2140,2613,45,5,0,800E
R628,2142,2613,45,5,0,800E
R629,2143,2612,45,5,0,800E
R630,2144,2611,45,5,0,800E
R631,2145,2610,45,5,0,800E
R632,2146,2610,45,5,0,800E
R633,2147,2610,45,5,0,770E
R634,2147,2609,45,5,0,770E
R635,2149,2609,45,5,0,770E
R636,2150,2609,45,5,0,740E
R637,2151,2609,45,5,0,740E
R638,2152,2609,45,5,0,740E
R639,2153,2609,45,5,0,720E
R640,2154,2609,45,5,0,720E
R641,2156,2609,45,5,0,720E
R642,2157,2609,45,5,0,730E
R643,2158,2609,45,5,0,730E
R644,2160,2609,45,5,0,730E
R645,2162,2609,45,5,0,740E
R646,2163,2609,45,5,0,740E
R647,2164,2609,45,5,0,740E
R648,2165,2609,45,5,0,750E
R649,2167,2609,45,5,0,750E
R650,2168,2609,45,5,0,750E
R651,2170,2609,45,5,0,780E
R652,2171,2609,45,5,0,780E
R653,2173,2609,45,2,0,780E
R654,2174,2609,45,2,0,780E
R655,2176,2609,45,1,0,780E
R656,2177,2609,45,0,0,780E
R657,2178,2609,45,1,0,780E
R658,2180,2609,45,1,0,780E
R659,2181,2608,45,1,0,780E
R660,2182,2607,45,1,0,780E
R661,2183,2605,45,1,0,780E
R662,2185,2601,45,1,0,780E
R663,2186,2598,45,1,0,780E
R664,2187,2594,45,1,0,780E
R665,2188,2590,45,1,0,780E
R666,2190,2587,45,1,0,780E
R667,2191,2582,45,1,0,780E
R668,2192,2579,45,1,0,780E
R669,2193,2576,45,1,0,770E
R670,2195,2571,45,1,0,770E
R671,2197,2568,45,1,0,770E
R672,2197,2565,45,1,0,770E
R673,2198,2562,45,1,0,770E
R674,2200,2559,45,1,0,770E
R675,2202,2556,45,1,0,770E
R676,2203,2554,45,1,0,770E
R677,2204,2551,45,1,0,770E
R678,2205,2549,45,1,0,770E
R679,2206,2547,45,1,0,770E
R680,2208,2544,45,1,0,770E
R681,2210,2542,45,1,0,790E
R682,2211,2541,45,1,0,790E
R683,2212,2539,45,1,0,790E
R684,2214,2537,45,1,0,790E
R685,2215,2536,45,1,0,790E
R686,2216,2535,42,1,0,790E
R687,2218,2533,47,1,0,790E
R688,2220,2532,49,1,0,790E
R689,2221,2531,50,1,0,790E
R690,2224,2530,50,1,0,820E
R691,2225,2529,50,1,0,820E
R692,2226,2529,50,1,0,820E
R693,2227,2528,50,1,0,800E
R694,2229,2527,50,1,0,800E
R695,2230,2527,50,1,0,800E
R696,2231,2526,50,1,0,800E
R697,2233,2525,50,1,0,800E
R698,2234,2525,50,0,0,800E
R699,2236,2523,50,1,0,820E
R700,2238,2522,50,1,0,820E
R701,2239,2522,50,1,0,820E
R702,2241,2521,50,1,0,840E
R703,2242,2520,50,1,0,840E
R704,2244,2519,50,1,0,840E
R705,2245,2517,50,1,0,830E
R706,2247,2514,50,1,0,830E
R707,2248,2511,50,1,0,830E
R708,2250,2507,50,1,0,850E
R709,2252,2505,50,1,0,850E
R710,2254,2503,50,1,0,850E
R711,2255,2503,50,1,0,860E
R712,2257,2503,50,1,0,860E
R713,2258,2503,50,1,0,860E
R714,2260,2503,50,1,0,880E
R715,2261,2503,50,1,0,880E
R716,2263,2503,50,1,0,880E
R717,2265,2504,50,1,0,890E
R718,2267,2504,50,1,0,890E
R719,2268,2505,50,1,0,890E
R720,2270,2505,50,1,0,900E
R721,2272,2505,50,1,0,900E
R722,2274,2506,50,0,0,900E
R723,2275,2506,50,0,0,910E
R724,2277,2506,50,0,0,910E
R725,2279,2506,50,0,0,910E
R726,2281,2506,50,0,0,940E
R727,2283,2506,50,0,0,940E
R728,2284,2506,50,0,0,940E
R729,2285,2506,50,0,0,920E
R730,2287,2507,50,0,0,920E
R731,2288,2507,50,0,0,920E
R732,2290,2507,50,0,0,930E
R733,2291,2506,50,0,0,930E
R734,2293,2504,50,0,0,930E
R735,2295,2501,50,0,0,940E
R736,2297,2498,50,0,0,940E
R737,2299,2496,50,0,0,940E
R738,2300,2494,50,0,0,940E
R739,2302,2490,50,0,0,940E
R740,2303,2487,50,0,0,940E
R741,2304,2484,50,0,0,930E
R742,2306,2480,50,0,0,930E
R743,2307,2477,50,0,0,930E
R744,2308,2474,50,0,0,920E
R745,2310,2471,50,0,0,920E
R746,2311,2468,50,0,0,920E
R747,2312,2465,50,0,0,900E
R748,2313,2463,50,0,0,900E
R749,2314,2460,50,0,0,900E
R750,2316,2457,50,0,0,890E
R751,2317,2455,50,0,0,890E
R752,2319,2453,50,0,0,890E
R753,2320,2450,50,0,0,880E
R754,2322,2448,50,0,0,880E
R755,2324,2446,50,0,0,880E
P1690,778,79,1600,360,2000,545,278,210,2325,755E
